Epoch	AverageEpRet	StdEpRet	MaxEpRet	MinEpRet	EpLen	AverageVVals	StdVVals	MaxVVals	MinVVals	TotalEnvInteracts	LossPi	LossV	DeltaLossPi	DeltaLossV	Entropy	KL	Time
0	4532.165	68.02616	4625.436	4468.7607	1000.0	-0.09632877	0.7135405	2.7159443	-2.4512682	5000	0.016827216	176676.58	-0.07884651	-11793.8125	15.631581	0.008633124	10.223304748535156
1	4522.961	66.754105	4642.3086	4452.3286	1000.0	14.390951	1.1465374	14.724944	-5.1937943	10000	0.004426819	163805.89	-0.045296453	-5178.8125	15.631253	0.0020188144	19.52045702934265
2	4533.6553	70.945625	4650.055	4472.2593	1000.0	20.596628	3.3198254	21.049818	-20.185432	15000	-0.013749084	158728.0	-0.03999035	-4712.8125	15.58352	0.0013544674	28.915914058685303
3	4489.2495	36.185856	4536.787	4425.145	1000.0	26.637556	1.2323381	26.732891	-18.121162	20000	0.029564997	151821.5	-0.027974568	-4153.7812	15.620884	0.0014121153	38.1697518825531
4	4483.6006	42.850285	4535.811	4418.8125	1000.0	32.057064	1.7839361	32.169056	-30.177097	25000	0.003117813	147003.03	-0.025825223	-3977.0625	15.595397	0.00015689067	47.573644161224365
5	4494.4404	31.309563	4543.1787	4448.027	1000.0	37.32581	1.9795966	37.46194	-29.444603	30000	0.023853995	143503.4	-0.024273481	-3905.625	15.646112	0.0006515266	57.13583421707153
6	4512.325	35.683094	4541.268	4443.641	1000.0	42.634262	0.96348745	42.67883	-0.76001585	35000	0.02842024	140059.64	-0.024267226	-3762.7031	15.620741	0.0011775024	66.50720429420471
7	4507.1865	40.190487	4579.218	4462.7783	1000.0	47.80555	0.7276709	47.84524	23.051834	40000	0.06412626	136481.66	-0.015572432	-3675.4688	15.5630455	-0.00015345574	76.0660047531128
8	4563.8486	58.98957	4647.4487	4469.9097	1000.0	52.94265	0.3935884	52.95707	31.207516	45000	0.040196575	137366.12	-0.017193947	-3668.3125	15.678736	0.0017093364	85.56148362159729
9	4514.473	34.753506	4562.268	4455.265	1000.0	58.07236	0.14675424	58.07907	50.305443	50000	0.003343364	130530.28	-0.015619504	-3503.1562	15.670069	0.00013899994	95.15721797943115
10	4499.2744	22.720879	4537.263	4473.319	1000.0	63.06121	1.7593216	63.1053	-56.85538	55000	0.008962256	125997.195	-0.0168159	-3423.9453	15.612491	0.00093396206	105.59071588516235
11	4504.2773	28.825949	4553.076	4467.9106	1000.0	68.043335	0.8001166	68.0669	23.251657	60000	-0.03285827	122760.76	-0.013686631	-3333.1328	15.669334	0.00029754353	116.1630847454071
12	4517.525	52.04954	4578.1094	4421.548	1000.0	72.96825	1.0360761	72.988914	0.23644763	65000	0.023892602	119757.19	-0.012249966	-3262.1328	15.636347	-0.0005714445	126.24403929710388
13	4581.5146	65.42173	4691.36	4492.004	1000.0	77.85046	1.3124186	77.87716	-11.960438	70000	-0.0183216	121008.48	-0.016723353	-3292.5703	15.533409	0.0010216263	136.43507766723633
14	4488.3066	45.524254	4539.7607	4417.662	1000.0	82.78023	0.55211425	82.80073	52.4863	75000	-0.0005967102	112683.24	-0.013840927	-3105.1328	15.592028	0.0006447878	146.8370885848999
15	4511.3916	27.400867	4540.0938	4473.6763	1000.0	87.56663	2.466836	87.61161	-83.45867	80000	-0.007971207	110575.62	-0.012102691	-3057.3594	15.619466	1.7529297e-05	157.358722448349
16	4506.869	80.04485	4614.3984	4391.1973	1000.0	92.35764	1.99785	92.40121	-8.846135	85000	0.05821689	107351.56	-0.0147337355	-2994.9766	15.61673	0.00077019044	168.17534923553467
17	4508.2334	43.591614	4578.1978	4442.843	1000.0	97.12288	1.2277018	97.14646	11.096945	90000	-0.016361304	103708.43	-0.01505252	-2909.1562	15.639092	0.0013306484	178.67325830459595
18	4500.836	57.420033	4573.095	4433.683	1000.0	101.69169	4.6957645	101.86198	-98.269844	95000	0.03490611	101873.234	-0.01043023	-2978.3203	15.580879	-0.00036575412	189.35240578651428
19	4513.151	59.37515	4587.116	4430.426	1000.0	106.51132	1.7773148	106.55852	-6.414653	100000	0.029448606	98596.91	-0.014821195	-2824.1016	15.593486	-0.0005102537	199.73124504089355
20	4547.522	18.304659	4565.9136	4515.282	1000.0	110.95487	4.6625094	111.23088	-53.10965	105000	0.043852564	98751.984	-0.016205512	-2987.164	15.637428	-0.00011052933	210.7431879043579
21	4522.2695	79.04936	4667.904	4457.7256	1000.0	115.89603	1.2205622	115.93448	43.811234	110000	0.024964951	93472.125	-0.014848773	-2708.6562	15.576903	0.0003137129	221.41086959838867
22	4489.3447	21.91436	4530.6157	4466.627	1000.0	120.54999	0.8949102	120.56465	57.39129	115000	0.07345422	88798.56	-0.0129117295	-2591.3906	15.633505	0.00055027026	232.0379319190979
23	4489.001	52.903873	4579.124	4434.48	1000.0	125.10722	0.6579354	125.12851	96.0969	120000	0.013243597	86196.98	-0.012876092	-2537.5703	15.633331	0.0011402112	242.7271339893341
24	4531.197	63.302776	4617.303	4458.187	1000.0	129.6077	3.0877128	129.66531	-86.770584	125000	-0.078365885	85441.76	-0.010529645	-2555.789	15.637588	0.00090922375	253.47030758857727
25	4510.131	47.793877	4572.9824	4428.043	1000.0	134.1538	2.9431772	134.21904	-45.591633	130000	-0.059670318	83725.55	-0.011916932	-2511.5781	15.659909	0.0017828827	264.26167154312134
26	4511.118	43.615906	4568.1885	4463.541	1000.0	138.74109	0.77902734	138.76625	99.023186	135000	0.01007279	79067.05	-0.008845031	-2391.3203	15.587206	-0.0010565744	274.781129360199
27	4555.3477	45.154205	4639.398	4513.143	1000.0	143.12572	4.7323112	143.24539	-95.87246	140000	-0.07183824	80106.914	-0.012262657	-2496.4922	15.629256	0.00042775975	285.4530324935913
28	4503.626	90.01173	4674.073	4417.4565	1000.0	147.7017	2.489647	147.77226	34.67236	145000	-0.024609331	74745.5	-0.014190052	-2319.9219	15.6669	0.0001726965	296.2087869644165
29	4482.759	49.155388	4563.391	4437.9043	1000.0	152.19748	0.3019083	152.20569	132.33667	150000	0.007078064	71606.734	-0.011978226	-2206.336	15.723417	0.00059568236	306.69300532341003
30	4451.9683	22.712465	4489.8687	4420.1235	1000.0	156.58354	0.23420838	156.59161	146.07112	155000	-0.01571465	67612.69	-0.012562817	-2091.6875	15.5978	0.0008932169	317.81818890571594
31	4512.706	33.990738	4553.9355	4460.326	1000.0	160.8556	2.661937	160.89575	-27.250135	160000	-0.014026635	68436.875	-0.009102265	-2171.75	15.687454	0.00051455764	328.51960372924805
32	4472.177	18.702658	4501.4346	4454.942	1000.0	165.27078	0.098453395	165.27426	160.11594	165000	-0.03722396	64753.816	-0.0115730725	-2044.875	15.653075	-1.1246299e-05	339.2065246105194
33	4529.6455	61.98264	4648.6064	4473.185	1000.0	169.53674	2.4323454	169.58835	0.09854603	170000	0.018538978	65601.664	-0.012583174	-2106.4531	15.572633	-0.00044526785	349.9057676792145
34	4556.587	109.09186	4723.1353	4425.5283	1000.0	173.82597	4.1950383	173.95114	-21.20333	175000	0.017148748	64636.92	-0.0115127675	-2154.0938	15.626678	-0.00016690597	360.53909826278687
35	4551.3867	64.81893	4661.8013	4467.4033	1000.0	178.27284	2.3545775	178.34401	24.132391	180000	-0.026089374	62573.605	-0.011311378	-2059.5977	15.625724	0.00037799586	371.3361999988556
36	4533.2	27.619764	4563.27	4485.6987	1000.0	182.65187	1.7198257	182.71231	86.22321	185000	-0.010700873	59834.727	-0.012819416	-1975.7969	15.612122	-0.00047176227	382.1348514556885
37	4533.377	35.80315	4580.651	4476.095	1000.0	187.01598	0.3931045	187.02872	164.78517	190000	-0.11153672	57492.89	-0.012908265	-1906.5977	15.612488	0.0015497347	392.75733733177185
38	4496.413	38.95651	4553.3984	4454.9106	1000.0	191.30067	1.0125451	191.31938	121.46976	195000	-0.070718415	54120.652	-0.013074994	-1802.7148	15.664207	0.00058525446	403.3226137161255
39	4565.9736	51.503086	4653.575	4511.268	1000.0	195.52647	0.13203214	195.53163	190.0594	200000	-0.019724542	55502.098	-0.00979336	-1850.0234	15.602625	-0.00046967182	414.03020453453064
40	4534.3994	57.872845	4608.4053	4432.8496	1000.0	199.72005	3.7799108	199.81937	-49.659786	205000	0.04254758	52671.312	-0.011842014	-1830.332	15.6048565	-0.0005583332	426.0014069080353
41	4517.6753	39.690224	4591.3384	4481.13	1000.0	204.02776	0.92415583	204.05215	156.92339	210000	-0.06840743	50066.727	-0.01105316	-1693.7812	15.6757965	4.9812126e-05	436.3787543773651
42	4537.357	62.845444	4637.273	4477.785	1000.0	208.11897	4.595134	208.21175	-110.16588	215000	0.054630384	48940.38	-0.01343688	-1702.4883	15.5954685	0.00071540585	447.0513505935669
43	4504.8545	37.56918	4544.7954	4437.53	1000.0	212.33812	1.8663825	212.38657	88.75414	220000	-0.077887796	45517.23	-0.013109207	-1591.7109	15.614916	0.0015339924	457.6979110240936
44	4540.38	16.379993	4557.0024	4514.908	1000.0	216.42215	2.5265696	216.4661	38.589832	225000	0.004088574	45200.797	-0.011393482	-1597.6719	15.617153	0.0013094988	468.50205087661743
45	4567.675	82.25639	4672.932	4440.0396	1000.0	220.5478	1.9552474	220.57895	82.437706	230000	0.05749568	45351.066	-0.010055818	-1597.7422	15.710681	0.00049277954	479.2927222251892
46	4581.804	37.550777	4631.5327	4540.36	1000.0	224.67575	2.1009743	224.72754	91.897255	235000	0.09627272	43753.812	-0.014117338	-1576.8672	15.608556	-0.0006446823	490.1643967628479
47	4535.853	48.041103	4593.4644	4447.4604	1000.0	228.81026	2.0767543	228.87515	124.38638	240000	0.040150322	40617.125	-0.01063033	-1486.0703	15.6852	-0.00040156516	501.0295910835266
48	4528.1846	64.86669	4615.983	4419.2026	1000.0	232.83745	4.06336	232.9275	-10.184095	245000	0.031499602	39479.44	-0.011828184	-1470.582	15.610787	0.0012581868	511.6820249557495
49	4467.843	35.0955	4518.508	4413.5137	1000.0	236.88828	1.7853189	236.95842	155.29764	250000	-0.0535157	35434.06	-0.013775062	-1305.6055	15.615665	-0.00013940106	522.3180441856384
50	4568.0586	38.945724	4610.9556	4503.93	1000.0	240.75783	2.705638	240.81825	56.736305	255000	-0.030849658	37923.84	-0.011769213	-1414.0	15.662285	0.000860088	533.3946764469147
51	4543.164	34.567528	4588.87	4491.3984	1000.0	244.84555	0.26564604	244.85126	226.75713	260000	0.041263115	35430.242	-0.010326875	-1306.4297	15.625031	0.00022848797	544.0931549072266
52	4512.86	42.222595	4584.1294	4467.904	1000.0	248.8146	0.293378	248.82033	228.23566	265000	-0.020948224	33539.527	-0.00949076	-1231.998	15.679127	0.00046602706	554.9987378120422
53	4502.9795	74.24467	4644.1396	4443.0166	1000.0	252.6426	3.7247021	252.70744	-8.5479	270000	-0.026636774	31831.068	-0.012113592	-1206.7422	15.564157	0.0011195658	566.0644669532776
54	4512.573	40.51541	4554.7065	4443.1255	1000.0	256.53326	0.26494572	256.54028	239.92464	275000	0.025108585	30477.875	-0.009942185	-1145.209	15.62311	-4.8957063e-05	577.078498840332
55	4529.7	46.396633	4615.7188	4478.789	1000.0	260.35226	0.13051368	260.35535	251.97859	280000	0.00716033	29732.672	-0.010198411	-1144.0508	15.590096	0.0009104473	587.9435262680054
56	4483.5405	46.809887	4576.6045	4455.2007	1000.0	264.05798	3.5871036	264.1771	53.097507	285000	-0.0021100587	27370.105	-0.012054883	-1071.9902	15.665313	0.0003056244	598.6727547645569
57	4520.2256	24.224503	4560.5405	4490.5405	1000.0	267.8358	1.2093948	267.8628	189.4888	290000	0.024247076	27537.424	-0.013192822	-1041.9766	15.673003	0.0005897789	609.291702747345
58	4513.126	30.930168	4569.693	4475.3726	1000.0	271.57834	1.1490959	271.59918	192.85416	295000	0.018062836	26228.12	-0.012489142	-998.459	15.653697	0.0007784134	619.9131982326508
59	4518.818	42.562923	4590.153	4477.582	1000.0	275.2871	0.3255532	275.29428	253.64136	300000	-0.06414024	25364.809	-0.009953044	-964.625	15.606003	0.0006090746	630.8455491065979
60	4536.0796	30.08735	4580.622	4499.756	1000.0	278.9469	1.1314735	278.97238	203.44942	305000	0.03692004	25163.328	-0.012959121	-977.49414	15.641725	-1.0402679e-05	642.0915298461914
61	4485.2773	29.728352	4536.6577	4446.4517	1000.0	282.6388	1.0731627	282.67108	224.75128	310000	0.068512104	22307.75	-0.011768643	-889.4629	15.681975	0.0008885735	652.7436249256134
62	4578.4536	37.42561	4612.133	4521.0264	1000.0	285.96445	7.6811714	286.23636	-169.93724	315000	0.044848267	24395.703	-0.010348838	-1140.5312	15.64205	2.1404267e-05	663.6016235351562
63	4531.952	54.919468	4617.058	4470.7007	1000.0	289.94574	1.6576421	289.99203	178.16638	320000	0.015187625	22341.5	-0.010238323	-867.3457	15.620722	-0.00021449737	674.7742147445679
64	4512.922	14.476032	4526.74	4484.9727	1000.0	293.5748	1.2962884	293.6056	205.05884	325000	0.045294046	20693.885	-0.009777095	-794.6719	15.67942	5.3188895e-05	685.2047605514526
65	4554.1074	51.698967	4626.8047	4493.609	1000.0	297.0611	2.154552	297.10696	170.85178	330000	0.03288047	21083.92	-0.009423807	-817.959	15.665031	-0.00071895064	695.9700021743774
66	4509.529	47.829212	4597.219	4467.6904	1000.0	300.5175	7.401165	300.6711	-181.94708	335000	0.05132335	18946.92	-0.011824373	-803.1035	15.577459	-0.00010456124	706.9425160884857
67	4578.8643	54.672222	4665.7837	4499.6626	1000.0	304.0468	3.6271734	304.10892	50.6406	340000	-0.0807878	20329.508	-0.009976871	-801.00586	15.632637	0.00031168023	717.9086880683899
68	4514.702	35.2509	4577.7705	4480.05	1000.0	307.66443	0.1933387	307.67007	297.5613	345000	-0.044478763	17741.002	-0.010862801	-664.6953	15.684972	8.8748166e-05	729.0440051555634
69	4516.356	18.648571	4538.3975	4483.4736	1000.0	311.02206	1.2066922	311.0421	225.82483	350000	0.045395847	16960.3	-0.016365778	-664.14355	15.610641	0.0012722906	740.1799817085266
70	4547.5557	56.579582	4650.736	4489.0728	1000.0	314.27588	4.3247676	314.37225	37.598766	355000	0.010922138	17459.27	-0.009223376	-707.1387	15.703553	0.0006857189	751.4599854946136
71	4521.872	42.5675	4565.5244	4448.687	1000.0	317.75854	0.4580987	317.76895	286.10037	360000	-0.036118247	16100.437	-0.01492101	-601.5918	15.726142	-0.000360326	762.171059846878
72	4508.3267	22.342583	4549.6987	4482.32	1000.0	320.72134	7.9522805	321.08096	-7.2958627	365000	0.028466504	15283.331	-0.011641931	-726.6299	15.621563	-1.0082435e-05	772.9114897251129
73	4536.6665	80.49619	4644.349	4444.099	1000.0	324.25504	0.7493343	324.27396	279.1171	370000	0.0028258453	15459.837	-0.016526818	-545.4912	15.676361	0.0012808668	783.9094884395599
74	4483.0166	49.796143	4543.0024	4422.1523	1000.0	327.4805	0.70353067	327.49646	278.8509	375000	0.0015687073	13585.491	-0.009272153	-471.06348	15.65533	0.00014842396	794.8207693099976
75	4504.5767	29.278229	4543.341	4473.5957	1000.0	330.4928	1.8125657	330.54172	241.0995	380000	-0.04964127	14060.688	-0.011647444	-474.05762	15.624606	0.0008321945	805.6733419895172
76	4506.966	50.868572	4567.31	4419.4917	1000.0	333.45523	4.7998276	333.5805	63.347874	385000	0.017870586	13296.536	-0.012005853	-467.25195	15.592297	0.00077613833	816.2165765762329
77	4488.396	44.644333	4546.2456	4434.1084	1000.0	336.47894	6.28726	336.61475	-99.28698	390000	-0.055124536	12350.771	-0.012291774	-422.46582	15.608369	-3.626728e-05	827.0106673240662
78	4553.97	43.379894	4606.8623	4501.2485	1000.0	339.43512	2.367035	339.48953	183.48532	395000	0.030496558	13533.064	-0.01338689	-467.5996	15.655237	-0.00026557714	838.0194532871246
79	4530.4307	17.42604	4554.8228	4510.7563	1000.0	342.56332	0.13760321	342.5686	335.10928	400000	-0.0014161759	12589.839	-0.008508153	-381.8457	15.672169	-0.00032043134	848.728666305542
80	4604.689	77.01064	4689.992	4491.681	1000.0	345.29105	9.715638	345.5094	-280.52304	405000	-0.01567633	13167.133	-0.009210449	-597.38477	15.626839	0.00044296056	860.2072520256042
81	4557.4893	46.400566	4612.054	4491.404	1000.0	348.5451	3.7804942	348.68466	112.72863	410000	0.073625974	12302.713	-0.016687095	-414.36133	15.6143	0.00087370625	871.212813615799
82	4492.5723	52.120235	4586.626	4441.2646	1000.0	351.50497	4.272921	351.64102	158.93536	415000	-0.070479125	10372.218	-0.010449395	-318.56543	15.542022	-0.0003306513	881.8703286647797
83	4491.9243	58.75597	4573.7866	4437.2837	1000.0	354.1812	1.1960117	354.22476	287.7974	420000	-0.069287084	10319.638	-0.01650276	-432.59082	15.603652	0.0007944319	892.775720834732
84	4551.2954	50.53683	4615.913	4485.466	1000.0	355.5921	5.9502916	356.7887	300.70108	425000	0.036509454	10848.75	-0.013220169	-751.6904	15.640575	0.00054179423	903.4740877151489
85	4524.2603	69.31195	4634.993	4443.171	1000.0	358.1317	6.77181	359.57062	233.8218	430000	0.0074429717	9769.979	-0.012878217	-1482.5889	15.538343	-8.922138e-05	914.2479023933411
86	4539.466	39.593735	4607.2627	4491.7007	1000.0	354.28235	16.139145	362.35132	304.36514	435000	-0.058266185	10582.902	-0.012800969	-1785.7725	15.677741	0.0010723165	924.8506331443787
87	4535.16	26.241034	4568.4624	4508.33	1000.0	361.5412	14.293573	365.17078	-142.02104	440000	0.044555098	9817.483	-0.0149165	-1505.6738	15.66407	0.0006804659	935.6406683921814
88	4503.109	38.509293	4553.603	4441.267	1000.0	364.06104	11.90522	367.90854	148.62039	445000	0.013176983	9442.544	-0.015783405	-1317.0386	15.6321125	1.0758018e-05	946.8445994853973
89	4527.161	38.48921	4572.119	4476.8574	1000.0	365.2726	18.07429	370.3132	-28.835848	450000	0.001102887	9367.458	-0.01403717	-1154.8623	15.644374	0.0011679325	957.4953966140747
90	4539.3076	36.66043	4598.293	4506.801	1000.0	369.39035	13.113867	372.71356	229.15366	455000	-0.0032150666	8887.52	-0.009418568	-2227.2295	15.57152	-0.00035658875	969.0622129440308
91	4511.5024	67.784615	4629.7104	4457.0093	1000.0	367.83435	22.9767	375.37482	225.61794	460000	0.012192624	9088.707	-0.0098768035	-2150.9517	15.576114	0.00086697866	979.991854429245
92	4508.0063	69.558586	4608.4146	4400.2573	1000.0	370.56976	23.340853	377.95697	140.04633	465000	0.064075164	10094.293	-0.012595259	-2288.6953	15.643606	-0.00010885944	991.0234091281891
93	4545.5396	40.497684	4620.801	4507.373	1000.0	372.80063	26.236597	379.99536	-98.59025	470000	-0.0072963564	9397.582	-0.015385327	-1676.9946	15.636192	0.0011621441	1002.1521859169006
94	4485.0156	33.373253	4543.167	4441.4575	1000.0	378.202	18.03174	382.2778	80.316086	475000	0.017684875	7782.8306	-0.011193158	-2356.9512	15.584829	-0.00014166736	1013.2888510227203
95	4514.9014	52.729496	4601.89	4449.643	1000.0	365.61035	42.0064	384.57742	-235.33049	480000	-0.007020447	9785.739	-0.01437152	-3634.954	15.683703	0.0006577528	1023.9921443462372
96	4545.2803	26.98059	4568.078	4492.332	1000.0	361.77094	47.10496	386.92047	200.59993	485000	0.016519936	9938.914	-0.0104248505	-4094.579	15.641453	0.0011396429	1034.6220729351044
97	4560.3457	42.685833	4623.0503	4509.8066	1000.0	381.4238	27.033155	389.40167	175.30742	490000	0.038169518	8635.597	-0.0100798085	-1386.6846	15.600065	0.00036503468	1046.0885636806488
98	4591.475	65.41464	4717.1533	4538.0986	1000.0	384.7169	24.807268	391.64587	227.9328	495000	-0.016176794	9579.7	-0.011486391	-1534.8408	15.635367	0.00018036232	1056.8115565776825
99	4548.8467	26.46236	4582.362	4508.906	1000.0	389.13513	17.80935	393.63452	235.8831	500000	-0.07449785	8305.0205	-0.015232496	-934.5039	15.677592	0.002051796	1067.8171939849854
100	4544.5615	82.339836	4679.3853	4429.824	1000.0	389.96545	18.818127	395.355	173.72008	505000	-0.009681964	8301.094	-0.010635462	-1365.4409	15.657559	0.00087759475	1079.1259829998016
101	4475.873	49.80183	4557.209	4400.121	1000.0	393.48874	15.689627	397.0695	218.06091	510000	0.062300377	7864.3506	-0.011325236	-1604.8516	15.61015	0.00090406305	1089.8242809772491
102	4516.8047	68.88711	4612.0166	4431.8945	1000.0	384.012	33.220947	398.38803	129.7557	515000	-0.021998705	9177.493	-0.011583446	-2687.9766	15.672331	0.0009904499	1100.533814907074
103	4473.948	32.386555	4526.917	4442.997	1000.0	391.61664	21.280449	399.88208	95.83951	520000	-0.05764895	7847.4336	-0.016169071	-2196.0806	15.626294	0.00015821113	1111.8345172405243
104	4500.7827	28.426483	4533.4883	4452.546	1000.0	381.8455	34.469624	401.1412	186.0686	525000	-0.031346574	8076.4194	-0.011884	-3221.375	15.582721	-0.001630929	1122.783882856369
105	4551.4175	52.86493	4637.7485	4490.5283	1000.0	382.20142	39.876892	402.89758	154.84528	530000	0.07419217	10841.614	-0.011179596	-4138.9814	15.710839	-0.0007433561	1133.4153761863708
106	4527.366	44.428513	4583.581	4466.6343	1000.0	390.4755	30.435427	404.5025	150.92862	535000	-0.046950586	8700.994	-0.009340636	-3089.775	15.664878	0.0014725714	1144.40704703331
107	4586.0796	29.862421	4622.821	4542.3228	1000.0	393.196	28.208887	406.11542	179.48128	540000	-0.031115687	9179.522	-0.0099186655	-2303.5352	15.56096	0.00020728263	1155.1068012714386
108	4516.7197	42.810684	4581.505	4447.168	1000.0	394.21524	27.804892	407.68753	189.96414	545000	0.022535712	8393.97	-0.012760638	-2488.88	15.636366	0.00013353214	1166.0249495506287
109	4553.272	79.88031	4701.3843	4485.2954	1000.0	393.28046	30.14757	408.76514	165.49646	550000	0.013821112	9291.494	-0.009243384	-3101.0127	15.5599575	-0.00012101192	1176.757090330124
110	4514.2725	44.71231	4561.5454	4432.0405	1000.0	389.88644	35.778893	410.229	187.21362	555000	-0.057764247	9099.707	-0.012927771	-2998.7935	15.674288	8.645153e-05	1188.1952011585236
111	4525.2524	43.71701	4579.173	4446.63	1000.0	387.0927	42.03163	411.2888	125.52252	560000	0.026840264	8718.328	-0.014944546	-3784.8037	15.632656	0.0024417723	1199.0548362731934
112	4522.467	41.136856	4574.939	4457.816	1000.0	385.17413	46.08158	412.80527	84.1266	565000	0.0069383974	8979.502	-0.012467856	-3804.4053	15.59853	0.00011934738	1209.6084065437317
113	4530.9756	84.97075	4684.39	4455.7827	1000.0	398.99933	32.62936	414.18814	-255.44221	570000	0.026368856	8792.016	-0.016622562	-3044.859	15.673459	-0.00012893601	1220.509667634964
114	4561.966	68.42353	4682.3	4475.427	1000.0	385.9994	44.7552	415.35022	127.969894	575000	0.06586283	9267.148	-0.01408951	-3891.0005	15.618406	0.0002551138	1231.3510587215424
115	4506.739	49.01811	4584.582	4430.725	1000.0	394.78986	41.141735	416.91406	58.01011	580000	-0.06001929	7680.048	-0.012317214	-2634.755	15.60262	0.00054386695	1242.0539956092834
116	4512.331	62.343483	4616.671	4426.1826	1000.0	402.9106	32.776638	418.03888	131.77838	585000	0.06658542	9312.679	-0.011068679	-2942.963	15.619662	-0.0008825613	1253.0851957798004
117	4509.427	34.159565	4569.362	4462.9995	1000.0	398.04434	34.826992	418.07126	-32.273342	590000	-0.008787866	8054.885	-0.009817707	-3151.1504	15.5667	-0.00035477904	1263.6322524547577
118	4527.7725	27.643238	4562.002	4492.1304	1000.0	390.65646	43.955418	419.06375	91.545685	595000	-0.014427231	8883.188	-0.013919474	-3791.2744	15.588022	0.00028151856	1274.1824412345886
119	4516.9937	68.84219	4629.147	4434.0703	1000.0	403.08978	34.152252	420.14902	114.82918	600000	-0.08938717	7368.781	-0.010974519	-2983.7861	15.70638	0.00052778394	1284.9996075630188
120	4495.3247	29.3031	4553.469	4474.5293	1000.0	385.78864	52.2462	421.35657	35.79755	605000	-0.017443579	9330.325	-0.010313733	-4280.032	15.651916	6.476211e-05	1296.364144563675
121	4512.0728	42.64085	4587.4434	4454.6455	1000.0	399.7054	39.251225	422.30872	107.34609	610000	-0.04834716	8468.962	-0.011369571	-2873.54	15.627667	0.0011730314	1307.163414478302
122	4503.535	57.564484	4579.8315	4413.09	1000.0	394.26846	46.55602	422.6446	-79.80314	615000	-0.026950562	7750.2144	-0.01135462	-3486.559	15.629778	0.001089884	1318.2245848178864
123	4570.5854	33.905956	4604.046	4517.542	1000.0	392.0258	48.381668	423.8467	131.95482	620000	-0.04338363	10878.826	-0.013403941	-3755.5815	15.61315	-0.0008825884	1328.977749824524
124	4527.2656	47.186684	4595.9077	4473.588	1000.0	409.5366	29.50236	423.6466	43.05191	625000	0.009598508	7819.218	-0.013018204	-2620.9893	15.637766	0.0007521137	1339.8633728027344
125	4526.612	28.909313	4566.1196	4483.876	1000.0	399.4285	41.725655	424.08163	119.49061	630000	0.04205567	8301.546	-0.012153789	-3471.662	15.597747	0.00041973343	1351.2067856788635
126	4477.279	43.85478	4533.1787	4426.8843	1000.0	400.90845	40.730755	424.7931	-26.9308	635000	0.053266063	7465.895	-0.0133549385	-3220.9175	15.6450205	0.00080133457	1362.4761390686035
127	4513.1904	68.9687	4573.824	4380.784	1000.0	395.99146	45.0577	425.37222	131.86923	640000	-0.006109915	9559.521	-0.011127066	-3348.1562	15.614294	0.0007193777	1373.4276309013367
128	4558.301	68.703094	4644.9634	4456.7544	1000.0	402.4983	37.04188	425.13058	120.24263	645000	-0.03192782	9300.448	-0.012908079	-3039.4316	15.619775	0.0009339279	1384.4289212226868
129	4513.081	54.154846	4613.476	4462.2363	1000.0	400.46875	38.159008	425.1258	139.00516	650000	0.07565434	8849.167	-0.011910163	-3291.4	15.654656	0.00043312702	1395.1325767040253
130	4530.282	54.241077	4617.0664	4461.225	1000.0	403.32666	34.93861	425.64404	195.09668	655000	-0.011815782	8863.34	-0.013792961	-2999.8232	15.65248	0.0003003151	1406.5172634124756
131	4508.1167	25.641954	4540.9346	4479.5806	1000.0	401.7646	36.55464	425.77765	174.14569	660000	-0.026577625	9112.902	-0.010061968	-3208.233	15.661284	-5.730381e-05	1417.166729927063
132	4585.2666	38.504284	4634.694	4534.706	1000.0	394.12006	41.946236	425.909	115.68981	665000	0.06214266	10078.11	-0.013423793	-3616.98	15.647762	0.0007479805	1428.2082798480988
133	4541.2534	69.55998	4606.6123	4425.888	1000.0	402.1824	34.981983	426.73178	151.97726	670000	-0.017954001	9182.424	-0.0108967945	-2871.3252	15.480936	-2.224846e-05	1439.1935288906097
134	4545.3306	94.999756	4675.433	4425.32	1000.0	403.10034	35.25423	426.62848	36.935898	675000	-0.030610595	8730.989	-0.011882711	-2786.0112	15.733416	0.001211483	1450.1774425506592
135	4508.344	24.272343	4549.5107	4485.9937	1000.0	406.09906	33.392063	427.20264	170.15195	680000	-0.0058601685	8865.372	-0.012818478	-2897.4985	15.598185	0.00029261742	1460.8126204013824
136	4485.2783	33.170826	4542.1533	4450.4673	1000.0	390.19052	43.06283	427.36942	174.98235	685000	-0.052069966	8882.68	-0.012784656	-4109.776	15.615616	0.0010251005	1471.7892713546753
137	4529.0083	84.70017	4665.137	4438.5557	1000.0	396.7128	41.98451	428.28305	59.50381	690000	-0.035829935	9393.833	-0.011312019	-3571.7437	15.627856	-0.00018613052	1482.7183649539948
138	4531.3203	45.003227	4606.1772	4466.7437	1000.0	396.34668	42.391724	428.94623	83.68653	695000	-0.0060969633	8177.0728	-0.012496933	-3703.835	15.601922	0.000636256	1493.346349954605
139	4526.8965	22.68925	4545.5835	4485.393	1000.0	407.7852	36.003128	430.19016	179.75826	700000	-0.008144385	9605.403	-0.011297687	-2659.956	15.59575	-0.00014164238	1503.9865987300873
140	4484.0317	49.65512	4570.321	4424.2515	1000.0	402.637	37.626102	428.4271	169.46574	705000	0.049975984	8464.679	-0.012668531	-3082.4624	15.601349	0.00091099035	1515.582810640335
141	4538.9297	78.70072	4661.99	4435.2017	1000.0	399.13696	39.7127	428.1179	115.641266	710000	-0.0074839843	9385.933	-0.013137328	-3054.9365	15.619592	-0.0003366991	1526.8413832187653
142	4518.785	54.933933	4594.647	4459.306	1000.0	405.2406	35.821712	427.5569	51.949913	715000	0.043200172	8938.631	-0.013395162	-2815.5781	15.582859	-0.00029561156	1537.9698827266693
143	4491.68	22.95567	4521.4043	4463.8296	1000.0	401.81924	37.17078	427.46045	-222.86638	720000	0.082572944	8595.699	-0.0098563805	-2959.8872	15.625396	-0.0002021534	1549.562653541565
144	4518.5884	40.737137	4567.0586	4466.359	1000.0	396.7262	40.11596	427.34277	170.3102	725000	0.0040997313	9108.998	-0.011446606	-3257.622	15.554303	-0.00024207268	1560.613891839981
145	4511.724	51.532784	4574.5107	4425.583	1000.0	392.61554	43.83557	427.9403	179.28087	730000	-0.045746874	8454.637	-0.011125434	-3753.2583	15.648416	0.00082033826	1571.1980760097504
146	4526.698	65.441124	4618.952	4442.9194	1000.0	408.46805	36.109917	429.63086	153.46596	735000	0.008641303	8411.845	-0.012153931	-2281.0713	15.647767	0.0015065873	1581.8745019435883
147	4590.6133	78.55009	4701.4653	4455.671	1000.0	401.1274	39.132416	428.81342	135.21265	740000	-0.022658074	10341.985	-0.011127526	-3137.024	15.652611	-8.177014e-05	1593.0311303138733
148	4492.128	31.73385	4542.8745	4460.66	1000.0	405.75516	29.945316	429.2977	58.840073	745000	0.0317232	8463.353	-0.012147987	-2409.2183	15.587514	-0.00016624203	1603.9833517074585
149	4559.152	102.063675	4734.5005	4421.033	1000.0	400.31696	35.99189	429.1298	105.4394	750000	0.05618616	9206.093	-0.015330836	-2981.8398	15.619469	0.00087018625	1614.6137483119965
150	4511.8696	34.02313	4556.6216	4471.7837	1000.0	404.2735	32.963627	429.72598	158.1847	755000	-0.008443319	8595.356	-0.012782664	-2471.0479	15.62105	0.00035451737	1626.03551030159
151	4545.574	48.01317	4624.805	4485.1772	1000.0	395.90305	40.833427	429.84756	-119.64005	760000	0.06262463	9807.292	-0.013024706	-3245.9102	15.604775	0.00068489666	1636.8700141906738
152	4508.219	29.346617	4541.0835	4466.213	1000.0	406.08115	29.767859	429.30264	183.2004	765000	-0.031121729	8601.02	-0.011805614	-2552.7993	15.594475	-0.00086667994	1647.6393330097198
153	4506.5913	68.531746	4571.721	4376.035	1000.0	396.8542	38.978447	429.34415	156.51253	770000	-0.028476533	9094.59	-0.0103356205	-3090.2954	15.60658	-0.00032722778	1658.3930253982544
154	4545.468	29.783613	4573.732	4491.8657	1000.0	400.4817	33.805428	429.95926	99.50826	775000	0.022193566	9657.824	-0.016459648	-2501.8545	15.653484	0.0011854969	1669.7542572021484
155	4530.702	49.94038	4589.9043	4439.2754	1000.0	404.06265	30.921808	430.11984	89.36645	780000	0.016085101	8437.201	-0.011469196	-2516.795	15.628299	5.6916426e-05	1680.8216745853424
156	4524.6455	40.117477	4560.3857	4448.6494	1000.0	405.83432	31.620777	430.0196	175.79707	785000	-0.037207752	8822.389	-0.0127752535	-2464.163	15.653966	0.0012757133	1691.5361518859863
157	4478.991	76.23498	4606.88	4406.114	1000.0	402.3007	32.353302	429.95978	179.74443	790000	-0.075345084	8514.382	-0.012392312	-2518.4492	15.690341	0.0013386982	1702.1478869915009
158	4528.065	59.792133	4642.7817	4478.9326	1000.0	394.7599	37.39022	429.34985	128.05257	795000	0.07335024	8899.03	-0.012740403	-3094.3472	15.563812	0.0013662254	1713.1953520774841
159	4541.411	25.615059	4584.623	4517.2656	1000.0	400.9701	36.709644	431.6687	155.58182	800000	0.010715774	9064.055	-0.012138064	-2858.1035	15.597892	0.00050711364	1724.1685824394226
160	4502.192	25.204578	4540.1436	4467.4863	1000.0	402.92996	34.3875	432.60318	168.0609	805000	-0.048282214	8419.462	-0.009748843	-2317.1465	15.594503	0.00017248097	1735.6542842388153
161	4496.585	40.931267	4551.4966	4462.156	1000.0	398.93765	35.067547	432.68768	103.74563	810000	-0.035502534	8375.454	-0.013703141	-2548.7231	15.654762	0.00023851127	1746.4483592510223
162	4559.071	54.656338	4636.011	4470.0654	1000.0	402.7847	36.70804	432.70502	97.80096	815000	0.0906828	8695.7705	-0.012984425	-2722.12	15.635175	-9.064408e-05	1757.5037825107574
163	4508.441	42.580105	4569.138	4450.5684	1000.0	405.97586	35.544643	433.7349	176.48253	820000	0.068671025	8146.3657	-0.009264704	-2370.8594	15.549545	-5.396519e-05	1768.4706554412842
164	4575.4717	83.47351	4688.276	4489.736	1000.0	396.14737	43.808556	433.81006	133.91652	825000	-0.022096552	9934.92	-0.010676611	-3287.747	15.608586	0.00043565026	1779.1320877075195
165	4552.012	97.52615	4725.9697	4429.9795	1000.0	407.2155	33.131866	433.51834	222.68762	830000	0.04235507	8621.774	-0.012879327	-2422.338	15.629453	0.00037400608	1789.772667169571
166	4524.968	44.7322	4586.4263	4459.005	1000.0	398.60312	40.330395	433.13876	79.796844	835000	0.022608764	8997.296	-0.011698706	-2932.1592	15.618208	0.00039742433	1800.2255446910858
167	4527.0703	31.84879	4561.1826	4466.4746	1000.0	410.5811	30.524134	433.9316	162.49075	840000	-0.016966885	9164.684	-0.011813065	-2353.141	15.660078	0.00035743313	1810.5127167701721
168	4486.715	62.898426	4558.081	4414.519	1000.0	401.5654	32.91088	433.18857	-162.92542	845000	-0.008539398	8936.724	-0.012552784	-2492.837	15.6307535	-0.00047021962	1820.940510749817
169	4487.2407	55.324333	4565.7856	4415.7817	1000.0	401.53027	29.284943	433.20676	229.1522	850000	-0.02581029	8113.989	-0.010307051	-2618.0825	15.653163	0.00034659557	1831.3797824382782
170	4528.8345	95.982124	4713.076	4444.4043	1000.0	393.5959	37.62748	434.50635	187.52318	855000	-0.03751074	9275.082	-0.015354548	-2909.1313	15.643687	0.0016631841	1842.983148574829
171	4571.465	96.47235	4747.8003	4474.854	1000.0	400.4287	37.145752	435.50092	191.95557	860000	0.060529254	9166.88	-0.012788314	-2951.2925	15.656531	0.0006829216	1853.3343877792358
172	4495.1665	29.499605	4522.857	4441.3096	1000.0	407.69684	31.44428	436.43228	220.24709	865000	0.04884594	8192.74	-0.0116388425	-2457.31	15.688522	0.00082185114	1863.328847169876
173	4507.306	22.61361	4536.3955	4475.4106	1000.0	393.362	40.729187	436.86703	114.957596	870000	-0.047961015	8607.538	-0.012206055	-3282.1875	15.644959	-0.00054736884	1873.4688501358032
174	4552.0767	40.92499	4613.366	4486.971	1000.0	397.02576	40.564743	438.45447	172.9768	875000	-0.030968186	8557.101	-0.0132625885	-3113.0908	15.718894	0.0009986085	1884.0180215835571
175	4554.0635	95.473625	4702.819	4406.366	1000.0	400.18506	44.058113	439.82413	-116.35841	880000	-0.049281932	9075.533	-0.0116091445	-3303.7246	15.665695	0.00033957826	1894.3298292160034
176	4549.1226	82.84974	4663.3745	4439.914	1000.0	406.16443	40.46592	440.37793	58.394405	885000	-0.00048427735	8752.402	-0.01575022	-2972.586	15.668311	0.0012782414	1904.674040555954
177	4583.1006	72.589874	4675.282	4477.378	1000.0	407.9774	38.350765	439.27652	33.968456	890000	-0.0018711425	9829.122	-0.013131849	-2768.978	15.631288	3.2938195e-05	1914.9186000823975
178	4505.7754	61.206608	4621.008	4440.929	1000.0	408.68658	30.804573	436.8202	206.45892	895000	-0.02401081	7775.2856	-0.010165459	-2580.5479	15.624677	0.00018991985	1925.5251512527466
179	4559.8584	43.634888	4616.724	4499.934	1000.0	394.02206	43.490646	437.74927	104.892075	900000	-0.008712744	9770.387	-0.013429163	-3426.0889	15.64718	-0.00011042709	1935.6536827087402
180	4568.0405	63.92074	4667.7427	4487.765	1000.0	406.1576	35.76122	436.39697	166.58374	905000	-0.0007027344	8653.405	-0.012392481	-2367.6255	15.60939	0.0005445089	1946.563137769699
181	4551.8486	47.508244	4618.363	4469.968	1000.0	409.03925	32.73474	437.51593	171.7855	910000	0.0023522705	8827.682	-0.012673901	-2261.4521	15.581904	0.0012759996	1957.0866117477417
182	4524.155	85.61033	4661.8896	4397.4556	1000.0	405.73935	29.034552	436.3768	55.613213	915000	-0.017380154	8845.021	-0.011649223	-2107.2095	15.609	-8.170967e-05	1967.6202111244202
183	4584.926	94.1044	4716.316	4479.7827	1000.0	400.4461	30.37667	435.71082	146.79549	920000	-0.046819773	9301.733	-0.012133956	-2419.6592	15.671069	0.0007761053	1978.3593580722809
184	4507.4565	40.402443	4573.576	4453.8936	1000.0	409.12854	28.221006	436.32947	135.30305	925000	-0.057017647	8150.4194	-0.0104727	-2466.0293	15.653849	0.00022306632	1988.7762868404388
185	4509.544	33.583805	4550.815	4448.485	1000.0	400.08264	36.13646	436.00772	192.41501	930000	-0.026403204	8127.5776	-0.0108947195	-2481.0044	15.613582	0.0007654013	1999.3018727302551
186	4570.9014	98.68406	4730.996	4474.951	1000.0	398.4875	37.140095	436.00983	197.47018	935000	0.033581145	8434.49	-0.01333618	-2649.7842	15.667103	-0.00025639246	2009.7904634475708
187	4519.4834	40.569786	4566.117	4464.187	1000.0	407.99417	33.165134	437.71045	200.9813	940000	0.049254168	7645.9824	-0.012042288	-2244.6743	15.634891	-0.000667598	2020.4161477088928
188	4525.2783	70.428566	4621.5923	4427.6396	1000.0	400.9808	38.111702	437.86252	179.23524	945000	-0.0029749083	9271.987	-0.014534278	-2734.3057	15.596403	5.0076866e-05	2030.8900618553162
189	4488.003	65.46826	4597.2285	4407.2124	1000.0	403.80832	34.97662	436.19965	172.24942	950000	0.014973834	8893.394	-0.011935102	-2337.2554	15.647664	5.875454e-05	2041.4841492176056
190	4548.1616	19.285	4581.003	4530.646	1000.0	399.639	33.16113	433.6918	212.72475	955000	-0.01180509	8310.497	-0.01347093	-2678.4849	15.643207	-0.0005853357	2052.555170059204
191	4541.9966	44.15983	4596.123	4495.6455	1000.0	403.8994	36.056236	435.03625	-159.27383	960000	0.035627045	9310.712	-0.011980621	-2980.376	15.652128	0.0012969552	2062.8552389144897
192	4544.8706	26.445545	4575.46	4509.409	1000.0	400.12134	36.212425	435.83112	212.31326	965000	-0.05596765	8794.445	-0.012217581	-3030.0269	15.640412	0.0003318281	2073.287099838257
193	4534.125	40.658577	4607.067	4497.0337	1000.0	406.22278	36.671646	436.1088	-81.87359	970000	-0.011576569	8177.1074	-0.011919286	-2796.8677	15.602537	0.00040664998	2083.8133137226105
194	4511.1113	33.755634	4566.815	4468.7534	1000.0	405.13785	37.583504	436.39185	152.69559	975000	-0.074038394	8587.865	-0.013870157	-2316.7837	15.643907	0.0011005441	2094.1774249076843
195	4507.951	70.36439	4644.017	4442.208	1000.0	396.566	35.577324	433.98706	128.75558	980000	0.10918096	8125.5664	-0.011594333	-2527.359	15.690782	-0.0004941374	2104.605367898941
196	4498.296	50.52897	4562.878	4418.2993	1000.0	399.96576	37.164173	435.5081	150.38754	985000	-0.050886326	8554.311	-0.012892395	-2746.5386	15.645811	0.0004114342	2115.0882177352905
197	4517.9077	58.61119	4607.138	4437.2676	1000.0	401.95862	35.777294	435.05264	28.709583	990000	0.018920273	9316.378	-0.011234893	-2634.5684	15.606575	0.000532546	2125.6458134651184
198	4479.335	27.641832	4521.3364	4443.4707	1000.0	408.39246	24.223608	432.95685	183.54291	995000	-0.008393783	7840.532	-0.013176274	-2094.1685	15.6065855	0.0005608631	2135.98482298851
199	4511.0317	20.99532	4537.808	4489.351	1000.0	386.52396	42.95993	433.75507	138.63551	1000000	-0.08421302	10298.803	-0.010469541	-3633.565	15.595372	0.00043323002	2146.381757736206
200	4531.2075	65.91317	4606.6597	4431.7124	1000.0	406.73376	32.64141	433.97137	217.05893	1005000	-0.037118938	8653.203	-0.013769478	-2232.231	15.613394	0.0018136438	2157.402862071991
201	4509.1826	46.32836	4571.5835	4441.335	1000.0	405.13843	30.732494	433.86145	196.24806	1010000	0.02531123	8193.351	-0.013847168	-2223.2988	15.604075	0.0010248093	2168.1414494514465
202	4530.568	72.43192	4626.2173	4438.1562	1000.0	403.0994	32.35858	435.06894	183.25073	1015000	0.02077561	8576.256	-0.011842548	-2203.9136	15.573776	-0.00034197577	2178.3714792728424
203	4533.638	46.316666	4600.7744	4480.1206	1000.0	398.49634	35.127434	435.66238	97.53773	1020000	0.050806075	8676.536	-0.0125827305	-2598.8735	15.600169	0.0006259922	2188.80286192894
204	4525.6724	34.282986	4571.999	4489.197	1000.0	401.35825	33.499752	438.72382	235.27374	1025000	0.0003670288	8059.012	-0.011256164	-3028.1729	15.666985	0.0003495041	2199.218597173691
205	4525.6743	42.808594	4588.2173	4458.5356	1000.0	405.80927	36.229668	437.49512	-8.904879	1030000	0.015841443	8778.827	-0.012085376	-2527.0317	15.634364	0.0012233669	2209.871874332428
206	4526.9272	39.05227	4600.3027	4495.579	1000.0	401.93158	35.159042	436.24295	151.60646	1035000	0.031626526	8527.448	-0.013449414	-2358.583	15.672702	0.0011002037	2219.9687235355377
207	4489.745	28.777416	4532.2544	4441.8413	1000.0	404.3097	32.4378	435.569	179.84142	1040000	0.06735493	8292.493	-0.0117091015	-2135.185	15.594372	0.00068088074	2230.50733089447
208	4520.9175	33.099396	4548.8433	4472.328	1000.0	401.17267	34.128574	434.52118	111.91434	1045000	-0.026079187	7750.18	-0.012819948	-2531.8218	15.665727	-0.0010889967	2240.9818642139435
209	4514.02	53.91845	4617.75	4465.141	1000.0	400.87244	37.643322	436.60947	176.51596	1050000	-0.015814258	8199.012	-0.011461085	-2700.6729	15.650163	0.00074904115	2251.6434891223907
210	4542.434	75.975784	4668.759	4440.249	1000.0	402.00406	40.005817	437.2027	65.76317	1055000	0.044884246	10188.892	-0.01184104	-2839.3154	15.597209	0.00027810992	2262.7106754779816
211	4547.5996	38.240704	4611.736	4507.668	1000.0	407.83356	25.618584	432.91275	58.445923	1060000	0.026217774	8397.064	-0.014238141	-1765.8003	15.5877285	3.8253595e-05	2273.17565202713
212	4512.419	40.64227	4560.0796	4458.639	1000.0	398.92484	29.8669	436.68616	181.31737	1065000	-0.062829226	7768.731	-0.012850106	-2110.809	15.61215	0.00072524813	2284.281518936157
213	4474.8643	15.649167	4495.4233	4447.8115	1000.0	408.08014	30.029572	436.00922	222.84161	1070000	0.08765212	7348.584	-0.011841923	-2070.1538	15.643212	-0.0003625826	2294.814647912979
214	4471.753	22.78538	4506.838	4443.2676	1000.0	396.36188	38.284515	436.2646	150.35545	1075000	0.060616527	8105.4326	-0.012280222	-2384.2788	15.602899	-0.00018480014	2304.858850002289
215	4491.756	46.404392	4574.3013	4432.801	1000.0	400.88077	34.365875	437.2692	160.02939	1080000	-0.008584417	7592.989	-0.009687958	-2254.3433	15.581895	0.0005028046	2315.251143693924
216	4468.4717	36.7413	4519.617	4414.784	1000.0	403.12564	36.235252	438.9012	163.58588	1085000	0.031786304	7422.3906	-0.010563312	-2201.312	15.625425	-0.00019405346	2326.1272428035736
217	4503.7437	45.402176	4578.009	4441.0283	1000.0	400.9259	39.981956	439.01334	138.21101	1090000	-0.017950982	7554.415	-0.011798065	-2203.1572	15.559091	0.00039377421	2336.548294067383
218	4507.6533	49.24805	4579.4297	4435.709	1000.0	402.06137	41.187183	439.13522	82.61423	1095000	0.07565936	8145.3794	-0.011603363	-2095.709	15.589428	0.00048563804	2346.9207549095154
219	4559.61	53.680923	4636.362	4469.4375	1000.0	399.97256	38.686474	438.15994	60.390545	1100000	0.013706421	10175.453	-0.012912805	-2391.0972	15.645914	-7.573891e-06	2357.445639371872
220	4514.3975	32.355164	4550.3022	4466.72	1000.0	410.51736	22.409948	434.371	222.1996	1105000	0.010575128	7634.6226	-0.01224555	-1568.6304	15.602775	0.00094087946	2368.8849143981934
221	4518.705	58.95122	4584.8945	4423.0444	1000.0	406.69135	28.56761	436.84375	175.31184	1110000	-0.039474748	8250.418	-0.013634119	-1732.0674	15.645616	0.00037512952	2379.0519604682922
222	4505.9116	32.460262	4545.588	4458.621	1000.0	395.36884	37.23886	437.96027	145.75635	1115000	-0.0031494445	8525.927	-0.013905456	-2563.1753	15.610553	9.793796e-05	2389.0360255241394
223	4508.195	59.22874	4556.9556	4393.9844	1000.0	411.42914	31.549282	439.0418	98.58274	1120000	-0.074602626	9068.882	-0.01156196	-1995.2588	15.641232	0.0001365097	2399.6506032943726
224	4526.0835	54.82599	4619.3193	4462.291	1000.0	397.1593	33.02304	436.61246	134.92336	1125000	-0.011838495	8063.648	-0.012641699	-2398.3535	15.62362	0.00069602986	2410.286217689514
225	4515.5024	47.577362	4580.4756	4444.4453	1000.0	408.97766	32.760075	437.214	190.75352	1130000	0.0038541474	7553.2905	-0.013966965	-2185.2207	15.649931	-0.00025716497	2420.318297147751
226	4566.786	72.044914	4709.949	4517.9004	1000.0	398.48276	39.134384	439.22415	126.006096	1135000	-0.016968347	9878.536	-0.01252464	-2713.7632	15.7017	-0.00010115814	2430.7448785305023
227	4535.416	56.93503	4631.925	4474.7397	1000.0	410.49496	26.848562	436.88333	190.09622	1140000	-0.006309546	7966.625	-0.0117205195	-1725.1084	15.651914	-0.00035868472	2441.465404987335
228	4510.285	53.916115	4594.903	4437.676	1000.0	405.40207	30.588457	435.93152	104.21607	1145000	0.048995323	8756.443	-0.01285949	-1826.3042	15.651309	-0.00034560243	2451.8934376239777
229	4549.9795	32.33733	4591.658	4498.305	1000.0	402.65222	28.476133	435.8235	205.997	1150000	-0.011710822	8645.077	-0.011097082	-1707.8179	15.698067	0.0009691744	2462.2342348098755
230	4524.7705	42.45756	4592.1943	4464.3735	1000.0	409.71063	23.248352	436.95944	115.039604	1155000	-0.031048425	7752.7305	-0.009761207	-1708.2568	15.6419	0.0007802687	2473.149377822876
231	4496.4644	40.89601	4542.2017	4429.255	1000.0	403.62845	32.218937	437.2902	80.290726	1160000	-0.0051696594	8530.568	-0.010510763	-1712.4116	15.6278515	0.00085066777	2483.7002444267273
232	4526.8345	16.38927	4547.097	4507.738	1000.0	400.23987	30.781567	435.96976	206.98346	1165000	0.04723988	7887.5137	-0.010427907	-1918.9746	15.564852	-3.18573e-05	2494.205291748047
233	4540.9976	40.31297	4586.3506	4468.7056	1000.0	397.5237	35.5473	436.63324	204.12943	1170000	-0.008018066	8227.971	-0.015210825	-2285.6895	15.728846	0.0009624018	2504.609659433365
234	4478.807	74.59181	4607.8374	4386.155	1000.0	410.3693	31.547924	438.533	187.79512	1175000	-0.004002197	7493.2134	-0.012745336	-2112.9814	15.595628	0.00030790863	2514.9976358413696
235	4527.5283	99.176414	4721.011	4445.6	1000.0	403.05435	36.843903	438.35492	145.51273	1180000	-0.016705468	9078.755	-0.010823304	-2276.3804	15.64841	-0.00052780873	2525.451251268387
236	4500.3516	57.04965	4576.753	4416.0967	1000.0	405.47278	31.1908	436.57477	209.25249	1185000	-0.024568481	8148.723	-0.011959149	-1859.6519	15.629444	0.00078238203	2535.8483028411865
237	4532.9536	57.789494	4644.439	4476.5234	1000.0	401.83496	33.033306	436.99326	189.3719	1190000	-0.033724718	7730.384	-0.0119539015	-2264.415	15.648144	-0.00014621143	2546.2748458385468
238	4516.1	73.3955	4599.8477	4406.936	1000.0	408.30826	33.241467	438.5397	48.530956	1195000	0.019220373	8398.646	-0.017339636	-1969.1621	15.688297	-0.00035788707	2556.5949482917786
239	4520.974	28.98661	4568.7554	4491.235	1000.0	398.20285	37.36485	438.37323	170.12593	1200000	0.044691958	9206.87	-0.010577481	-2355.6724	15.623522	0.00042803783	2567.1668384075165
240	4535.8633	52.546185	4621.7646	4469.606	1000.0	407.15265	23.728966	438.50452	157.90205	1205000	-0.009825741	8030.036	-0.014528059	-1396.1562	15.652013	0.0008765646	2578.46151971817
241	4558.2515	47.010445	4609.6963	4471.846	1000.0	405.99756	26.674145	440.20496	202.0446	1210000	-0.00058106077	7952.3486	-0.01382066	-1731.2407	15.641947	0.0011800949	2588.9502449035645
242	4497.3433	28.219105	4544.02	4473.438	1000.0	410.10226	29.247253	440.89536	235.42162	1215000	-0.0396021	7727.2	-0.013475016	-1847.8804	15.648207	0.0007704056	2599.619314432144
243	4556.8813	68.02773	4659.1357	4448.798	1000.0	395.2166	38.826477	440.93112	10.691997	1220000	-0.008650183	8108.9688	-0.015424973	-3154.17	15.649203	0.0008487022	2610.3363230228424
244	4526.654	44.314034	4611.2124	4492.7373	1000.0	409.09064	39.160435	443.44818	105.16933	1225000	-0.03192917	8880.799	-0.012189228	-2100.3506	15.554037	0.0013032606	2620.624219894409
245	4530.1797	41.166355	4583.972	4487.982	1000.0	405.8197	30.79221	442.08698	95.77217	1230000	-0.016896395	8373.298	-0.014939023	-2109.5532	15.6366625	0.000654999	2631.2318403720856
246	4567.326	45.380634	4621.0527	4508.6704	1000.0	403.19006	33.933556	440.0182	147.09639	1235000	0.0054762205	8038.6	-0.010040699	-2033.627	15.665253	0.0006566782	2641.560030937195
247	4534.224	29.890108	4585.6553	4500.9746	1000.0	403.7514	37.88361	441.61237	-18.826508	1240000	-0.0138634825	8360.589	-0.015689805	-2944.0762	15.689161	0.0015187718	2652.251365184784
248	4539.7354	32.758354	4583.087	4503.3823	1000.0	412.08997	38.347652	443.1122	148.74031	1245000	-0.018804193	7492.276	-0.014357306	-1969.6118	15.695761	0.00071941986	2662.715103626251
249	4533.04	35.026653	4567.8267	4475.631	1000.0	409.6957	37.40682	443.54276	183.9255	1250000	0.052928552	7596.8496	-0.012025554	-1991.6206	15.6537895	-0.00043533268	2672.8333435058594
250	4558.6143	79.93807	4706.241	4496.58	1000.0	407.17633	38.494453	443.9686	95.0764	1255000	0.01791103	9990.403	-0.010782209	-2394.56	15.655423	-0.0001097805	2684.3965640068054
251	4534.477	73.250946	4655.891	4445.9355	1000.0	406.32245	24.386177	443.36557	133.74835	1260000	0.035359874	7962.733	-0.014294054	-1856.5474	15.649372	0.00021842842	2695.2025275230408
252	4511.282	39.107616	4557.88	4468.4995	1000.0	413.92804	23.924871	444.69284	202.47418	1265000	-0.033749547	7480.772	-0.011353157	-1444.4697	15.697129	0.0010950177	2705.124503135681
253	4526.1167	30.790697	4574.571	4477.881	1000.0	403.7808	28.540575	444.7547	144.8477	1270000	-0.05888899	8026.5986	-0.013803896	-1519.1704	15.63698	0.0006346912	2715.371455669403
254	4517.022	45.677715	4563.6416	4454.192	1000.0	400.2979	36.495106	445.96317	159.87082	1275000	-0.06203861	7792.3296	-0.010647003	-2342.3022	15.670222	-0.00042045498	2725.7118134498596
255	4550.781	24.182034	4586.273	4516.19	1000.0	401.3574	41.26864	446.6102	53.97297	1280000	-0.0017360413	7344.4126	-0.012066095	-2570.064	15.676087	-0.00024460908	2736.207525253296
256	4543.4194	79.021774	4696.2886	4475.68	1000.0	412.98584	36.96946	448.43976	74.54055	1285000	0.033331446	8471.663	-0.013387654	-2111.899	15.544072	-0.00043047866	2746.673257827759
257	4535.505	31.605747	4567.664	4487.1475	1000.0	404.05606	37.58718	445.5223	113.610985	1290000	-0.012492383	7991.387	-0.011319593	-2119.165	15.548103	0.0010099758	2756.8760261535645
258	4522.948	32.162754	4560.552	4469.609	1000.0	407.8057	33.415966	445.56332	114.583984	1295000	-0.047960438	7043.8784	-0.011971857	-1873.0083	15.594644	0.0008283419	2767.3360147476196
259	4532.8447	60.05212	4634.8994	4460.5483	1000.0	400.35135	42.15024	446.56476	89.90055	1300000	-0.051010095	9741.738	-0.011579819	-2612.7832	15.672884	6.819439e-05	2777.733622312546
260	4524.5615	44.458843	4567.787	4452.457	1000.0	407.5338	30.710508	444.4269	122.57806	1305000	0.00097458495	7838.593	-0.013644165	-1796.2266	15.694114	0.0005908749	2789.0951676368713
261	4525.6865	44.01429	4600.2974	4480.2593	1000.0	405.63956	32.88215	443.50763	169.08191	1310000	-0.058191076	7709.6616	-0.01399672	-2022.4326	15.58486	0.00058463897	2799.705921649933
262	4528.6436	40.757977	4586.9443	4469.698	1000.0	400.4896	44.615944	445.263	59.199512	1315000	0.07866176	8364.104	-0.0136692375	-2621.5557	15.729336	0.0012969167	2810.160118818283
263	4492.8174	32.926956	4526.5703	4442.029	1000.0	408.46725	35.30393	444.04453	112.932335	1320000	0.040968455	7443.3374	-0.014175048	-1805.2671	15.62639	0.00043680516	2820.6261711120605
264	4592.0454	55.078053	4663.6274	4505.5586	1000.0	395.32336	42.078144	445.13348	65.88401	1325000	-0.032533497	10303.614	-0.013505302	-3085.8545	15.542956	-5.081997e-05	2830.848748922348
265	4540.7583	41.064663	4589.75	4468.9956	1000.0	412.18344	22.852293	444.27887	202.03362	1330000	-0.031773712	8578.365	-0.010528013	-1348.5571	15.60298	0.0006382698	2840.9768664836884
266	4550.5986	42.735584	4626.3887	4504.3843	1000.0	411.1357	22.02184	445.3522	170.8828	1335000	-0.002001831	8990.323	-0.010101666	-1477.2881	15.648572	0.0005579056	2851.049500465393
267	4543.627	32.036106	4585.8384	4507.1323	1000.0	405.06372	21.47319	443.89813	230.88852	1340000	0.033161614	7885.0225	-0.011194473	-1704.9883	15.6016035	0.0004134573	2861.4034485816956
268	4487.583	35.40165	4525.2495	4432.6685	1000.0	411.3661	21.816706	446.2915	238.85898	1345000	0.01927325	7559.807	-0.012563685	-1460.4751	15.655379	0.0008045109	2871.717789173126
269	4532.5913	49.408806	4607.498	4466.2104	1000.0	404.86545	29.525461	436.744	139.00119	1350000	0.03375136	7922.548	-0.0119138975	-1564.7207	15.627298	-0.0016358314	2882.1801192760468
270	4556.941	110.22822	4754.8394	4453.4595	1000.0	398.5884	42.033848	442.82892	128.4019	1355000	0.027210694	9292.851	-0.014902356	-2648.4868	15.716747	0.0008221666	2893.6737236976624
271	4519.5264	48.217957	4579.9893	4445.4263	1000.0	412.50696	24.808723	444.95288	175.04489	1360000	0.0051495302	7670.603	-0.012418634	-1726.419	15.579756	0.00021331997	2904.523900270462
272	4527.2407	47.04519	4600.2935	4463.917	1000.0	397.72144	39.91847	436.49045	94.242966	1365000	-0.025489587	9215.19	-0.0134065	-2466.8032	15.684766	-0.000851334	2915.140157222748
273	4531.6826	25.572342	4576.6924	4498.837	1000.0	404.09714	31.250748	439.86475	143.86552	1370000	-0.0052413237	8035.8423	-0.013804112	-1548.4263	15.594915	0.0016938843	2925.0935876369476
274	4543.2793	23.106144	4585.301	4518.228	1000.0	409.59244	27.676498	447.37762	-160.73631	1375000	-0.0071591064	8532.288	-0.012359863	-2251.2563	15.565638	0.0008904659	2935.648786306381
275	4516.1772	30.976707	4557.66	4473.766	1000.0	406.5956	30.751373	441.86722	163.97432	1380000	-0.016152758	6940.94	-0.012529964	-2597.7705	15.692425	0.0015789982	2945.9303205013275
276	4513.387	38.63805	4581.7246	4476.455	1000.0	412.80743	31.061174	449.5327	170.94702	1385000	-0.040186107	9362.958	-0.011785235	-2561.6826	15.643734	0.00071430113	2956.274028778076
277	4517.216	76.13047	4634.394	4431.0444	1000.0	398.5243	33.39622	437.56287	133.92537	1390000	0.033017352	8163.752	-0.011872986	-1808.6304	15.587122	0.00096229895	2966.5453429222107
278	4507.8975	32.893295	4534.9624	4444.8735	1000.0	402.23843	32.08561	437.74716	186.3675	1395000	0.010671955	7701.508	-0.0139015075	-2076.7534	15.650506	0.0007057041	2976.9371337890625
279	4594.116	52.73321	4667.1367	4534.809	1000.0	394.60074	47.749184	438.44214	-19.340965	1400000	-0.042587876	8458.668	-0.0130971335	-2750.1343	15.591765	-0.0001385479	2987.3276648521423
280	4524.742	53.23305	4613.9307	4464.0894	1000.0	412.4174	40.18779	453.77084	109.45349	1405000	-0.029590173	8559.739	-0.01076941	-2043.7559	15.583172	-0.00016825409	2998.5522878170013
281	4524.8564	37.9133	4594.8613	4479.6655	1000.0	403.1398	32.89637	449.85315	167.19754	1410000	0.026475439	7846.773	-0.012419336	-1930.3481	15.572903	-0.00082720583	3008.74369096756
282	4522.677	37.4551	4579.849	4463.193	1000.0	410.2523	35.226234	443.5877	146.78064	1415000	0.04938361	7990.216	-0.01125269	-1958.1309	15.618522	-0.00025354882	3019.0429565906525
283	4524.5225	14.001403	4543.2446	4500.258	1000.0	401.83755	41.209972	441.41495	84.17572	1420000	0.044312585	7414.8994	-0.010135736	-2200.3154	15.64832	-0.000113457296	3029.5415408611298
284	4510.698	30.119434	4555.0923	4467.326	1000.0	411.38934	33.36066	456.3798	102.43823	1425000	-0.014641821	7305.9688	-0.011603272	-1824.7744	15.617892	0.00050931284	3039.570695877075
285	4524.6084	26.962841	4558.584	4480.512	1000.0	401.18115	45.53809	452.24075	8.776388	1430000	0.0040046084	7004.8047	-0.010408539	-2573.376	15.609468	-0.000107464024	3049.9236283302307
286	4540.6904	72.237434	4643.6133	4443.078	1000.0	397.1469	55.465496	449.39734	51.238373	1435000	0.044730153	10071.638	-0.0113365725	-3513.5547	15.651098	-0.0006597605	3060.2541468143463
287	4534.7637	63.691986	4587.41	4428.739	1000.0	405.71606	41.52196	454.50815	127.13908	1440000	0.026898751	8172.603	-0.009513991	-2173.7056	15.614497	0.00033973446	3070.6038570404053
288	4547.724	62.95156	4656.651	4467.5654	1000.0	419.5663	21.014893	455.12448	219.20923	1445000	0.06068165	9047.235	-0.009421784	-1577.248	15.584606	9.681893e-05	3080.716302394867
289	4518.1006	34.336224	4572.389	4481.148	1000.0	404.2044	27.592882	451.34378	167.37898	1450000	0.0075552245	8322.043	-0.01227926	-1445.5088	15.710391	0.00036158544	3091.0627868175507
290	4520.8267	26.621939	4562.5913	4488.4976	1000.0	406.80948	23.823969	444.0868	199.9378	1455000	0.020894391	7421.9697	-0.013971815	-1432.082	15.596694	0.00059847755	3102.1366786956787
291	4552.3213	49.598618	4589.6104	4454.584	1000.0	401.95038	31.32022	438.48578	214.46451	1460000	0.0356545	7059.9424	-0.0103331525	-2296.4326	15.570137	0.0014157848	3112.40016746521
292	4526.918	35.319042	4579.8125	4472.5903	1000.0	404.63965	45.352104	442.0982	94.48122	1465000	-0.00043148192	6154.594	-0.011636194	-3036.1658	15.6622	0.000882818	3122.7124445438385
293	4554.845	18.040047	4577.654	4532.6436	1000.0	410.1282	56.464085	457.3768	84.44495	1470000	-0.04358848	7016.3584	-0.013887096	-3178.6423	15.631833	-0.0002148798	3133.039978504181
294	4575.5947	41.759033	4625.397	4499.891	1000.0	397.8714	65.84686	448.99588	87.99635	1475000	0.042544287	5540.492	-0.0103271045	-2251.8264	15.656363	0.0014186784	3143.188220024109
295	4568.5166	41.594204	4615.403	4494.3696	1000.0	404.41376	71.720566	456.92206	25.168161	1480000	0.035781756	7526.753	-0.015307702	-2843.0703	15.608381	0.0009560522	3153.562578678131
296	4518.8594	48.35551	4596.814	4457.188	1000.0	426.1144	36.57289	461.90567	173.9129	1485000	0.035316993	7499.277	-0.009619342	-1890.3862	15.558356	-0.0011099254	3163.8806529045105
297	4525.2666	37.03919	4586.0493	4486.6177	1000.0	389.72705	57.894207	442.9001	112.421906	1490000	0.007954614	11204.666	-0.010804107	-3750.0508	15.638266	9.2709735e-05	3173.974813222885
298	4554.1353	45.364243	4623.197	4485.563	1000.0	409.7943	18.528448	450.90582	224.88477	1495000	-0.03776478	8309.939	-0.010722961	-819.8379	15.613668	-7.898655e-05	3184.4334008693695
299	4573.11	113.352844	4776.3706	4447.088	1000.0	414.26266	13.763968	452.14148	265.7567	1500000	0.053441204	7978.05	-0.018213548	-966.2578	15.570631	0.0012442947	3195.072081565857
300	4552.88	70.79974	4649.2583	4452.8857	1000.0	408.55676	24.08376	448.2745	51.291084	1505000	0.035719343	7481.3247	-0.012434401	-1644.5205	15.5830965	0.00047189198	3206.665521621704
301	4520.2275	55.35581	4612.1265	4452.5435	1000.0	408.7784	35.983223	456.85593	196.98247	1510000	-0.0056611802	6843.604	-0.012340736	-1572.5991	15.737368	0.0011431274	3217.8148024082184
302	4523.797	43.94532	4592.941	4466.0273	1000.0	399.08566	54.011333	455.60703	175.05641	1515000	-0.048966125	8880.736	-0.011770263	-2201.5894	15.687101	0.0006931341	3228.4499673843384
303	4582.8584	45.284164	4661.0522	4535.056	1000.0	412.6025	28.667683	457.43665	220.14748	1520000	0.0922757	7579.836	-0.014216945	-1469.9639	15.72902	0.000597851	3239.214842557907
304	4539.245	30.816656	4577.135	4489.3374	1000.0	404.6731	45.961548	453.51926	196.80046	1525000	0.031736888	6740.3784	-0.010704344	-1709.5063	15.663494	9.2066955e-05	3249.6569123268127
305	4581.384	60.830166	4668.0015	4513.962	1000.0	420.1174	22.127329	454.5588	204.36664	1530000	0.003991052	8058.3145	-0.012889294	-1918.9048	15.604319	0.00016459293	3259.6860404014587
306	4534.417	46.681694	4619.214	4477.125	1000.0	414.44238	30.150675	455.99216	150.19792	1535000	0.008875006	6647.065	-0.012109814	-1898.167	15.651654	0.00032265414	3269.7674612998962
307	4524.036	55.501373	4587.596	4439.833	1000.0	408.56924	34.51448	454.88885	128.40996	1540000	0.07038566	7307.1665	-0.011354115	-2103.044	15.678872	-0.0007654379	3280.0705742836
308	4499.272	29.714775	4537.1084	4463.4233	1000.0	406.86926	37.833523	444.79755	120.649536	1545000	-0.14400461	7890.5234	-0.012005255	-1815.0923	15.612826	-0.0010341908	3290.3864364624023
309	4489.1206	56.340267	4567.222	4396.277	1000.0	398.96713	36.111904	452.5108	95.48173	1550000	0.095389694	7316.93	-0.013078779	-2013.8164	15.683794	-0.00020804082	3300.582685947418
310	4549.1587	45.179684	4591.0723	4480.6304	1000.0	395.7655	50.438	448.38885	68.31273	1555000	0.0087634	9434.487	-0.009869571	-2796.1787	15.656317	-0.00019677372	3312.117856025696
311	4544.67	39.95264	4604.02	4490.2607	1000.0	401.65433	45.373135	454.5106	156.26715	1560000	0.033908557	7690.317	-0.012543231	-2133.977	15.657731	0.0010638781	3322.51283121109
312	4533.9697	49.45412	4584.3257	4469.798	1000.0	405.24292	48.529503	454.97684	189.18703	1565000	0.024918975	6910.3633	-0.0111631155	-1928.3506	15.626053	0.00036790257	3333.149227619171
313	4540.9624	21.831625	4568.6377	4515.4634	1000.0	416.2051	30.91675	457.9159	114.45855	1570000	-0.04788244	7135.842	-0.0114956945	-2149.3374	15.654196	-0.00024173336	3343.329021692276
314	4533.356	44.20098	4610.0225	4479.5537	1000.0	405.03665	49.12325	455.01593	90.40881	1575000	-0.013956488	7389.0215	-0.012612672	-2103.1592	15.6741905	0.0005773748	3353.4462769031525
315	4566.827	58.79515	4660.742	4478.9316	1000.0	395.3184	55.217705	458.07605	103.57865	1580000	0.053202186	6297.608	-0.010956384	-3581.189	15.702128	0.0006982027	3363.8615531921387
316	4556.659	54.36284	4611.574	4457.564	1000.0	401.6392	81.6028	462.83536	103.27593	1585000	-0.09361049	5605.722	-0.01192341	-1918.8943	15.575362	0.00017159976	3374.219192504883
317	4563.911	48.32823	4625.428	4504.604	1000.0	417.0135	56.20557	462.26627	154.28598	1590000	-0.034069218	9018.541	-0.011932112	-2499.3716	15.698872	-0.00015423278	3384.369634628296
318	4545.2666	24.142847	4585.825	4516.093	1000.0	417.33734	23.960037	443.9955	200.0128	1595000	0.0024203889	6803.7646	-0.0096719405	-1575.6299	15.600009	-0.0003557684	3394.7694821357727
319	4575.824	54.809254	4638.3247	4499.945	1000.0	398.06335	51.54191	454.48572	110.82525	1600000	-0.03495629	10718.194	-0.0102007985	-3104.395	15.559866	0.0006160921	3405.393650531769
320	4540.9546	54.046265	4602.1963	4455.618	1000.0	411.9598	17.17755	447.95718	173.69614	1605000	0.03364979	7614.545	-0.012504211	-905.0952	15.680752	0.00080260925	3417.1656544208527
321	4557.3384	48.456844	4648.5938	4512.8623	1000.0	407.26544	24.266563	441.47217	194.08615	1610000	0.04362288	7667.861	-0.014674157	-1568.9951	15.611206	0.0012981984	3427.0585613250732
322	4516.471	41.404335	4579.525	4473.171	1000.0	411.53256	24.04459	444.11438	174.82216	1615000	0.0047388976	7796.043	-0.010767724	-1377.5669	15.5454035	8.462334e-05	3437.422817468643
323	4524.809	47.39457	4588.9927	4472.0127	1000.0	407.5381	27.746735	441.2574	67.40788	1620000	0.031004932	7846.871	-0.013690345	-1773.0283	15.625236	0.0012329906	3447.736758708954
324	4552.4424	27.970905	4580.043	4504.122	1000.0	395.11682	45.573105	437.21863	47.47754	1625000	0.0025845582	7857.485	-0.012400073	-2013.1431	15.671574	0.0003495453	3458.0776982307434
325	4522.0073	37.29248	4594.338	4488.7266	1000.0	409.10184	37.43598	449.1585	76.990585	1630000	0.018467614	7069.6514	-0.015084887	-1292.5596	15.583225	0.0012251886	3468.1844713687897
326	4500.073	47.112976	4583.4053	4440.743	1000.0	410.5445	26.5201	449.65924	170.26965	1635000	0.02683117	8095.326	-0.012106903	-1476.1992	15.576286	-0.00036523	3478.395778656006
327	4515.817	60.000725	4569.6	4422.467	1000.0	402.20834	26.750525	438.4987	212.68062	1640000	0.09457217	7467.722	-0.0135257915	-1709.3516	15.6080065	0.0009517653	3488.842751264572
328	4505.005	14.815865	4532.0137	4486.8555	1000.0	404.63824	31.516281	445.35013	158.28423	1645000	-0.0010359833	6508.8735	-0.012068266	-2068.191	15.632002	-0.0003044264	3499.0769579410553
329	4582.594	59.41641	4674.311	4490.948	1000.0	394.5296	56.37992	439.1384	-54.92788	1650000	-0.0069118654	8802.824	-0.015694324	-3267.0361	15.5186405	0.0011240898	3509.603435754776
330	4538.6675	49.081257	4601.24	4452.724	1000.0	404.8756	57.170574	449.85672	62.751545	1655000	0.041712776	6351.987	-0.011760591	-2042.4795	15.690907	0.00073864043	3521.0713787078857
331	4537.907	54.66711	4626.982	4460.1494	1000.0	418.85907	32.31093	453.401	65.991104	1660000	-0.036669664	7370.0054	-0.010245655	-2111.2788	15.640512	0.0010116474	3531.8114857673645
332	4551.8774	49.81665	4613.148	4485.4727	1000.0	394.30353	64.98833	447.53323	105.81444	1665000	0.036779933	8472.075	-0.012693968	-2787.5527	15.68799	0.0014973705	3542.0721275806427
333	4523.3564	56.611732	4617.5244	4441.8457	1000.0	418.46417	28.922667	452.4022	14.226656	1670000	-0.040986482	6938.8774	-0.017685968	-1716.956	15.705708	0.0013012657	3552.2445414066315
334	4550.792	40.72808	4611.7373	4492.5234	1000.0	383.60324	77.04836	447.01627	76.75003	1675000	0.028975202	6412.384	-0.010257728	-2770.893	15.648164	-4.4962693e-05	3562.7309954166412
335	4536.22	13.951739	4553.5513	4512.025	1000.0	418.08075	50.559685	450.93332	160.71857	1680000	0.03825669	7387.3696	-0.013211628	-1641.1553	15.654947	0.0009996805	3573.1491961479187
336	4572.617	27.75513	4608.4014	4523.9272	1000.0	402.74158	47.5058	454.98856	141.99646	1685000	0.005816034	6459.275	-0.012259607	-2407.723	15.613975	0.00036213436	3583.3783922195435
337	4554.8745	18.883394	4577.401	4521.6973	1000.0	423.9045	36.21418	455.7002	125.31452	1690000	0.03739285	7592.455	-0.012226103	-1967.9165	15.645912	0.0006120859	3593.416923522949
338	4570.7173	44.233295	4639.7354	4519.9697	1000.0	404.46936	52.407455	451.16382	110.07112	1695000	-0.057567604	6123.2183	-0.011546947	-2224.1191	15.635481	0.0004074669	3603.6569476127625
339	4528.4424	29.646378	4576.184	4498.1865	1000.0	424.04404	34.787567	455.50046	125.6279	1700000	-0.03326466	7384.5054	-0.015706398	-2538.2476	15.609978	0.00035030307	3614.1146211624146
340	4563.5713	39.39697	4609.5845	4491.725	1000.0	401.4976	57.135864	442.34695	-19.820137	1705000	-0.0462563	5420.282	-0.009038709	-2250.0452	15.651072	-0.00078457757	3625.65776181221
341	4529.3335	50.463802	4599.882	4454.163	1000.0	413.1797	58.697662	452.67328	54.06295	1710000	-0.0155289555	6494.408	-0.011197411	-1626.8345	15.657166	0.0007566303	3635.8278374671936
342	4520.7847	47.837112	4592.636	4463.3086	1000.0	406.42093	38.53653	449.06885	-1.3428388	1715000	-0.0010587219	5923.0645	-0.011218066	-1760.2534	15.67294	-2.2202874e-05	3646.2782752513885
343	4522.6943	51.507496	4616.3276	4460.988	1000.0	395.31174	74.3677	450.81366	30.857262	1720000	-0.03328869	9663.411	-0.011850074	-3638.192	15.665898	0.0002803257	3656.6803760528564
344	4538.872	42.576336	4617.9873	4490.553	1000.0	412.4656	27.711504	452.44296	196.00029	1725000	-0.074005805	7306.9214	-0.012177639	-1759.7305	15.690373	-0.0010621757	3667.224055290222
345	4537.954	45.831882	4583.8057	4453.2	1000.0	390.9985	63.954563	453.54034	117.584045	1730000	0.041423783	6831.7666	-0.013232615	-2324.0166	15.655291	0.0001928053	3677.5392920970917
346	4518.301	38.644775	4571.1465	4475.916	1000.0	423.80725	29.683346	456.7158	140.00526	1735000	0.028118774	7700.158	-0.011255505	-1367.5586	15.6668625	-0.000653928	3687.8462102413177
347	4520.9175	28.061392	4553.3784	4481.4585	1000.0	407.18274	26.93019	453.75726	19.563225	1740000	-0.0061550047	7244.4346	-0.012294976	-1027.5103	15.643478	0.00072438543	3698.4616701602936
348	4523.8955	54.753185	4581.654	4456.8325	1000.0	407.74344	26.236965	452.2804	132.07562	1745000	-0.039540425	7274.2046	-0.010357898	-2170.5288	15.692427	0.00027403928	3708.7672307491302
349	4560.736	36.461693	4620.558	4511.183	1000.0	405.89276	42.518288	448.91925	31.37045	1750000	0.027726954	7124.323	-0.011787331	-1556.9629	15.6344795	0.001141955	3718.928865671158
350	4541.4995	44.84334	4598.6733	4462.2666	1000.0	394.8214	67.95749	444.75977	80.50586	1755000	-0.0019823762	10112.322	-0.012993136	-3368.4312	15.637818	0.00028123587	3730.367432117462
351	4561.633	46.537235	4626.833	4514.9717	1000.0	413.9959	23.609385	456.73334	169.5767	1760000	0.017419929	7876.3896	-0.010491083	-2624.3193	15.589425	-0.00020293579	3740.961760997772
352	4538.452	74.97897	4662.431	4446.049	1000.0	405.3574	52.174652	455.06815	103.898056	1765000	0.0032075134	6389.2993	-0.013610305	-1513.3545	15.632092	0.00034317607	3751.217686891556
353	4555.9106	91.2439	4726.53	4459.2964	1000.0	400.11166	61.59075	455.76407	92.66058	1770000	-0.04367992	8793.673	-0.013568029	-3376.724	15.629669	0.0010572647	3761.4576048851013
354	4583.5806	19.836422	4610.342	4556.968	1000.0	398.34433	54.118523	453.80524	62.396606	1775000	-0.03074394	4467.1895	-0.011969769	-2004.6829	15.646759	0.0010649927	3771.839215993881
355	4530.5645	19.836836	4564.645	4502.553	1000.0	436.6178	38.96976	463.23315	207.1604	1780000	-0.016050147	6964.368	-0.011929071	-1686.8008	15.6449175	0.0008699244	3782.157491207123
356	4526.979	55.910637	4596.1797	4434.6	1000.0	405.11124	48.332813	442.25967	127.1267	1785000	-0.021474792	6526.1826	-0.011192149	-1375.9946	15.635689	0.0007715349	3792.191627264023
357	4589.0806	60.218388	4694.9404	4519.847	1000.0	385.77496	75.342735	449.24744	66.95328	1790000	-0.07140616	5794.413	-0.01125218	-2569.9646	15.5792675	7.7911376e-05	3802.2764761447906
358	4538.007	36.990833	4570.672	4471.3735	1000.0	437.2168	16.888468	459.89526	215.0183	1795000	-0.1454418	8824.53	-0.016190112	-1643.8999	15.601347	0.00069059886	3812.6009471416473
359	4520.32	51.89353	4575.138	4424.5957	1000.0	387.31735	62.63963	444.9997	136.7293	1800000	-0.011921777	6471.398	-0.0115665225	-2320.3726	15.664998	0.0009843172	3822.9279720783234
360	4551.837	39.99038	4616.4917	4501.995	1000.0	413.17523	42.305145	457.10797	131.15367	1805000	-0.06686389	9800.025	-0.013233393	-2437.834	15.648706	0.000770602	3834.950052499771
361	4557.4116	33.44274	4600.3003	4506.834	1000.0	408.62106	20.979654	455.93732	251.89136	1810000	0.06325922	7088.5776	-0.012945183	-1932.7993	15.638959	0.0008807009	3845.192300081253
362	4532.0835	64.29492	4614.696	4439.282	1000.0	405.76132	40.306244	451.83572	174.52151	1815000	-0.035952285	7814.2056	-0.011847224	-1475.1069	15.629803	0.00038263854	3855.8253581523895
363	4542.3096	54.7045	4604.142	4471.6753	1000.0	407.0967	35.688988	447.3104	161.83615	1820000	-0.01192034	7669.4766	-0.011234585	-1217.2861	15.661311	0.00067963696	3866.1946585178375
364	4516.4707	23.475544	4549.175	4485.9517	1000.0	409.7315	20.411312	451.26184	218.2283	1825000	0.022029322	7750.8394	-0.012434171	-1396.688	15.660047	0.0009640499	3876.7693305015564
365	4526.544	44.75075	4605.6333	4475.455	1000.0	387.239	63.71167	443.8609	152.27046	1830000	-0.034404993	9025.316	-0.012773033	-3193.5547	15.684572	0.00093004014	3886.926438331604
366	4546.402	96.996086	4682.301	4417.916	1000.0	412.19766	27.255848	456.15222	216.3052	1835000	-0.04830486	6959.456	-0.009924993	-1153.9956	15.64945	0.00030218143	3897.0796463489532
367	4538.507	40.873882	4586.8926	4464.403	1000.0	398.40555	51.71722	452.60413	199.42615	1840000	-0.032989763	9202.099	-0.014001925	-2934.2373	15.665024	0.00069515855	3907.4804286956787
368	4525.3604	23.226559	4549.5605	4491.949	1000.0	413.2186	25.886564	450.79602	202.12581	1845000	-0.02228919	6700.1255	-0.009914223	-2732.3716	15.638941	-0.00042407762	3917.7020576000214
369	4545.546	23.690554	4576.412	4515.9146	1000.0	410.93552	36.716286	446.02722	78.02951	1850000	0.006983456	6299.493	-0.012180859	-1772.7344	15.665347	0.00043190326	3927.835535287857
370	4547.376	37.39686	4609.607	4496.3228	1000.0	401.87424	53.34783	452.89767	56.662132	1855000	-0.01797223	5306.2847	-0.012841197	-2146.8367	15.647972	0.00028760204	3939.5942900180817
371	4560.0806	85.956085	4689.38	4442.3125	1000.0	379.13895	90.294014	457.85196	99.98741	1860000	-0.025801612	9872.056	-0.010224054	-4907.7334	15.580365	0.00046950206	3950.084002017975
372	4584.139	23.792658	4608.6523	4543.0293	1000.0	424.0194	44.273327	456.8271	107.56389	1865000	0.008551191	4793.0195	-0.01114812	-2254.074	15.645933	0.00040191747	3960.3259460926056
373	4507.23	47.055855	4551.901	4437.6865	1000.0	428.5397	26.846539	461.48807	178.76967	1870000	0.06424481	6719.2114	-0.015625197	-3376.7532	15.597788	0.0011320822	3970.6800849437714
374	4559.085	40.67166	4614.6807	4499.1353	1000.0	374.9836	92.9206	453.3459	34.446106	1875000	0.0182714	9788.604	-0.011465589	-5212.176	15.644244	4.8649217e-05	3980.899055957794
375	4508.0146	38.74441	4569.912	4468.07	1000.0	425.4107	35.548267	462.81247	226.7391	1880000	0.04465603	6482.003	-0.008088801	-1341.1157	15.685847	0.000750098	3991.11173081398
376	4580.868	49.220657	4636.044	4495.4697	1000.0	387.27563	65.46755	449.28397	198.1726	1885000	-0.05560599	8028.3784	-0.010903072	-2860.7192	15.621372	0.0015290219	4001.254055738449
377	4529.0923	57.668102	4632.745	4473.736	1000.0	427.1488	34.95017	453.08896	128.9608	1890000	0.06725225	8095.428	-0.011513554	-1464.9971	15.621286	-0.0002561571	4011.3633942604065
378	4524.7666	39.926983	4592.6885	4485.123	1000.0	404.79074	31.156837	450.08093	230.7408	1895000	0.0338438	7159.6665	-0.010358419	-759.7339	15.667667	0.00060926017	4021.880749464035
379	4534.6514	33.054344	4574.3306	4488.3633	1000.0	405.00845	30.92789	455.43317	207.03336	1900000	0.027615314	7242.1714	-0.012124012	-1179.7446	15.613729	0.00060283835	4032.1968924999237
380	4528.345	31.307928	4563.8623	4476.3887	1000.0	410.10205	31.8962	452.57596	215.51266	1905000	0.09840628	6661.868	-0.011416271	-1829.4365	15.583654	6.149883e-05	4044.3864748477936
381	4559.19	120.59821	4797.17	4472.113	1000.0	409.71317	32.05471	453.2651	182.38985	1910000	-0.015729884	7870.4766	-0.01313103	-2618.662	15.612006	3.1230546e-05	4054.7847356796265
382	4524.485	63.569065	4650.8613	4484.49	1000.0	403.3743	57.700233	456.88162	161.6345	1915000	0.021187153	7219.489	-0.011162763	-2201.3994	15.64666	0.0012702881	4064.9109082221985
383	4503.198	51.09681	4593.2827	4454.6777	1000.0	408.51746	36.435814	454.07327	207.76009	1920000	-0.04323821	6389.5083	-0.009389151	-1059.8672	15.625893	-0.00036396045	4075.116462945938
384	4574.3013	22.935347	4607.486	4541.8223	1000.0	386.32324	63.38756	454.24857	153.85658	1925000	0.04893042	5952.045	-0.012828417	-2672.8582	15.68305	-0.00042251224	4085.652334213257
385	4553.165	81.48693	4680.774	4441.0796	1000.0	430.381	27.63123	457.5954	148.14001	1930000	0.037942313	6734.8096	-0.013544703	-3123.414	15.619344	0.00023315926	4095.903998851776
386	4548.959	49.467896	4612.6753	4496.705	1000.0	404.12015	70.976654	454.71805	134.65546	1935000	0.013865015	6514.8667	-0.010781873	-2122.063	15.654872	-4.7750666e-05	4106.093045949936
387	4538.8945	60.164555	4646.9976	4480.771	1000.0	425.8808	19.670776	453.13855	224.1227	1940000	-0.023892948	7835.8174	-0.014243903	-1339.0752	15.626839	0.0015318829	4116.484411001205
388	4559.8135	31.404768	4595.1772	4509.2173	1000.0	391.31335	60.788017	441.97647	98.4511	1945000	-0.021831188	6064.4033	-0.012089971	-1984.6658	15.621951	0.00039013976	4126.772106170654
389	4497.551	36.62897	4520.623	4425.0425	1000.0	423.21924	26.903648	452.70697	162.58531	1950000	-0.08003308	6893.624	-0.011901222	-2711.2417	15.61325	0.0006017559	4137.206778764725
390	4568.784	38.287983	4617.348	4534.8	1000.0	388.1993	70.35964	448.85596	87.21572	1955000	0.004176019	8450.677	-0.01099587	-3226.9912	15.599525	0.0011051256	4149.663435220718
391	4564.3696	16.751245	4593.719	4546.1353	1000.0	415.1815	46.93607	457.8688	199.22998	1960000	-0.03335889	6212.432	-0.012195148	-1141.4741	15.621084	0.0010940894	4160.600013971329
392	4526.998	55.103306	4595.0938	4432.5254	1000.0	411.55054	53.222336	453.9085	157.34744	1965000	0.03279162	8301.116	-0.012122422	-1512.542	15.690986	0.0005515461	4171.205929517746
393	4545.809	47.713085	4623.3633	4479.2515	1000.0	410.82098	28.243086	442.85364	231.68088	1970000	0.05932829	7980.837	-0.009481922	-840.95215	15.628341	0.0013809156	4182.161908626556
394	4548.526	48.981846	4619.5884	4484.1675	1000.0	407.72867	28.846992	440.09473	209.39717	1975000	-0.027662564	6188.021	-0.012915544	-1540.708	15.596352	0.0016244823	4192.998329639435
395	4553.829	30.785387	4610.269	4522.1616	1000.0	400.43332	52.37537	443.29153	157.85172	1980000	-0.113634445	7986.6113	-0.012820654	-1990.1768	15.607206	0.00079402904	4204.233277797699
396	4550.2603	47.566162	4625.2827	4476.153	1000.0	412.45483	38.1086	459.24942	204.73946	1985000	-0.041581087	5620.4126	-0.01002752	-1514.3813	15.593442	0.00057158375	4215.262474775314
397	4577.2656	40.9209	4613.0815	4498.8647	1000.0	416.2942	43.59253	448.4007	52.745983	1990000	0.041375086	6950.156	-0.0105637815	-1279.7832	15.663236	0.0006934727	4226.219548463821
398	4555.742	76.85108	4667.7065	4447.926	1000.0	410.6416	37.57854	451.07092	73.03648	1995000	0.073009916	7696.828	-0.017629113	-1489.1865	15.680744	0.00036146602	4237.115158557892
399	4542.5205	59.611023	4609.3306	4468.883	1000.0	402.9002	54.63742	449.7287	171.57867	2000000	0.05707942	6738.2456	-0.011553898	-1728.7554	15.702873	0.0008712067	4247.913663625717
400	4551.88	14.475029	4572.7344	4533.9863	1000.0	413.83466	33.976723	459.25696	198.85635	2005000	-0.046421245	6678.2334	-0.009249873	-1703.81	15.5897	0.000234655	4260.771753311157
401	4561.658	67.129486	4668.813	4478.9336	1000.0	406.63034	55.672512	455.41907	136.03465	2010000	0.04605786	9205.949	-0.012976393	-1991.9629	15.626554	0.00053857535	4271.787907600403
402	4522.3193	20.770794	4555.821	4497.9927	1000.0	414.9899	16.67951	461.61716	212.60321	2015000	-0.034013215	7410.49	-0.012957085	-1274.896	15.621925	0.0015626265	4283.228949069977
403	4524.8164	27.441118	4553.4644	4491.7773	1000.0	388.3597	52.822266	436.4834	184.53311	2020000	-0.012313388	7841.158	-0.012314908	-2220.3062	15.613962	0.0017963352	4295.170327663422
404	4518.8555	30.637886	4553.808	4471.712	1000.0	416.6991	30.918697	459.33792	220.55977	2025000	0.005714844	6514.3853	-0.010052636	-1114.919	15.617559	-0.0005875124	4307.161716938019
405	4542.082	20.915878	4557.3813	4501.223	1000.0	408.58148	31.015625	449.0286	211.40622	2030000	0.09974748	6209.9814	-0.010384865	-2059.1475	15.667306	0.0011337866	4319.287278413773
406	4528.2314	52.027954	4631.2305	4491.886	1000.0	399.6246	55.60173	464.40964	167.03757	2035000	0.010895404	8015.258	-0.016226565	-2258.6138	15.651497	0.000384848	4331.549856901169
407	4557.1475	48.154797	4634.0366	4499.608	1000.0	414.89523	31.47298	456.80557	165.54623	2040000	-0.04458294	6694.08	-0.0129522905	-1594.9746	15.66025	0.0002563078	4343.903535366058
408	4524.6685	57.69884	4618.4956	4446.6167	1000.0	404.38806	53.87146	450.18048	151.65915	2045000	-0.028881479	7814.986	-0.010195799	-2037.0913	15.666191	3.3988763e-05	4356.003546953201
409	4532.1055	19.125496	4551.6787	4504.038	1000.0	413.01636	28.303366	453.0119	200.95073	2050000	-0.12252507	6115.8135	-0.011652209	-2085.3591	15.588412	0.00083035947	4368.862719535828
410	4529.7295	81.544174	4636.4707	4429.29	1000.0	406.30753	53.621998	461.52386	152.45819	2055000	0.0046223756	7631.86	-0.013402765	-1774.4902	15.654578	0.00045834619	4382.946864366531
411	4536.877	41.393143	4575.6523	4458.7935	1000.0	409.5275	28.783096	449.9928	164.94063	2060000	-0.010906079	6704.6216	-0.013452633	-1806.8823	15.649429	0.0009319897	4395.91480755806
412	4561.956	56.20615	4652.05	4495.7227	1000.0	390.0435	68.00279	452.21677	125.17209	2065000	0.005405725	8950.196	-0.012399571	-3421.724	15.610453	8.317184e-06	4408.3355576992035
413	4575.7383	76.87827	4656.947	4479.5527	1000.0	408.4409	48.933136	476.0021	166.78157	2070000	-0.033780012	7444.6846	-0.01393095	-1349.584	15.652084	0.0011178416	4420.933743715286
414	4537.72	25.067816	4576.965	4503.528	1000.0	425.29184	16.93772	470.83463	259.32037	2075000	0.0027697647	7606.4175	-0.011644875	-1626.939	15.60904	0.0013998497	4433.1560525894165
415	4564.3774	58.813282	4634.4287	4496.583	1000.0	388.17706	51.272667	454.51355	173.37961	2080000	0.033805467	6955.4688	-0.013185179	-3057.4856	15.666475	0.00040866967	4445.5639543533325
416	4552.22	44.85502	4595.852	4471.4673	1000.0	410.30746	60.281498	465.4107	119.16061	2085000	-0.0034226195	6876.132	-0.01574391	-1506.3091	15.646769	-0.000318713	4459.030650615692
417	4541.911	41.153984	4603.7197	4486.9624	1000.0	419.9545	35.1975	460.67447	200.17815	2090000	0.0028291931	6579.004	-0.00973852	-1667.9541	15.668397	0.000567663	4472.198593854904
418	4508.8936	46.102566	4576.4136	4451.3667	1000.0	420.8681	17.222443	455.63358	219.56772	2095000	0.06679064	7600.4775	-0.012202837	-1642.1055	15.627372	-3.637104e-05	4485.397156238556
419	4529.036	42.526546	4557.8286	4446.4805	1000.0	392.2688	53.03269	469.15347	68.54867	2100000	0.014898248	6069.4746	-0.015333011	-1580.0566	15.636628	0.00074960233	4498.249626159668
420	4565.778	18.491436	4593.263	4541.35	1000.0	406.68835	52.24359	455.6523	95.38584	2105000	0.0457763	6074.076	-0.008346308	-2120.1387	15.557628	0.00033813133	4513.224580049515
421	4552.9893	43.929874	4606.3267	4498.527	1000.0	402.1697	64.79779	454.30228	107.468994	2110000	-0.006861029	7190.099	-0.012752814	-2305.5093	15.620756	-0.00062718295	4526.004273414612
422	4544.9736	64.52673	4641.4424	4458.4727	1000.0	423.5214	21.973087	472.5505	144.60684	2115000	0.05602444	7675.758	-0.014042489	-1435.7197	15.619738	0.0012979376	4538.717898607254
423	4531.0273	38.791477	4562.8657	4457.3735	1000.0	368.75165	95.58931	455.2599	78.97292	2120000	-0.023298437	10921.0625	-0.011314863	-6303.9683	15.563741	0.0010041205	4552.1044754981995
424	4568.508	40.667194	4627.1855	4502.0835	1000.0	410.55246	54.13549	461.4514	184.26743	2125000	0.028635373	6017.638	-0.01040557	-1356.2744	15.642814	0.0011217898	4565.452840089798
425	4558.068	74.18454	4695.1084	4477.227	1000.0	433.2868	13.054598	468.47366	238.61894	2130000	-0.007287622	7897.4272	-0.012485536	-2065.8774	15.671238	-0.0005337839	4578.784355640411
426	4552.521	78.932465	4707.207	4490.1084	1000.0	403.56366	36.94092	451.66064	136.75102	2135000	0.053266566	6498.194	-0.011227429	-1950.8955	15.783084	-2.5185967e-05	4592.163476467133
427	4552.068	35.609245	4596.289	4492.282	1000.0	387.23956	73.28439	446.51666	71.661705	2140000	0.027535072	6043.0596	-0.012219825	-3214.9607	15.603944	-0.00065464346	4605.295250415802
428	4524.41	68.489395	4629.253	4424.0635	1000.0	424.8899	48.671345	467.06873	176.54613	2145000	-0.0070109437	7124.864	-0.010097973	-1344.5884	15.711497	-0.0010182266	4618.102088928223
429	4580.8765	62.886353	4665.9897	4484.8774	1000.0	413.2119	35.284546	462.06018	195.11479	2150000	-0.019135548	7605.2246	-0.013288042	-1034.979	15.650684	-0.00017487125	4632.02468585968
430	4545.57	31.584024	4587.991	4506.2476	1000.0	395.94397	61.5321	447.82312	156.24417	2155000	-0.007337274	8125.727	-0.011552826	-2318.2412	15.651598	0.0003241234	4647.607309103012
431	4561.596	33.290596	4615.998	4525.6543	1000.0	404.0619	43.85762	447.97256	134.10078	2160000	0.007132068	6838.197	-0.009525361	-1885.7734	15.613625	0.0011826667	4660.791381597519
432	4517.8906	24.170841	4543.184	4474.6377	1000.0	418.60376	40.58651	458.5251	150.97995	2165000	-0.09122819	4969.588	-0.012255847	-1516.7734	15.626417	0.0009914234	4674.135053634644
433	4527.2764	38.924408	4595.7197	4490.325	1000.0	412.62564	55.761795	462.6792	85.30232	2170000	-0.027617743	6253.268	-0.013544483	-1654.9097	15.599767	0.00043826198	4687.552348136902
434	4557.3896	61.251225	4639.681	4472.2925	1000.0	385.16306	74.17151	460.04053	79.24019	2175000	-0.00022099915	7254.6143	-0.012927029	-2871.894	15.665396	0.0016335619	4700.807756662369
435	4554.078	59.25433	4660.455	4479.176	1000.0	424.96436	37.018394	460.95316	169.19516	2180000	0.0042024935	6658.817	-0.013293631	-1451.4272	15.6566	0.0004819441	4714.52144408226
436	4619.733	79.77239	4752.0103	4548.2124	1000.0	404.8932	52.530735	475.0672	138.59796	2185000	0.010174472	8243.492	-0.014290139	-2168.6235	15.711212	0.0011166164	4727.628225803375
437	4478.125	38.40298	4517.0913	4405.3477	1000.0	428.8012	20.568857	478.8701	154.12367	2190000	-0.008403305	8817.763	-0.010024352	-1598.4346	15.648134	0.00035863876	4740.729748725891
438	4529.499	49.441376	4599.782	4481.7695	1000.0	390.65216	35.964745	453.4782	200.02544	2195000	-0.024145646	6638.455	-0.010633042	-1467.6099	15.684567	0.0011359387	4754.2501430511475
439	4541.1934	36.416885	4599.0176	4484.4673	1000.0	405.95404	46.104187	455.3564	158.41475	2200000	0.022988092	5277.1343	-0.010198529	-704.7671	15.649319	0.0010616671	4768.498624324799
440	4522.914	27.439344	4558.0015	4476.652	1000.0	407.92065	52.763157	469.47803	130.65044	2205000	0.07321208	7227.2134	-0.012346245	-1827.186	15.612709	0.0013728865	4783.436083078384
441	4528.665	52.70492	4605.2993	4443.7573	1000.0	396.9561	48.65789	458.58972	163.54485	2210000	-0.0217336	6448.521	-0.012407631	-1502.3096	15.669656	0.0006849001	4797.354486465454
442	4575.835	44.389305	4614.584	4490.1626	1000.0	422.5012	32.084095	462.67917	116.12384	2215000	-0.015378937	8075.595	-0.014818972	-1722.4062	15.724731	0.0009653477	4810.9021644592285
443	4562.589	20.586493	4589.5635	4536.6343	1000.0	410.54395	42.1611	469.89154	218.12622	2220000	0.014798011	7466.2896	-0.010657972	-1137.1313	15.681969	0.00076474226	4824.441073894501
444	4561.8647	72.84847	4704.9365	4509.5977	1000.0	411.4343	39.815216	484.5916	216.6862	2225000	-0.0037715333	7748.4663	-0.012533282	-1381.73	15.686884	0.000548679	4837.483857393265
445	4584.202	90.75766	4755.1675	4491.13	1000.0	410.4499	26.503508	472.1921	227.44862	2230000	-0.036044948	7835.6904	-0.014188867	-1637.8613	15.604803	0.0007755402	4851.0266263484955
446	4529.509	82.78275	4662.708	4461.12	1000.0	409.94113	36.755497	460.25812	205.63167	2235000	0.019996356	6532.466	-0.011495569	-1144.1201	15.65465	0.001071618	4864.109798908234
447	4564.042	49.433464	4655.742	4506.496	1000.0	390.912	71.112686	461.24573	118.04354	2240000	0.032553278	7145.291	-0.011493906	-2413.2969	15.614106	0.0012187554	4877.445748806
448	4538.9873	27.303768	4582.931	4497.0127	1000.0	416.1587	47.133514	468.06436	185.9176	2245000	0.048460852	6116.552	-0.012870226	-1353.0908	15.5979395	0.0003182997	4890.484894037247
449	4490.5947	62.19719	4554.2124	4393.179	1000.0	416.93018	42.846226	458.83392	32.691265	2250000	0.05151498	7738.9614	-0.010789819	-1367.248	15.602147	0.00029802	4904.483471155167
450	4554.1787	31.42601	4596.856	4517.8223	1000.0	397.92627	35.555344	456.37198	196.00075	2255000	0.045318797	6926.907	-0.011244945	-2249.0918	15.638043	0.0012766189	4919.491755485535
451	4525.5728	41.74345	4602.5063	4485.486	1000.0	419.27124	39.73946	454.22272	192.908	2260000	-0.031085806	6162.7305	-0.010833504	-1853.0635	15.678909	0.00039198285	4932.55131983757
452	4511.2246	38.526382	4563.194	4472.3237	1000.0	408.0959	35.210175	458.40393	126.98714	2265000	-0.050487023	7272.821	-0.012152027	-1803.7764	15.60692	-0.00022122574	4945.252973556519
453	4604.728	59.95709	4669.715	4515.118	1000.0	378.02625	75.12528	455.45078	35.231174	2270000	0.080780275	10210.226	-0.01202786	-5434.16	15.589322	0.0009938735	4957.97763800621
454	4493.9233	45.310432	4540.368	4432.555	1000.0	432.5736	26.063337	462.09015	233.55125	2275000	0.005221533	7308.424	-0.009113269	-1851.5889	15.618957	0.00016457272	4970.666868925095
455	4600.8423	61.458866	4705.2935	4533.3623	1000.0	402.11426	38.27338	455.29306	197.88829	2280000	0.014004947	7845.516	-0.012250424	-1524.0952	15.708363	-0.00082038995	4983.492171525955
456	4539.399	44.582222	4588.787	4473.339	1000.0	403.92255	55.405655	459.25598	131.9175	2285000	0.089453824	5956.4634	-0.01586622	-1267.8096	15.653609	0.0011063543	4996.3564376831055
457	4519.593	29.299406	4568.716	4478.8228	1000.0	423.2155	17.165419	473.3646	194.31758	2290000	-0.02969336	7505.528	-0.016071877	-1525.0332	15.703944	0.0016789128	5009.580808162689
458	4552.378	31.459084	4601.87	4504.4	1000.0	406.52686	35.240257	447.2614	174.27933	2295000	-0.0013688721	6187.3774	-0.013268246	-1971.9648	15.631525	0.0009032919	5022.985203742981
459	4552.993	43.050163	4598.4683	4478.5137	1000.0	405.9531	56.101997	474.31335	76.19667	2300000	-0.020648403	7752.3574	-0.017741809	-1602.5347	15.676083	0.0015340745	5036.019673585892
460	4550.0273	42.01395	4617.7773	4501.7915	1000.0	408.07596	45.53235	460.91354	185.78528	2305000	0.015504889	5047.6406	-0.0077376836	-1538.0417	15.614987	0.00077093486	5050.495971918106
461	4612.0757	95.31872	4786.739	4516.2646	1000.0	384.5229	87.43111	460.75848	146.38345	2310000	0.002875647	5988.5015	-0.011029992	-3560.3503	15.723539	0.0003765133	5063.629585027695
462	4516.008	15.224412	4533.5176	4488.975	1000.0	444.87	10.172317	483.81796	205.3953	2315000	0.025344232	8234.478	-0.009967572	-3116.0312	15.5623	0.00093125	5076.8464386463165
463	4541.813	63.751057	4607.9077	4446.5376	1000.0	375.83194	89.91602	437.8797	51.45399	2320000	-0.029793616	11155.388	-0.009816136	-5838.127	15.690234	0.0007567503	5089.736339569092
464	4571.2725	53.58352	4626.108	4490.057	1000.0	423.595	25.582365	453.00507	226.14923	2325000	-0.060049053	6799.1265	-0.010850009	-3123.1824	15.63456	0.000507897	5103.085919618607
465	4588.175	43.06145	4656.22	4531.956	1000.0	399.83157	68.1969	468.88748	138.10307	2330000	-0.0012656433	6825.7695	-0.016857382	-1785.5312	15.639085	0.0004962181	5116.069756984711
466	4530.3403	52.87957	4586.642	4435.5464	1000.0	424.71515	39.87343	468.32812	206.4413	2335000	-0.0723547	7713.773	-0.013355494	-1247.6401	15.635571	0.0009608385	5129.040721178055
467	4555.3096	71.14299	4683.4233	4480.3423	1000.0	398.34476	36.30487	454.25	172.57878	2340000	0.0048680953	7814.163	-0.011522795	-1930.4443	15.6124935	0.0009976515	5141.963975906372
468	4579.913	31.830326	4637.924	4548.646	1000.0	408.2963	41.92913	455.57635	194.80449	2345000	0.03264417	6468.4854	-0.015508642	-916.32275	15.677314	0.00045376187	5155.550964593887
469	4556.801	71.348236	4612.521	4416.4204	1000.0	412.14825	48.4526	467.7455	175.40034	2350000	-0.040987767	5100.1064	-0.010237306	-1531.3538	15.587125	0.0012657903	5168.384758472443
470	4552.9785	69.707184	4626.83	4442.902	1000.0	419.57346	49.673943	474.94818	170.23952	2355000	-0.0077550504	5029.812	-0.009502577	-1234.7375	15.623028	0.0014396631	5184.022689342499
471	4563.222	74.818886	4686.061	4499.567	1000.0	412.30606	55.94448	458.38104	155.15045	2360000	-0.03179561	8185.2334	-0.01334155	-1767.1245	15.640057	0.00019565926	5197.296357870102
472	4533.1177	11.52356	4545.0293	4518.3003	1000.0	412.5976	27.277098	463.24857	210.33464	2365000	-0.011527942	6526.529	-0.013874103	-1342.1968	15.713081	0.0012667421	5210.512902975082
473	4547.028	56.438335	4611.584	4468.2305	1000.0	405.16156	41.95725	460.62955	124.30103	2370000	-0.08377886	6159.549	-0.010926262	-1609.669	15.65311	-0.00014082031	5223.997077226639
474	4548.2017	35.963863	4599.0615	4492.0894	1000.0	412.98035	50.481297	464.26718	155.23586	2375000	-0.050585795	5245.505	-0.010253768	-1754.9048	15.627176	0.00012253475	5237.216602087021
475	4582.3555	29.592487	4628.138	4535.5728	1000.0	396.90738	72.73741	454.84305	144.66907	2380000	-0.01662229	5675.768	-0.012646906	-1893.1089	15.630663	-7.5436976e-05	5250.031554937363
476	4518.394	43.294075	4578.5776	4455.3525	1000.0	429.0236	39.787453	459.4129	180.78114	2385000	-0.050109375	6150.732	-0.013886165	-1527.1426	15.65226	0.0011154198	5262.570031881332
477	4550.62	28.965216	4588.0425	4500.5684	1000.0	396.8459	63.03077	463.34583	152.6277	2390000	-0.057559364	7511.3623	-0.010979466	-3074.3472	15.690319	0.00011730194	5275.708171129227
478	4536.7197	52.048473	4625.909	4490.146	1000.0	421.21365	37.586872	461.11212	151.70285	2395000	-0.01975863	8564.115	-0.014930427	-1496.3662	15.649075	0.0002435625	5289.115840435028
479	4577.9663	75.53929	4721.888	4512.41	1000.0	411.0594	22.975086	458.77103	169.71373	2400000	-0.03888791	7097.368	-0.0113475025	-2682.0137	15.621503	0.00060704234	5302.332049131393
480	4534.254	64.68114	4620.909	4459.076	1000.0	401.967	64.13592	454.4815	126.9735	2405000	-0.0027134155	8018.6807	-0.01288866	-2589.6597	15.647111	-0.00026507853	5316.59904384613
481	4588.8477	80.03723	4724.2314	4479.09	1000.0	414.61987	34.143055	457.4524	163.63788	2410000	0.031059412	7250.008	-0.011401789	-1779.2148	15.598078	-0.0005469494	5329.549469470978
482	4544.876	23.563095	4572.038	4509.871	1000.0	414.3132	44.84543	454.0163	121.40978	2415000	0.02650074	8032.18	-0.010351801	-1182.7231	15.54288	0.00022181492	5342.116806507111
483	4583.4653	53.57735	4656.499	4512.041	1000.0	382.6616	60.296192	456.1929	69.24788	2420000	0.041914843	6936.488	-0.013756573	-2480.4414	15.556403	0.0013850138	5354.870916843414
484	4543.681	37.643387	4598.721	4495.718	1000.0	429.8574	40.11556	463.0492	-2.2303843	2425000	0.019629199	5687.9077	-0.010305731	-1194.9707	15.588847	0.00033835124	5367.6361083984375
485	4518.9326	55.07318	4570.963	4422.1284	1000.0	418.72876	31.67202	464.436	154.84326	2430000	-0.039630562	6340.112	-0.011728894	-898.4375	15.616678	0.0014871422	5380.930842399597
486	4559.019	41.71993	4610.3965	4506.607	1000.0	383.71094	75.3779	452.58093	106.82617	2435000	-0.045470186	6981.0903	-0.013895538	-2350.3745	15.610539	0.00057097623	5394.307590723038
487	4561.1353	25.22027	4587.4497	4522.176	1000.0	411.95813	54.97505	459.18164	175.07082	2440000	-0.102416955	8414.539	-0.011329941	-1877.1304	15.6056595	-0.00031580296	5407.270163536072
488	4570.0483	55.959908	4667.7803	4499.874	1000.0	422.8028	14.53471	458.05054	176.76569	2445000	-0.03942646	7747.448	-0.011428349	-1018.2866	15.591892	0.0012008181	5420.234430074692
489	4541.781	78.1269	4651.644	4423.1094	1000.0	407.63766	30.032412	447.42386	213.17166	2450000	-0.014098132	7614.99	-0.015532367	-1105.7158	15.688956	0.0006160427	5432.916033983231
490	4522.0415	49.383358	4584.14	4434.508	1000.0	403.57324	38.572563	444.14755	223.45575	2455000	-0.020159554	6777.9185	-0.009121805	-1414.3921	15.665453	0.0013652849	5448.049079418182
491	4581.757	42.08332	4649.9414	4529.7637	1000.0	398.6551	51.008778	441.4336	164.22188	2460000	0.009957557	5982.597	-0.014647486	-1462.4126	15.616783	0.0013458063	5460.5704028606415
492	4586.6626	59.866024	4683.2617	4494.89	1000.0	412.19965	50.15206	453.00027	-30.676182	2465000	0.012940393	5677.0044	-0.011899133	-827.8467	15.603812	0.0013335859	5473.145962715149
493	4530.297	65.66963	4619.0107	4417.42	1000.0	429.416	28.393845	474.95352	237.75269	2470000	0.0019247406	7152.826	-0.013887359	-1119.8076	15.572672	0.00013706608	5485.757664442062
494	4539.095	46.623253	4631.4023	4506.282	1000.0	408.31287	38.14445	447.5796	173.90411	2475000	-0.012293335	6233.0103	-0.014872931	-915.06006	15.601881	0.0015671803	5498.582751274109
495	4491.6265	48.21755	4554.3745	4434.5337	1000.0	407.99094	36.79512	447.27	181.53226	2480000	-0.044371873	6527.979	-0.0128402375	-774.06396	15.670783	3.7778855e-06	5511.167521476746
496	4550.8643	62.968758	4638.857	4474.995	1000.0	405.33786	40.41708	441.19998	141.33838	2485000	-0.026697742	6013.0625	-0.013898389	-957.3579	15.610249	0.0013492594	5523.822730541229
497	4576.797	38.75366	4630.5894	4525.255	1000.0	410.79803	32.477264	445.56265	208.80519	2490000	0.022160389	6446.0864	-0.010554169	-1871.2583	15.521107	0.00023584213	5536.811034679413
498	4551.1006	42.702328	4591.967	4475.6367	1000.0	408.45245	49.924385	446.5638	175.40874	2495000	-0.0012525147	4647.543	-0.010644929	-1962.7913	15.620175	0.0007432459	5549.733247280121
499	4527.1074	53.505093	4621.0	4467.7476	1000.0	433.2716	23.257511	459.26575	183.93385	2500000	-0.031661127	9546.566	-0.0109457895	-2002.0103	15.658585	-0.00022816792	5564.716515302658
