Epoch	AverageEpRet	StdEpRet	MaxEpRet	MinEpRet	EpLen	AverageVVals	StdVVals	MaxVVals	MinVVals	TotalEnvInteracts	LossPi	LossV	DeltaLossPi	DeltaLossV	Entropy	KL	Time
0	4510.3394	50.813705	4563.29	4425.694	1000.0	-0.10607141	0.71949255	2.8199046	-2.6404157	5000	0.044526532	174484.14	-0.07266262	-11670.859	15.728073	0.0947979	17.944384574890137
1	4487.9414	23.743898	4516.004	4447.3477	1000.0	14.232547	1.5775335	14.702938	-12.971233	10000	0.021783413	161482.31	-0.047430765	-5245.1875	15.709452	0.07737166	28.309539079666138
2	4527.693	40.339542	4585.2915	4468.2964	1000.0	20.972572	0.93379	21.064545	-16.184664	15000	-0.0061543686	159221.06	-0.037418325	-4486.5156	15.644629	0.06371663	38.02507448196411
3	4493.9927	45.738743	4542.495	4423.6733	1000.0	26.735712	1.3194158	26.820478	-26.002583	20000	-0.023321848	150541.28	-0.03171393	-4120.4844	15.686582	0.069755234	47.48030686378479
4	4489.4375	49.56306	4549.2363	4404.949	1000.0	32.03055	2.8720155	32.26715	-31.388536	25000	0.005280127	147595.14	-0.025888655	-4101.453	15.681809	0.08605127	57.045823097229004
5	4552.417	36.583797	4596.484	4490.9917	1000.0	37.45253	1.888219	37.581123	-34.157734	30000	-0.007281418	147392.39	-0.022267193	-4002.3594	15.742968	0.09900162	66.76673293113708
6	4565.0303	88.91312	4717.662	4468.217	1000.0	42.82765	0.85569006	42.86962	2.0347128	35000	0.050053146	143806.34	-0.02205015	-3845.5625	15.7165985	0.097216584	76.559326171875
7	4526.664	37.646667	4573.7036	4485.5522	1000.0	48.018326	1.4831513	48.08852	-8.320352	40000	-0.0005790436	139279.95	-0.015931789	-3745.8281	15.647328	0.085474364	86.10756254196167
8	4485.0806	17.927872	4507.0107	4463.835	1000.0	53.183693	1.2838519	53.226902	-14.395604	45000	0.06301925	131202.12	-0.01769929	-3531.4688	15.743083	0.06526439	95.97275066375732
9	4499.4	29.747656	4540.5166	4453.394	1000.0	58.205788	1.4317441	58.245163	-37.457016	50000	-0.00513992	128987.93	-0.016874693	-3472.2812	15.748481	0.07966234	105.81917881965637
10	4517.046	78.163445	4617.055	4442.676	1000.0	63.21869	0.5188304	63.23668	32.71979	55000	-0.03996087	126809.79	-0.011764631	-3416.086	15.710091	0.10009217	116.13334727287292
11	4486.3447	50.98385	4572.7275	4441.2227	1000.0	68.19951	0.18524349	68.2094	60.446304	60000	-0.053556368	122603.07	-0.015125528	-3311.1406	15.727592	0.060715526	126.23929762840271
12	4523.6514	77.57337	4643.1523	4426.8076	1000.0	73.06886	1.3626806	73.12688	6.8982935	65000	0.03034746	120929.69	-0.015768897	-3311.4453	15.7446375	0.1115656	137.3726887702942
13	4502.7534	45.4542	4556.8945	4429.4795	1000.0	77.92155	3.0413885	78.03493	-70.78956	70000	0.0043691164	115760.766	-0.014297113	-3229.5547	15.616181	0.08719292	148.0100073814392
14	4516.529	23.641935	4558.3154	4488.2695	1000.0	82.83803	1.4252331	82.87551	1.8340325	75000	0.023091586	113411.27	-0.012174707	-3138.0703	15.654737	0.066708975	158.55516958236694
15	4485.95	46.217506	4572.3003	4445.055	1000.0	87.66909	1.4029194	87.705124	-6.8492355	80000	-0.035615273	108377.65	-0.010328215	-3022.7656	15.698179	0.08139822	169.0778467655182
16	4488.0454	29.568954	4539.044	4448.765	1000.0	92.4563	0.34201196	92.46742	73.396515	85000	0.07746227	105952.58	-0.0120992735	-2949.3203	15.703159	0.091115475	179.8192479610443
17	4533.093	60.587997	4600.3022	4439.141	1000.0	97.14409	1.3573025	97.20197	44.970284	90000	-0.02027539	105685.01	-0.015924932	-2993.3125	15.752484	0.117318936	190.4449803829193
18	4497.52	47.815853	4554.615	4422.113	1000.0	101.9258	1.807601	101.96363	-22.63619	95000	0.036046203	99768.695	-0.012112586	-2854.0	15.685272	0.10897527	201.22583746910095
19	4517.1875	52.139538	4586.8438	4427.2573	1000.0	106.623634	1.5965468	106.65305	-5.678894	100000	0.042273168	98086.305	-0.012219707	-2812.125	15.693614	0.10543236	211.97682762145996
20	4513.1714	76.91671	4620.047	4391.322	1000.0	111.3286	0.15572152	111.333984	101.1172	105000	0.011307272	96110.016	-0.012916995	-2753.3438	15.734258	0.10076531	223.03506588935852
21	4477.4043	20.078873	4508.5117	4455.5166	1000.0	115.99258	0.16089718	115.99853	106.82359	110000	-0.0006370026	90258.51	-0.011224878	-2619.0156	15.6518545	0.07933975	233.74970316886902
22	4546.3726	45.743145	4592.9497	4467.6895	1000.0	120.4759	3.3496177	120.57646	-64.83118	115000	0.08826087	92190.914	-0.0126309395	-2745.2969	15.706253	0.07714977	244.6880292892456
23	4519.259	35.459293	4563.484	4462.6006	1000.0	125.176216	2.1234457	125.219696	-21.778578	120000	0.035902496	88395.23	-0.013480432	-2621.0	15.716224	0.08833602	255.42771410942078
24	4526.325	43.60775	4610.5586	4493.593	1000.0	129.79402	1.2433858	129.82076	47.11018	125000	-0.07677585	85407.875	-0.011888757	-2542.4375	15.721709	0.08899009	266.36658787727356
25	4541.678	53.45185	4615.4014	4475.917	1000.0	134.30385	2.3493326	134.38225	3.8943486	130000	-0.056480993	84335.445	-0.012291264	-2547.6797	15.757834	0.10216546	277.2317228317261
26	4466.6143	25.928965	4509.74	4435.2183	1000.0	138.92343	0.6885937	138.94249	94.01889	135000	0.0058037783	77055.805	-0.011735467	-2326.289	15.679675	0.09668755	288.22484254837036
27	4561.974	27.037853	4604.78	4524.299	1000.0	143.33054	1.0834215	143.3714	85.35963	140000	-0.06623671	80268.445	-0.011974156	-2448.1328	15.718955	0.094341345	299.13350224494934
28	4502.314	57.654762	4601.633	4441.6934	1000.0	147.91069	0.10220578	147.91457	142.37724	145000	-0.016830558	75312.32	-0.0135086235	-2298.9531	15.755742	0.09426333	310.0786292552948
29	4496.2725	43.433548	4559.398	4454.916	1000.0	152.21033	4.7694445	152.37358	-79.4056	150000	-0.011484613	72460.31	-0.01237926	-2337.6094	15.818506	0.09993291	321.036838054657
30	4521.1953	67.36553	4653.63	4468.1274	1000.0	156.71938	2.2507415	156.78319	29.417053	155000	-0.020117072	71061.75	-0.013095768	-2231.3281	15.69335	0.10152677	332.6773386001587
31	4500.9575	34.724194	4547.3657	4458.6567	1000.0	161.04686	5.0317	161.20131	-109.998955	160000	-0.0035065827	68197.45	-0.010887872	-2223.4688	15.736979	0.05377095	343.8378474712372
32	4474.5596	71.38097	4542.899	4384.9307	1000.0	165.54918	0.25021347	165.56017	152.0377	165000	-0.026017597	64516.48	-0.011946814	-2046.1133	15.732931	0.08496865	354.8191246986389
33	4461.042	39.23083	4509.8	4413.817	1000.0	169.8218	1.9424065	169.86964	47.091984	170000	-0.0009059936	62536.37	-0.013579492	-2013.832	15.648125	0.08234972	365.7766008377075
34	4515.8003	47.24516	4590.234	4442.2676	1000.0	174.1043	2.1702406	174.1564	42.576057	175000	0.022632953	62870.254	-0.014188874	-2041.7852	15.715634	0.094457336	376.7179720401764
35	4534.1655	64.34264	4613.247	4461.433	1000.0	178.4749	0.34856963	178.48447	156.57436	180000	-0.055100963	60906.027	-0.0122496635	-1976.9023	15.725217	0.10504038	387.5098509788513
36	4502.566	40.097984	4568.4927	4444.6704	1000.0	182.746	3.3963456	182.80489	-56.536495	185000	0.019064495	58139.598	-0.00858623	-1945.6016	15.712081	0.10434839	398.4190044403076
37	4524.4067	55.611988	4629.558	4463.706	1000.0	186.96465	5.0283294	187.07954	-148.28009	190000	-0.08408989	57508.33	-0.01341749	-1957.4219	15.694899	0.08674455	409.6482484340668
38	4493.2427	71.31793	4631.224	4426.8745	1000.0	191.30327	1.8417107	191.35999	94.174576	195000	-0.048587248	53817.035	-0.011137385	-1812.4961	15.7430105	0.08407485	420.6935360431671
39	4542.6943	39.313496	4581.786	4468.112	1000.0	195.50087	1.874888	195.566	119.13069	200000	-0.006137512	53955.207	-0.013551522	-1833.3516	15.67805	0.08045262	431.8112123012543
40	4454.4287	37.857426	4526.3726	4422.3364	1000.0	199.78836	0.44118804	199.8048	179.56493	205000	0.040605262	48581.773	-0.012119159	-1650.8789	15.7139015	0.1139343	444.3253002166748
41	4522.226	52.939327	4602.9854	4469.6294	1000.0	203.76254	5.703626	203.89743	-96.153564	210000	-0.054086305	49683.38	-0.011783265	-1752.7695	15.788516	0.11717129	455.4410288333893
42	4506.0283	72.91404	4584.0864	4378.5654	1000.0	208.03404	1.0461904	208.07101	154.70885	215000	0.05057704	47152.1	-0.0108871125	-1649.4688	15.687142	0.096572585	466.04081869125366
43	4537.9404	37.115097	4582.9233	4494.377	1000.0	212.05846	4.9338813	212.20938	-74.33215	220000	-0.116338626	46704.125	-0.014115751	-1715.1016	15.694553	0.08449017	476.79409074783325
44	4558.9326	69.94701	4685.0737	4481.142	1000.0	216.24118	4.3861947	216.35667	-79.88895	225000	0.040855277	46717.957	-0.0116610695	-1680.2539	15.697307	0.083367065	487.8093786239624
45	4597.4126	80.3179	4741.362	4512.6978	1000.0	220.469	1.4611648	220.5241	148.9977	230000	0.048468526	46304.746	-0.010107163	-1655.8164	15.800684	0.09413942	498.869836807251
46	4443.1016	53.857082	4537.7217	4380.907	1000.0	224.72052	1.658508	224.7542	109.08953	235000	0.09448606	39110.41	-0.010445498	-1398.8242	15.673584	0.06934569	509.7939615249634
47	4539.6826	43.789352	4596.9795	4492.4404	1000.0	228.6545	0.9413776	228.69327	194.05984	240000	0.035908245	40698.33	-0.011002766	-1460.9453	15.750015	0.06839191	521.0381171703339
48	4528.043	61.91006	4624.331	4453.9663	1000.0	232.6453	3.2217734	232.73203	45.99039	245000	0.0051803496	39283.04	-0.012048721	-1462.6953	15.710884	0.104438685	531.8570420742035
49	4512.1045	37.270786	4564.7466	4458.105	1000.0	236.66455	3.7424247	236.76434	12.393557	250000	-0.04287155	36388.03	-0.009856906	-1361.7969	15.717725	0.10553114	542.9166898727417
50	4516.9473	48.0142	4591.149	4444.824	1000.0	240.6274	3.114194	240.72794	85.949875	255000	-0.034363534	35330.7	-0.011745721	-1348.1055	15.738859	0.0804139	554.3740768432617
51	4551.0166	41.1507	4632.253	4521.871	1000.0	244.3973	8.5267105	244.66597	-129.93364	260000	0.021193469	35391.355	-0.012203674	-1422.0195	15.7088375	0.087607674	565.4145998954773
52	4569.458	41.464848	4649.453	4529.817	1000.0	248.59723	2.3532424	248.65533	99.38771	265000	-0.028313208	34845.633	-0.011631962	-1329.0977	15.767931	0.092545435	576.5133707523346
53	4535.4536	78.02516	4617.7983	4408.002	1000.0	252.5835	2.8148901	252.65576	73.73742	270000	-0.024961248	32670.26	-0.012170263	-1224.0449	15.658482	0.09873766	587.6359236240387
54	4488.5225	22.691467	4520.576	4459.313	1000.0	256.53598	0.42036104	256.55304	240.99248	275000	0.0129671935	30031.229	-0.00914588	-1128.7383	15.688837	0.069375575	598.8432264328003
55	4485.547	15.430565	4506.62	4466.361	1000.0	260.3271	0.3885919	260.34018	237.2363	280000	0.0144501	28909.19	-0.013295925	-1081.3105	15.6526785	0.065900475	609.7943215370178
56	4536.03	72.0792	4619.477	4419.0254	1000.0	264.01163	2.1409972	264.07996	155.65164	285000	-0.0069174133	28911.188	-0.011450579	-1111.6426	15.771012	0.10989758	620.8761756420135
57	4559.636	83.06966	4719.9595	4488.9155	1000.0	267.8398	1.082154	267.8688	202.91823	290000	0.046149794	28575.756	-0.013895538	-1108.9551	15.7413435	0.07316095	631.825382232666
58	4508.9346	52.856026	4601.5615	4443.5176	1000.0	271.67154	2.2344227	271.7158	114.7269	295000	0.019000513	26020.535	-0.011944022	-1003.15625	15.728444	0.078277014	642.8603909015656
59	4509.0283	14.223186	4526.4785	4483.3403	1000.0	275.36765	2.8159735	275.4124	76.628235	300000	-0.056934193	25231.143	-0.013947852	-976.22656	15.658717	0.057186097	653.722930431366
60	4549.3784	54.652306	4616.542	4487.633	1000.0	278.98096	2.969992	279.0947	175.0167	305000	0.014249298	25696.15	-0.0119714355	-1029.8516	15.731208	0.09432975	665.7996819019318
61	4509.9365	60.010017	4579.018	4417.315	1000.0	282.839	0.26118916	282.84747	270.85214	310000	0.06744527	23250.111	-0.008757073	-895.6133	15.777966	0.09958408	676.5192272663116
62	4549.4946	24.168234	4594.275	4529.152	1000.0	286.47272	0.036981557	286.47397	284.4513	315000	0.04104503	23020.07	-0.011302235	-896.33203	15.741641	0.10405144	687.6424307823181
63	4515.044	54.206676	4600.458	4451.7593	1000.0	290.04504	4.4016585	290.1301	4.3535337	320000	0.0020223663	21870.191	-0.011659701	-868.2969	15.7062845	0.08998972	698.5770182609558
64	4544.72	31.47726	4593.468	4504.812	1000.0	293.66226	2.3654	293.70187	127.00569	325000	0.020737775	21957.963	-0.009576867	-842.68555	15.76205	0.08789098	709.4059290885925
65	4498.382	51.088326	4562.64	4443.7275	1000.0	297.26736	1.9552578	297.30292	160.33685	330000	0.008681488	19928.95	-0.011368048	-776.06836	15.746014	0.085396774	720.5956966876984
66	4605.2646	85.30498	4710.692	4503.391	1000.0	300.7894	0.45901695	300.7974	268.44907	335000	0.048658676	21653.062	-0.011053886	-813.39453	15.678106	0.105185986	732.0699117183685
67	4565.994	59.241932	4616.029	4455.38	1000.0	304.4216	0.11457947	304.42514	298.5081	340000	-0.061646175	20187.83	-0.013229493	-775.6738	15.684223	0.057767604	742.9827198982239
68	4501.032	43.345562	4563.1606	4442.5454	1000.0	307.99362	0.20032373	307.998	294.71307	345000	-0.019487878	17291.121	-0.012474822	-641.40625	15.761892	0.08342988	754.2879681587219
69	4535.616	19.379776	4562.642	4517.3755	1000.0	311.19498	4.4239893	311.31512	75.31596	350000	0.04483606	17614.145	-0.010222785	-693.1914	15.713845	0.10801422	765.5285022258759
70	4527.4795	49.27841	4608.011	4457.434	1000.0	314.63074	2.549444	314.67038	134.5176	355000	0.011901141	16647.004	-0.0125856595	-631.8887	15.78893	0.090812854	777.1748824119568
71	4525.2554	86.7313	4674.9204	4425.364	1000.0	317.96973	0.3941523	317.9844	302.62164	360000	-0.054815046	15662.651	-0.011981308	-566.50586	15.813777	0.09317102	788.2115957736969
72	4554.389	36.940636	4592.982	4484.523	1000.0	321.1866	0.7328203	321.20047	271.91678	365000	0.025567845	16149.82	-0.010350161	-609.7451	15.685872	0.070129454	799.1099963188171
73	4507.883	49.44471	4569.768	4433.1	1000.0	324.4749	2.4675217	324.52942	154.08398	370000	-0.026994858	14840.707	-0.011170525	-545.4463	15.759785	0.08893465	810.2592997550964
74	4496.8506	50.271263	4561.52	4431.586	1000.0	327.69583	0.39542297	327.70538	301.3482	375000	-0.020735959	13866.64	-0.012408638	-465.94727	15.718178	0.0684973	821.5617985725403
75	4539.302	64.187775	4640.147	4461.3735	1000.0	330.64246	4.0550694	330.7337	56.654186	380000	-0.040484674	13945.101	-0.013263959	-540.30566	15.714947	0.096152976	832.3344388008118
76	4528.4014	36.521103	4568.403	4467.518	1000.0	333.83374	1.0251164	333.86908	285.96494	385000	0.0477159	13296.401	-0.013535809	-452.76172	15.680287	0.09370443	843.2919363975525
77	4537.988	41.30985	4598.9185	4473.3633	1000.0	336.8479	2.799536	336.91763	151.71326	390000	-0.060854156	13531.92	-0.012150239	-499.28613	15.671155	0.0694712	854.3772203922272
78	4553.0312	50.463512	4619.902	4482.4062	1000.0	339.92548	2.5140908	339.9868	166.6126	395000	0.0508851	13337.221	-0.012525238	-613.6211	15.73945	0.090194255	865.2837073802948
79	4521.482	49.61896	4583.5215	4440.8755	1000.0	342.6848	6.4081836	343.08527	68.213264	400000	0.014013257	11904.9795	-0.011102573	-808.34863	15.761761	0.095946275	876.2086849212646
80	4511.8545	46.77179	4570.4316	4448.9126	1000.0	344.57785	12.262452	346.0126	35.101273	405000	0.007781555	11725.64	-0.011754718	-1340.7227	15.674569	0.05425097	888.1971929073334
81	4511.178	31.09289	4562.627	4465.8765	1000.0	343.6072	22.163063	348.93127	-225.34616	410000	0.06773887	11773.077	-0.011395577	-2794.8857	15.693829	0.08489503	899.103901386261
82	4534.8994	28.527117	4580.089	4502.4976	1000.0	341.9267	30.342432	351.9948	-16.021622	415000	-0.07366151	12194.779	-0.01270099	-2456.2607	15.607303	0.07134535	910.1224217414856
83	4531.9136	76.89298	4648.9746	4425.406	1000.0	352.49716	13.252067	354.92502	153.31384	420000	-0.07334381	11206.347	-0.012299366	-1141.4199	15.6999655	0.10206599	921.2598834037781
84	4486.7764	46.204597	4561.561	4440.4966	1000.0	354.9493	14.939461	357.67188	63.942337	425000	-0.024087977	10358.834	-0.014769323	-1018.58105	15.727806	0.09251132	931.9123103618622
85	4555.8867	62.525787	4619.4077	4460.9834	1000.0	352.44305	27.598873	360.1714	-274.73074	430000	0.03367309	12768.286	-0.011816762	-2264.9658	15.635329	0.10291143	943.0216498374939
86	4546.225	65.35612	4636.507	4465.1655	1000.0	362.68814	3.8138187	362.85938	221.98021	435000	-0.061217714	10060.456	-0.012340356	-291.12598	15.7729845	0.101268865	953.6402733325958
87	4514.759	23.309427	4553.0527	4486.49	1000.0	365.32205	4.4962645	365.4448	79.74237	440000	0.07177272	9989.559	-0.011589251	-230.80469	15.744522	0.08714392	964.7770028114319
88	4538.4014	33.279533	4584.9844	4497.8896	1000.0	367.6608	3.3779898	367.81494	221.30403	445000	0.025074996	9870.96	-0.01002449	-230.5498	15.686435	0.059997194	975.6717939376831
89	4499.193	56.40741	4591.9844	4432.3	1000.0	370.20224	1.1709061	370.24786	315.2969	450000	-0.008568848	9065.787	-0.015554627	-158.96875	15.706253	0.06812585	986.5865061283112
90	4531.6484	21.811916	4565.6104	4509.09	1000.0	372.30774	3.1115625	372.42892	192.395	455000	-0.022729024	8775.177	-0.013714563	-208.68555	15.635522	0.07061366	998.3333430290222
91	4504.849	22.170101	4529.468	4466.7695	1000.0	374.52676	4.209779	374.685	162.31242	460000	0.026849909	8603.962	-0.012665836	-247.26074	15.669667	0.0986818	1009.4480335712433
92	4579.0493	51.76606	4639.2188	4500.203	1000.0	375.9113	9.116878	376.8478	-51.946056	465000	0.07227529	9941.0625	-0.010227662	-445.18262	15.732407	0.09490406	1020.5852475166321
93	4530.377	65.712074	4600.0854	4425.1313	1000.0	378.2786	6.273547	379.297	188.88943	470000	-0.020620849	8645.399	-0.0141754225	-420.5957	15.722965	0.09343706	1031.8826987743378
94	4605.9287	87.40504	4771.8613	4511.608	1000.0	377.88434	12.285722	381.46558	65.098564	475000	0.03079206	10216.514	-0.012310263	-715.459	15.664263	0.08454353	1043.1907103061676
95	4532.416	33.01212	4584.744	4489.224	1000.0	382.973	7.7769995	383.85208	161.96976	480000	-0.009001507	8623.448	-0.0118976375	-432.6372	15.773687	0.095294096	1054.1183805465698
96	4511.2744	47.682514	4585.595	4455.024	1000.0	384.2831	7.1419106	385.82153	280.16968	485000	0.006664398	8526.228	-0.0123002045	-826.41455	15.703014	0.06686855	1065.5670897960663
97	4509.7974	50.890385	4602.155	4447.7544	1000.0	383.0075	14.647526	387.6434	239.11414	490000	0.026821045	8338.883	-0.011629926	-1840.7988	15.693197	0.098359086	1076.5188264846802
98	4524.587	41.005215	4573.5645	4453.7104	1000.0	377.6311	28.000452	389.53302	79.611015	495000	-0.055444054	9167.184	-0.0128153935	-2514.3027	15.740716	0.111102834	1087.8845722675323
99	4526.8237	85.70912	4634.563	4414.65	1000.0	382.56256	23.90338	391.46643	118.82045	500000	-0.058599744	8590.614	-0.010923762	-2138.394	15.74699	0.076224364	1098.7726318836212
100	4546.514	47.390717	4618.003	4493.2754	1000.0	386.0498	22.006512	393.5113	135.59001	505000	0.023197796	8987.086	-0.015574224	-1692.6724	15.711897	0.060840443	1110.8636009693146
101	4523.9062	47.423904	4615.6177	4478.4707	1000.0	386.51245	23.920206	395.3952	-119.302925	510000	0.06742516	8914.461	-0.011420473	-1806.7266	15.688638	0.08389636	1122.0333228111267
102	4492.1006	78.26552	4590.12	4355.7256	1000.0	391.10632	18.29778	397.02856	192.8096	515000	0.012981104	8387.219	-0.012446838	-2380.2344	15.710089	0.043897048	1133.2519636154175
103	4561.4634	24.105082	4598.759	4524.7144	1000.0	386.27826	31.017302	398.59497	163.83432	520000	-0.015170294	9240.263	-0.0138077205	-2480.7588	15.709875	0.08815869	1143.978049993515
104	4508.5127	42.629997	4573.8984	4445.4536	1000.0	392.19156	25.974129	400.3586	85.199036	525000	-0.08310846	8649.701	-0.012153156	-1816.689	15.702744	0.12577693	1154.9232532978058
105	4537.7544	58.155045	4605.224	4447.2153	1000.0	391.56424	25.919523	401.70767	170.73004	530000	0.04330938	8431.241	-0.012504766	-1944.4302	15.77487	0.069187015	1165.9350550174713
106	4547.5747	47.614628	4609.3154	4482.972	1000.0	393.46265	26.813208	403.27518	213.10567	535000	-0.046049144	8212.247	-0.0109823495	-2637.4336	15.752648	0.092734866	1177.0407481193542
107	4513.135	59.41515	4570.2896	4432.394	1000.0	390.4885	33.70608	405.10284	219.5795	540000	-0.028181788	7993.783	-0.012490917	-2816.4565	15.647633	0.09230492	1187.9461629390717
108	4494.3057	28.322533	4527.9316	4456.899	1000.0	391.30142	33.399593	406.6536	51.5016	545000	0.04311626	9279.226	-0.012847088	-2371.629	15.709253	0.077888	1198.777957201004
109	4553.314	39.780224	4619.464	4512.297	1000.0	397.8993	22.318453	407.46698	124.214005	550000	-0.029853534	8426.639	-0.011571601	-1893.4224	15.614547	0.060737904	1209.9310719966888
110	4520.432	74.61215	4590.581	4380.615	1000.0	392.933	30.321117	408.71542	37.004322	555000	0.045507465	9680.368	-0.013325244	-2358.2417	15.777214	0.10741499	1221.951453924179
111	4527.7124	49.29654	4621.6963	4483.002	1000.0	399.3626	25.523275	409.55768	187.73842	560000	0.018263537	8807.245	-0.014271301	-1914.749	15.713164	0.08589123	1232.8090250492096
112	4515.6895	27.597803	4547.386	4474.3887	1000.0	396.65735	25.397558	410.44714	-69.27536	565000	-0.008656553	8529.158	-0.011370772	-1957.9824	15.676117	0.08254922	1243.6678750514984
113	4578.087	69.21332	4697.438	4509.963	1000.0	394.9976	27.298586	411.17017	175.55864	570000	0.031612165	9221.437	-0.011448549	-2522.4014	15.768163	0.09998539	1254.8095407485962
114	4527.997	39.335934	4579.9565	4467.6343	1000.0	399.22098	25.671871	412.58313	14.828312	575000	0.05716085	8201.819	-0.011185385	-2316.2979	15.748481	0.13477485	1265.7593183517456
115	4499.7783	49.83663	4577.512	4424.0464	1000.0	395.25406	30.869213	413.76266	152.51508	580000	0.034305215	8596.429	-0.015447225	-2973.544	15.66394	0.066656485	1276.6509022712708
116	4548.71	64.64964	4639.314	4471.253	1000.0	381.87967	44.69236	414.95914	81.82098	585000	0.047633618	10255.829	-0.010723524	-4851.965	15.719296	0.104588754	1287.6648490428925
117	4527.8154	43.041443	4587.8027	4464.363	1000.0	399.95688	30.996397	416.17947	114.18602	590000	-0.050398078	8843.6	-0.014555272	-2422.0972	15.674075	0.11183096	1298.4912157058716
118	4537.3486	32.321835	4576.0024	4487.3643	1000.0	395.14352	36.09664	416.97858	-36.70449	595000	0.0039483584	8691.073	-0.013154376	-3578.541	15.683609	0.10037089	1309.5979986190796
119	4522.6104	54.4428	4598.08	4436.3867	1000.0	389.69073	48.570763	418.3486	-18.271454	600000	-0.020987084	10457.078	-0.013795173	-3935.0142	15.798847	0.09773803	1320.5647203922272
120	4530.776	61.185135	4630.269	4459.3164	1000.0	399.42007	34.781982	419.20993	145.45636	605000	-0.02805791	8781.197	-0.015030235	-2885.4116	15.743573	0.096472174	1332.4657502174377
121	4506.634	56.079178	4583.4067	4447.1655	1000.0	402.7342	31.736963	420.052	185.44032	610000	-0.020019569	8295.656	-0.011990435	-2643.0532	15.696177	0.072073504	1343.772471189499
122	4557.283	43.929157	4615.277	4499.46	1000.0	397.44443	35.613342	420.67047	206.14627	615000	-0.020595063	8329.387	-0.012269456	-3141.7573	15.719616	0.09244393	1354.523605108261
123	4562.37	67.31345	4647.121	4477.293	1000.0	399.804	36.50865	422.03247	156.47458	620000	-0.00260838	9487.869	-0.0132764885	-2684.829	15.692134	0.08133175	1365.6962184906006
124	4545.495	64.01002	4630.616	4459.3633	1000.0	402.0409	34.799168	422.4231	104.20044	625000	0.028074961	8865.339	-0.012990434	-3086.9404	15.723055	0.08763912	1377.5048327445984
125	4558.043	64.88044	4655.3506	4463.0386	1000.0	402.54935	35.194427	423.43665	121.67661	630000	0.01224383	8940.671	-0.013758063	-2569.2139	15.653616	0.0585812	1388.8710613250732
126	4523.7524	34.91323	4562.085	4479.3306	1000.0	403.69263	29.603344	423.37967	93.449585	635000	0.027895667	8385.755	-0.011127142	-2422.5503	15.750834	0.10717097	1399.7035329341888
127	4499.4795	47.271408	4579.0977	4444.1367	1000.0	400.40726	35.967365	423.81738	80.00454	640000	-0.065128714	9223.188	-0.013666101	-2748.5479	15.693897	0.08156139	1410.7193682193756
128	4592.849	23.852898	4622.014	4561.386	1000.0	397.3765	35.257538	423.71866	198.83072	645000	-0.031949397	8807.559	-0.012623064	-2712.856	15.704622	0.08721529	1421.6946001052856
129	4508.277	37.71072	4563.9316	4450.56	1000.0	404.7979	31.29898	424.9888	136.26225	650000	0.089720495	8994.199	-0.011706129	-2505.2402	15.731984	0.07912371	1432.590910434723
130	4541.4062	35.495785	4604.673	4499.0054	1000.0	397.61023	33.45452	424.8389	145.33455	655000	0.008257312	8904.153	-0.013390955	-2699.5615	15.734931	0.083245374	1444.3843109607697
131	4546.1123	36.098953	4609.8896	4502.1235	1000.0	399.71274	33.3554	425.3641	163.10962	660000	-0.003252661	8727.561	-0.018312769	-2758.3628	15.751244	0.09121061	1455.584867477417
132	4546.8843	74.16026	4672.9565	4478.863	1000.0	400.5901	33.338284	425.7888	167.97307	665000	0.00347471	9122.178	-0.015906636	-2713.2769	15.740687	0.09535449	1466.754450559616
133	4485.4463	39.994205	4541.1074	4429.305	1000.0	402.3974	32.66471	426.1755	59.608128	670000	0.03473734	8751.954	-0.011882262	-3125.6387	15.564049	0.08368208	1477.5051546096802
134	4509.8125	61.581135	4593.3755	4428.423	1000.0	399.47357	36.629982	426.47156	143.68549	675000	0.045745198	9006.929	-0.014259357	-2880.8223	15.810272	0.07771468	1488.6651196479797
135	4566.9834	116.29747	4760.6265	4415.705	1000.0	396.7124	36.82255	426.3523	132.59259	680000	0.0076327575	9497.919	-0.011521161	-3473.2563	15.676885	0.078989364	1499.7164297103882
136	4513.4424	50.31024	4596.122	4442.2505	1000.0	403.5525	34.06589	427.441	156.06073	685000	0.004392108	8330.896	-0.013039245	-2856.8613	15.699748	0.08542444	1510.3905141353607
137	4535.9736	60.056496	4607.92	4453.5225	1000.0	394.19608	41.547413	428.11365	48.58415	690000	-0.06938164	8933.356	-0.013699718	-3336.5854	15.702547	0.07521958	1521.3289515972137
138	4476.1665	37.86655	4546.463	4437.013	1000.0	403.09985	35.95632	428.85703	150.15454	695000	-0.00746767	8086.8926	-0.013247905	-2832.3213	15.68949	0.0871189	1532.4496004581451
139	4566.545	28.88793	4622.917	4541.91	1000.0	393.54944	42.09464	429.09692	163.51486	700000	-0.024505444	8305.816	-0.012587864	-3778.167	15.6524935	0.05627146	1543.4840500354767
140	4550.5757	77.18999	4629.724	4405.5737	1000.0	398.8747	43.71961	430.94418	145.44391	705000	0.033033345	10060.579	-0.013049049	-3871.544	15.674625	0.07161721	1555.5350649356842
141	4537.5073	24.590847	4556.8535	4489.7793	1000.0	404.3275	38.13677	430.75253	145.61574	710000	-0.09135629	9241.504	-0.0130912885	-3245.1616	15.693682	0.07388415	1566.6008479595184
142	4526.525	51.239574	4576.7764	4455.5425	1000.0	407.51733	35.389603	431.09253	-75.37221	715000	0.03599863	9455.598	-0.012484757	-2892.2803	15.674457	0.08941296	1578.006056547165
143	4531.505	52.962555	4624.3223	4469.4443	1000.0	402.34595	33.878414	429.27426	193.85318	720000	0.0867357	8221.241	-0.012943253	-2788.751	15.716367	0.09061704	1589.1151759624481
144	4520.7334	42.334457	4576.9424	4462.2227	1000.0	400.15866	39.0313	430.17215	150.1119	725000	-0.027418781	8368.919	-0.010592047	-2785.059	15.624389	0.0697015	1600.041220664978
145	4497.581	32.61092	4559.1016	4466.2983	1000.0	404.1233	34.67948	430.34366	192.8267	730000	-0.037627723	8495.09	-0.010890722	-2866.914	15.745031	0.09608582	1611.1691229343414
146	4559.645	70.4655	4643.748	4471.4673	1000.0	397.34894	41.268085	430.69113	118.414185	735000	0.056316435	9101.75	-0.01169166	-3524.3755	15.725469	0.07703835	1622.2701222896576
147	4516.2197	33.086586	4549.8096	4454.714	1000.0	411.27515	31.765478	431.14465	193.46774	740000	-0.023395581	8614.691	-0.015106006	-2208.6348	15.750037	0.09609263	1633.0347414016724
148	4529.425	27.044958	4561.3716	4483.006	1000.0	401.68973	36.30322	429.39743	-182.27852	745000	0.012274408	8456.095	-0.014197675	-2689.3564	15.698322	0.11036322	1643.7440490722656
149	4501.118	29.990513	4528.235	4454.694	1000.0	403.13336	35.767826	429.50406	173.6098	750000	0.050658513	8434.268	-0.010937106	-2858.8652	15.736566	0.11627649	1654.662605524063
150	4489.3423	12.619706	4502.824	4471.6826	1000.0	399.32956	38.120636	429.85107	52.229095	755000	0.03833697	8471.803	-0.013982857	-2909.7114	15.7345	0.113399364	1666.79922413826
151	4535.6187	51.313133	4595.524	4466.27	1000.0	395.6236	42.458782	430.3566	116.892914	760000	0.034048956	9007.334	-0.014962275	-3562.499	15.709809	0.10518009	1677.5178318023682
152	4561.3022	49.57993	4635.5747	4494.7812	1000.0	398.37393	42.75099	430.48224	128.81367	765000	-0.013694488	9587.399	-0.012936109	-3400.6797	15.698154	0.10268284	1689.1243348121643
153	4539.483	25.591925	4569.776	4507.774	1000.0	405.39304	35.789883	431.2362	151.73563	770000	-0.034194477	8974.569	-0.012666393	-2610.7637	15.686722	0.07888244	1700.1955959796906
154	4502.233	40.458096	4558.2446	4448.4497	1000.0	405.0451	35.885094	431.20062	115.40075	775000	0.056848474	8025.0176	-0.011181947	-2570.04	15.798256	0.14458501	1711.3261089324951
155	4547.7134	63.760914	4670.1494	4493.164	1000.0	400.64594	36.786865	430.87204	77.342094	780000	0.050897364	8619.991	-0.013209052	-3176.2544	15.754628	0.12510894	1722.357605934143
156	4523.204	57.53357	4571.2227	4412.8677	1000.0	400.01068	42.31875	432.50507	67.15277	785000	-0.011607452	7413.917	-0.010365539	-2891.7256	15.732758	0.07826044	1733.5496141910553
157	4567.6636	57.74279	4675.8184	4510.4204	1000.0	404.7079	41.260098	433.4978	98.89313	790000	-0.05468622	9272.749	-0.014802165	-3224.751	15.774114	0.08300131	1744.731507062912
158	4516.7334	55.01553	4597.4785	4439.444	1000.0	397.15567	46.4397	433.3924	148.56918	795000	0.0044422364	8248.825	-0.010115443	-3571.2578	15.686584	0.121339075	1755.7655606269836
159	4528.1055	30.3217	4579.445	4492.9214	1000.0	406.34274	39.578278	434.52567	150.22627	800000	0.012587512	7956.4526	-0.014161333	-2828.143	15.680842	0.08087514	1766.6645398139954
160	4517.768	55.02648	4598.0303	4430.2285	1000.0	407.5771	40.08749	435.26135	143.31985	805000	-0.047466755	6727.019	-0.008518506	-3289.735	15.669116	0.073641196	1779.0603065490723
161	4514.982	48.498276	4590.642	4470.2935	1000.0	391.83197	65.99759	436.31564	62.018085	810000	0.05596353	12690.951	-0.012943137	-5611.972	15.736671	0.079913124	1790.2334144115448
162	4546.6978	84.05556	4711.3984	4488.0435	1000.0	411.1217	24.544147	431.7657	143.41495	815000	0.06995067	7754.3345	-0.014355093	-2209.873	15.720442	0.08334889	1800.974331855774
163	4463.189	40.15899	4526.4463	4421.3374	1000.0	405.58054	32.20169	432.4771	-89.43614	820000	-0.004661151	8247.853	-0.015100018	-2268.933	15.65089	0.09765405	1812.1100170612335
164	4519.8423	70.12764	4636.5957	4433.136	1000.0	395.18076	37.230736	431.85837	107.063324	825000	-0.009092426	9965.689	-0.013547931	-3242.7983	15.7036	0.0914334	1822.8405561447144
165	4566.6416	81.512955	4707.145	4474.605	1000.0	389.74896	39.131626	432.8082	69.29664	830000	0.053415943	8912.251	-0.01295625	-4033.371	15.731428	0.099942565	1833.522882938385
166	4522.16	53.999943	4621.607	4470.8706	1000.0	410.799	34.121376	434.66263	165.90318	835000	-0.019899627	8441.06	-0.012991952	-2428.9004	15.721332	0.101141535	1843.9296855926514
167	4584.082	41.32382	4632.85	4512.122	1000.0	392.70764	46.495625	433.61035	21.297525	840000	-0.039560687	8922.392	-0.013385132	-4532.373	15.761322	0.09978347	1854.4164037704468
168	4496.1807	53.089054	4545.5396	4405.69	1000.0	410.4012	41.978607	437.5278	106.30993	845000	0.060550462	8285.11	-0.011592999	-2972.753	15.710167	0.07715077	1865.0017547607422
169	4536.4863	64.10434	4636.8784	4446.344	1000.0	394.593	52.77328	435.26416	-55.4798	850000	0.021238456	8818.315	-0.012969428	-3752.7637	15.750267	0.09510987	1875.2818579673767
170	4536.824	17.901125	4565.312	4516.5474	1000.0	406.6441	44.674854	435.9109	143.01465	855000	0.0024446654	8893.985	-0.010490784	-2670.747	15.753131	0.106234364	1886.4904720783234
171	4564.346	60.544975	4663.962	4479.9365	1000.0	409.49905	31.090353	434.28314	166.64706	860000	0.02507836	8139.164	-0.01133151	-3182.9673	15.735975	0.07685606	1897.1455302238464
172	4527.915	74.08201	4609.8433	4410.7144	1000.0	405.02176	45.63012	436.22894	-48.887558	865000	0.026129395	8649.211	-0.011278351	-2944.1104	15.805675	0.114596926	1907.7908658981323
173	4525.1367	43.18674	4600.9297	4484.032	1000.0	404.15625	36.22931	435.11703	104.31454	870000	0.0021017333	9801.456	-0.012624664	-3286.6328	15.732556	0.0836214	1918.3381803035736
174	4522.8335	65.84606	4601.3887	4444.59	1000.0	401.5859	32.525444	436.3027	-81.99764	875000	-0.047289614	8918.851	-0.013264105	-2216.0508	15.860016	0.13741805	1928.722557067871
175	4516.3755	34.00051	4566.721	4470.869	1000.0	398.344	32.874104	435.4095	190.40038	880000	0.025514685	8671.71	-0.01310802	-2268.3467	15.7567625	0.08718859	1939.3380732536316
176	4525.7544	39.07036	4574.537	4454.627	1000.0	403.39886	36.386208	436.05603	108.46417	885000	-0.01444209	7878.7896	-0.011745209	-3687.917	15.753647	0.08132206	1950.1100916862488
177	4516.965	30.201797	4564.256	4482.2905	1000.0	411.6115	37.55947	436.34457	140.8305	890000	-0.0046834	7472.4336	-0.014205275	-2738.6182	15.699753	0.063839436	1960.5536236763
178	4523.0024	29.379274	4552.9507	4472.071	1000.0	399.2902	49.022156	436.9857	96.56472	895000	0.03096297	7263.972	-0.0138542	-2961.2158	15.7473955	0.11923722	1971.2706604003906
179	4493.7944	73.60804	4584.583	4406.5166	1000.0	406.13068	49.866188	438.11664	155.12367	900000	0.0048793335	9598.135	-0.010694644	-3269.709	15.742562	0.090341166	1981.895432472229
180	4523.757	56.5335	4614.241	4455.4688	1000.0	399.22583	35.77941	435.6405	113.95202	905000	-0.04496526	8016.1807	-0.0124755055	-2905.5176	15.74706	0.13267873	1993.9306540489197
181	4531.7607	26.63691	4576.977	4496.068	1000.0	406.17615	44.318523	437.7951	161.00215	910000	-0.01742775	7052.496	-0.012727613	-2474.6191	15.670984	0.083868735	2004.5177993774414
182	4558.8447	15.448901	4582.32	4535.787	1000.0	411.0394	42.177155	438.80707	82.1062	915000	0.00036861573	8695.864	-0.013044556	-2602.851	15.705492	0.090532266	2014.981923341751
183	4530.781	37.923607	4579.667	4470.2153	1000.0	403.7867	42.70038	435.55133	124.424774	920000	0.006326404	6580.0576	-0.012249097	-2246.0977	15.760928	0.08423728	2025.7535145282745
184	4578.0913	25.525873	4609.934	4553.791	1000.0	409.67105	35.23997	436.48206	142.05153	925000	-0.04162312	8666.363	-0.011767872	-2716.683	15.766291	0.10617634	2036.3629565238953
185	4500.69	90.029854	4680.0054	4446.367	1000.0	407.59875	33.345215	439.30737	25.035023	930000	-0.01822104	8573.047	-0.018309217	-2333.349	15.716065	0.09550296	2046.9109287261963
186	4538.4272	39.08261	4588.2456	4486.707	1000.0	385.79807	60.10995	439.11444	86.583084	935000	0.08980532	10599.329	-0.012247644	-5005.616	15.767184	0.09370146	2057.4503519535065
187	4545.801	53.3645	4623.209	4472.3	1000.0	412.86896	27.788605	440.02118	88.29619	940000	0.07141631	8724.344	-0.013524931	-1951.0039	15.743036	0.10052992	2068.2936115264893
188	4507.5566	31.527103	4547.653	4461.5947	1000.0	401.0758	31.924047	441.37704	148.24419	945000	0.0029189575	7703.549	-0.016790247	-4412.415	15.689671	0.0860976	2078.5027952194214
189	4550.47	11.861107	4572.85	4540.1367	1000.0	379.8872	76.64335	441.79074	25.386583	950000	0.06865451	9428.429	-0.013022635	-4986.489	15.740794	0.085958436	2088.901030063629
190	4556.714	71.854774	4663.4316	4477.3306	1000.0	410.9527	50.54043	441.65005	39.946117	955000	-0.053627513	10624.308	-0.012625888	-3013.5542	15.714016	0.062411718	2100.7374629974365
191	4512.764	39.230476	4574.9814	4476.9424	1000.0	410.94403	21.515053	436.09283	217.03484	960000	0.057830248	6777.7617	-0.010196324	-2726.1738	15.737134	0.075294904	2111.3756351470947
192	4511.341	53.301502	4566.545	4416.352	1000.0	401.02356	53.538925	436.8166	67.22511	965000	-0.10276406	5199.5264	-0.011530943	-1946.4761	15.708536	0.05813239	2121.8206894397736
193	4530.297	42.278038	4583.4434	4486.4395	1000.0	406.61047	55.431095	439.80835	132.3229	970000	-0.0013114136	9569.112	-0.013109912	-3355.8037	15.705218	0.094114855	2132.274697780609
194	4559.6226	64.99145	4687.3066	4512.803	1000.0	413.77133	27.050896	437.3795	118.44279	975000	-0.022857392	7899.5312	-0.012526026	-2044.7554	15.774881	0.11958477	2142.8635342121124
195	4569.647	86.69874	4682.969	4433.3813	1000.0	399.2712	38.500847	438.43164	138.23325	980000	0.04841504	9089.233	-0.015236139	-3448.8818	15.778066	0.077341676	2153.332056283951
196	4569.9683	67.16774	4692.3057	4510.6597	1000.0	396.3072	54.999886	437.55502	53.93752	985000	-0.049309563	7722.6514	-0.010457728	-3170.0947	15.733906	0.07754697	2163.6349968910217
197	4494.9785	28.98572	4523.111	4443.951	1000.0	417.68976	41.604015	439.9012	101.0123	990000	0.041965846	8268.907	-0.012495875	-2168.3457	15.695394	0.078478925	2174.2044048309326
198	4552.7725	48.10243	4627.729	4507.6675	1000.0	401.1292	31.200096	438.14197	194.20114	995000	0.060657006	8096.946	-0.013606384	-3677.713	15.721739	0.10606243	2184.73721408844
199	4540.563	33.975872	4578.026	4483.7607	1000.0	403.27356	45.121765	440.26837	56.087692	1000000	-0.086924784	7491.355	-0.010959983	-2345.7134	15.70245	0.09498422	2195.3799402713776
200	4528.5664	23.070213	4556.9062	4497.4297	1000.0	383.20996	75.05783	441.6451	68.13229	1005000	-0.0042846375	8752.399	-0.014531745	-4575.873	15.712075	0.08648563	2206.9739651679993
201	4541.622	46.206497	4590.7466	4456.63	1000.0	416.253	47.684174	441.38657	101.7896	1010000	-0.0033782104	8774.002	-0.012067444	-2924.605	15.7397785	0.12357845	2217.515245437622
202	4511.7383	50.504673	4588.1724	4458.4043	1000.0	403.7601	44.001736	437.8601	80.34509	1015000	0.032191835	8507.874	-0.012327127	-2376.5034	15.664447	0.07714995	2228.2115275859833
203	4485.796	20.2653	4503.555	4447.2334	1000.0	406.98254	27.770868	438.1222	121.81112	1020000	0.048265837	7360.1294	-0.012584165	-1893.9136	15.68284	0.07046841	2238.3940947055817
204	4527.601	50.33196	4589.402	4443.4136	1000.0	399.0369	42.33803	437.93774	117.37769	1025000	0.01424942	8830.842	-0.0104321595	-2521.9424	15.772495	0.09260882	2248.9460775852203
205	4486.762	37.613087	4520.048	4413.651	1000.0	412.3818	23.748585	437.8995	175.15501	1030000	0.02800819	7982.6807	-0.012735529	-2301.6118	15.740751	0.09336838	2259.3827424049377
206	4524.8447	60.813732	4597.949	4443.5137	1000.0	381.3362	52.8742	440.304	86.52176	1035000	0.07896152	9484.669	-0.013572961	-4778.732	15.814603	0.12764436	2269.974689245224
207	4529.8296	29.700254	4576.1567	4486.606	1000.0	412.79794	38.9232	440.47897	165.2968	1040000	0.045662932	6942.099	-0.012193773	-2574.3066	15.693497	0.08460558	2280.3810901641846
208	4511.4844	40.181816	4549.0044	4434.4727	1000.0	412.4835	34.110554	440.95782	135.34442	1045000	-0.047699235	7369.8896	-0.01449582	-2144.4019	15.789428	0.109863244	2290.7503423690796
209	4559.9897	61.913235	4610.9663	4451.501	1000.0	392.87155	55.831985	439.19763	33.64632	1050000	-0.03007363	9993.644	-0.013145549	-4077.3452	15.752954	0.0882657	2301.6418108940125
210	4523.3574	53.87562	4604.266	4453.648	1000.0	407.8348	33.514076	439.89502	11.321265	1055000	-0.0026931092	8364.568	-0.014058776	-2607.5347	15.697778	0.085498914	2313.860791683197
211	4501.734	45.52692	4554.485	4424.234	1000.0	404.2111	40.63106	439.4243	63.89441	1060000	0.030017942	8574.709	-0.012717579	-2640.2417	15.706069	0.10430647	2324.3227961063385
212	4498.9907	50.635853	4568.9224	4442.561	1000.0	393.0978	50.605076	440.42874	66.57008	1065000	-0.0035141357	6931.837	-0.013792951	-3314.587	15.697472	0.07088851	2334.7171714305878
213	4542.3	53.282364	4600.195	4472.59	1000.0	405.3171	43.667576	440.83737	111.658714	1070000	-0.03604515	6838.536	-0.013763599	-2258.6475	15.744095	0.085659824	2345.928894996643
214	4535.121	51.55395	4599.8193	4474.621	1000.0	388.13626	78.996605	441.51202	20.299784	1075000	0.02190329	10636.204	-0.010271014	-5073.3955	15.724156	0.10739316	2356.52907037735
215	4536.2485	16.467602	4566.4165	4520.794	1000.0	416.10516	31.114151	438.63077	123.28358	1080000	-0.033323344	7552.464	-0.012758523	-1649.8408	15.695722	0.10046748	2366.9255187511444
216	4517.555	58.965893	4585.4614	4446.0225	1000.0	390.0568	58.049503	437.61078	-0.9980092	1085000	0.079693206	8664.047	-0.01134333	-3354.6006	15.748169	0.10903816	2377.3013899326324
217	4577.5493	45.2779	4627.231	4503.4683	1000.0	413.42734	37.156124	438.08954	156.27106	1090000	-0.04887273	8310.206	-0.013980314	-1754.8755	15.639812	0.06770969	2387.9140520095825
218	4542.6865	24.677597	4572.4707	4497.3535	1000.0	409.85825	36.031097	436.1132	172.92426	1095000	0.083115555	7330.362	-0.011899509	-2025.3652	15.693028	0.09086077	2398.6965193748474
219	4572.872	105.34384	4778.499	4504.2153	1000.0	406.3134	42.175507	437.00726	128.99078	1100000	-0.029030358	7391.9023	-0.010782281	-2696.168	15.749047	0.08949337	2408.9082231521606
220	4496.593	49.83668	4581.2437	4436.822	1000.0	416.84784	40.599636	440.30685	64.325645	1105000	0.013253003	10092.803	-0.01269895	-2917.9707	15.699072	0.08194454	2420.6603083610535
221	4505.429	33.935772	4565.291	4468.429	1000.0	393.51724	33.8819	436.80743	182.33282	1110000	0.03670645	7416.7754	-0.012815423	-4192.0366	15.7618265	0.10436916	2431.3384613990784
222	4535.957	50.71381	4599.573	4456.529	1000.0	411.96802	49.640507	439.97614	134.37935	1115000	-0.05803217	6460.197	-0.010528028	-2212.2798	15.693266	0.07071093	2441.93474650383
223	4551.493	46.616653	4621.309	4486.6343	1000.0	411.38873	44.03775	440.57874	110.264786	1120000	-0.05724719	7683.133	-0.010480709	-2127.274	15.729436	0.07585756	2452.3031928539276
224	4538.69	32.78366	4578.296	4497.5005	1000.0	389.1981	69.577446	439.4664	109.15119	1125000	0.009552979	8477.72	-0.0104576	-3725.207	15.733028	0.09670714	2463.2047111988068
225	4570.8506	64.9826	4681.62	4478.155	1000.0	408.8583	52.374386	440.8914	98.64127	1130000	-0.06433716	7086.0273	-0.011667229	-2258.084	15.75605	0.093311675	2473.6173570156097
226	4547.655	54.730156	4633.682	4479.354	1000.0	423.85925	21.983225	440.52655	132.27803	1135000	-0.02383781	8144.0703	-0.0139686	-2568.3374	15.822462	0.108229086	2484.1058597564697
227	4521.383	32.490925	4560.5317	4481.825	1000.0	402.19574	48.33673	439.05646	155.28804	1140000	-0.00499812	5751.5586	-0.012792712	-2452.9275	15.7601795	0.09674901	2494.34299659729
228	4552.13	48.21161	4609.901	4481.6323	1000.0	392.1135	73.61825	441.74573	142.29828	1145000	-0.010176935	8351.369	-0.011927673	-3747.4033	15.736675	0.07367821	2504.773270368576
229	4557.4697	34.11973	4621.6787	4522.511	1000.0	418.65555	32.79389	441.30304	153.37878	1150000	-0.06850469	7159.8735	-0.014986999	-2340.7832	15.805425	0.09587097	2515.6244781017303
230	4514.2603	57.158813	4619.6846	4464.7344	1000.0	413.73553	39.109795	441.61975	-18.567022	1155000	-0.0076436736	7577.045	-0.014475046	-2823.4727	15.73961	0.08778693	2527.6466734409332
231	4542.8877	30.646471	4589.7363	4510.273	1000.0	393.1138	60.130325	441.89862	107.789085	1160000	0.0015516113	10393.594	-0.0109677855	-4517.402	15.73169	0.09272449	2538.1530249118805
232	4545.574	44.12853	4623.7896	4487.6396	1000.0	411.3059	33.09903	442.04138	169.42433	1165000	0.023205688	7809.504	-0.012167352	-2604.8008	15.677619	0.1026839	2548.8578543663025
233	4525.829	33.6472	4587.855	4490.2715	1000.0	413.71448	32.696312	441.24158	145.75198	1170000	-0.0014741272	7457.9023	-0.0142541025	-3245.1445	15.808792	0.069257654	2559.4166185855865
234	4491.5933	41.954807	4548.055	4428.9614	1000.0	404.5074	54.371593	440.88196	54.766487	1175000	-0.053452447	6556.431	-0.0129935965	-1957.4546	15.6819935	0.07655964	2569.8195605278015
235	4506.583	32.538532	4552.1133	4457.582	1000.0	410.0349	45.420193	440.41895	117.34104	1180000	-0.012374634	6075.089	-0.01218606	-1902.6211	15.758884	0.10143424	2580.104348421097
236	4532.199	33.60835	4554.5317	4465.333	1000.0	402.48273	49.983227	440.0137	69.6994	1185000	-0.015575369	7391.353	-0.012758358	-1916.7715	15.742483	0.10458396	2590.8713116645813
237	4500.835	36.476677	4550.332	4461.6514	1000.0	416.1275	23.254025	439.09647	58.92882	1190000	-0.006093005	7666.3506	-0.011680286	-2441.495	15.738041	0.08052646	2601.5793290138245
238	4494.936	65.70692	4607.4775	4422.8286	1000.0	390.5893	55.958076	440.76395	58.14933	1195000	0.008532507	9509.781	-0.0130685065	-3635.4814	15.786838	0.08956295	2612.133783340454
239	4465.5386	35.43788	4512.469	4410.08	1000.0	396.40543	52.46353	439.12268	104.147484	1200000	-0.0040334715	7946.647	-0.014099085	-2517.0542	15.704406	0.07305211	2622.9721007347107
240	4544.9736	43.720634	4598.0156	4465.748	1000.0	389.2097	55.32609	437.45728	102.54944	1205000	0.034156762	7748.613	-0.010970799	-3329.7534	15.765086	0.10503823	2634.822329759598
241	4548.535	59.42471	4616.5703	4474.7544	1000.0	407.75052	52.129227	440.49368	-47.13194	1210000	0.056238282	7992.2466	-0.012710109	-2373.1836	15.765444	0.11470389	2645.2116420269012
242	4495.9404	30.703217	4546.2134	4461.515	1000.0	408.8912	46.672657	437.35934	179.1226	1215000	-0.012021894	7322.2114	-0.009518597	-1754.2568	15.739735	0.08356237	2655.926795244217
243	4530.5776	68.02947	4643.1396	4438.454	1000.0	406.98904	38.560074	438.16922	162.1707	1220000	-0.019260852	8066.297	-0.015546827	-2303.565	15.779536	0.123438425	2666.7510459423065
244	4510.794	13.582434	4526.799	4491.2495	1000.0	408.4556	32.67977	437.02576	14.019161	1225000	0.023713075	7520.4062	-0.010364225	-1766.3462	15.664075	0.10185974	2677.313121318817
245	4565.426	75.25201	4700.275	4490.673	1000.0	399.53543	40.246616	437.99188	169.35597	1230000	-0.08962829	7114.649	-0.012123853	-2072.685	15.74988	0.10460653	2687.986169576645
246	4527.4863	42.070343	4586.6514	4466.5757	1000.0	408.82175	49.10042	441.37247	132.53766	1235000	0.05720957	6018.4473	-0.011315454	-1640.1982	15.759525	0.086942635	2698.2486052513123
247	4521.8193	22.51546	4552.377	4484.875	1000.0	397.78128	60.513737	442.06378	111.05722	1240000	-0.0028236206	8140.576	-0.014678467	-2991.3438	15.78126	0.0841757	2708.708934545517
248	4555.4297	74.971664	4667.453	4480.028	1000.0	416.69632	30.317553	440.3819	157.4836	1245000	0.032881193	6826.4263	-0.011709604	-3394.5142	15.788572	0.0845146	2719.287250518799
249	4547.765	75.03472	4646.7065	4452.343	1000.0	411.77905	51.00522	443.3574	107.95349	1250000	0.04458386	6820.4434	-0.011241086	-1628.9648	15.747758	0.08464237	2729.821566581726
250	4531.505	39.78427	4601.6064	4482.992	1000.0	409.65085	50.501816	442.13138	116.451416	1255000	0.045133695	7511.832	-0.010690369	-1867.188	15.755203	0.09063331	2741.378254175186
251	4464.5576	61.11952	4543.653	4376.981	1000.0	399.66876	49.710835	442.1579	164.47867	1260000	-0.03751401	7932.876	-0.012011439	-2151.2021	15.72332	0.06457875	2751.847889661789
252	4566.207	52.225628	4631.4287	4485.439	1000.0	405.28854	26.512684	440.7598	202.65646	1265000	-0.047710072	8059.653	-0.012179166	-1968.5854	15.801012	0.095168106	2762.4779031276703
253	4499.353	34.9185	4543.801	4439.211	1000.0	402.95016	52.034966	442.1582	86.17406	1270000	-0.08313404	8105.203	-0.011755541	-2347.767	15.718488	0.0716777	2773.10240149498
254	4534.4375	46.48945	4596.419	4453.809	1000.0	402.943	38.095493	443.01913	164.86592	1275000	-0.023700666	6741.9263	-0.0094541535	-2848.2864	15.769463	0.09002051	2783.594707250595
255	4488.4697	39.992928	4528.1665	4417.265	1000.0	416.2887	42.721462	443.87344	86.26264	1280000	0.002123639	6513.935	-0.013011131	-1805.31	15.784762	0.098842904	2794.1042721271515
256	4530.289	47.13613	4592.333	4465.0195	1000.0	396.3698	62.31315	442.48337	117.78627	1285000	-0.00675932	6761.7935	-0.011140684	-1830.4805	15.643116	0.08970487	2804.77366232872
257	4511.2764	49.75558	4580.6553	4450.1724	1000.0	419.09094	24.6205	443.16458	146.39232	1290000	-0.044222474	7940.7266	-0.01374824	-1849.7295	15.6433735	0.08554944	2815.35657453537
258	4528.5	39.93432	4558.8325	4453.6304	1000.0	385.55865	65.08092	440.74207	117.929245	1295000	-0.056097716	7583.3296	-0.013747871	-3010.5034	15.690445	0.086549774	2826.0241219997406
259	4518.216	36.61717	4558.6055	4466.492	1000.0	416.00836	30.817427	442.83942	168.34605	1300000	-0.031637266	6792.1177	-0.012038406	-1308.0449	15.7561455	0.07429947	2836.642711162567
260	4530.585	110.061195	4719.9126	4418.5674	1000.0	414.34445	23.871044	442.10297	140.66623	1305000	-0.027668511	8189.237	-0.014254084	-1799.271	15.78544	0.08334919	2848.67108130455
261	4490.871	34.283825	4545.0205	4439.7124	1000.0	403.91656	29.963266	443.32013	172.17871	1310000	-0.04283868	7782.9814	-0.012837753	-2393.981	15.662263	0.06918539	2858.947220802307
262	4515.0527	58.186825	4625.1143	4465.8276	1000.0	406.2831	34.133476	441.8693	129.9636	1315000	-0.015769904	8387.197	-0.00958191	-2502.4102	15.828287	0.09029713	2869.481001853943
263	4562.016	71.54754	4688.4463	4503.67	1000.0	395.1898	57.362103	444.00235	80.36632	1320000	0.040870607	8490.406	-0.014883885	-3457.2388	15.747207	0.1104213	2880.2059383392334
264	4525.58	52.553215	4573.3584	4423.9673	1000.0	418.45477	29.233263	444.98538	149.23509	1325000	-0.06239018	8406.64	-0.011611454	-1510.0454	15.647922	0.09668786	2890.834484100342
265	4532.2686	43.49371	4591.579	4472.24	1000.0	400.39926	38.906944	444.13593	14.045142	1330000	-0.031901073	7977.495	-0.014607154	-2535.5493	15.699101	0.089072555	2901.2671682834625
266	4554.3853	27.433296	4597.986	4512.9995	1000.0	395.8119	66.70572	444.0489	116.19636	1335000	-0.045732137	7538.555	-0.012407396	-2585.109	15.743656	0.08778991	2911.63631272316
267	4521.417	24.436152	4556.539	4489.8027	1000.0	410.3966	50.647392	443.1746	188.09991	1340000	0.030688036	9152.926	-0.008837987	-2009.5024	15.70722	0.099010095	2922.4375562667847
268	4519.971	44.80673	4559.283	4439.162	1000.0	412.5723	22.71764	442.10196	235.30133	1345000	-0.02639869	7144.52	-0.011102391	-2661.288	15.760735	0.098902866	2933.417418241501
269	4510.071	56.661053	4588.184	4446.941	1000.0	412.12082	40.811024	441.71622	158.11717	1350000	-0.0246534	7796.1704	-0.017336918	-1594.3896	15.747021	0.114152744	2943.787324666977
270	4528.97	18.324963	4562.5547	4506.376	1000.0	404.1861	39.58623	442.887	157.83939	1355000	0.051435985	6572.445	-0.013062768	-2108.6377	15.847702	0.12550317	2955.5796830654144
271	4548.517	49.617912	4633.572	4491.4736	1000.0	397.92044	65.9573	444.18213	-50.712753	1360000	-0.022395166	7786.5566	-0.011686975	-2783.1748	15.677028	0.09193455	2966.2646114826202
272	4565.986	60.16037	4645.462	4476.628	1000.0	408.1977	53.62592	443.80582	181.48123	1365000	-0.032870647	5019.408	-0.012889791	-1517.7993	15.792153	0.10333064	2976.711082458496
273	4505.161	32.27757	4562.3774	4462.8374	1000.0	425.8695	40.71786	445.6971	83.311226	1370000	-0.0080815125	7642.656	-0.013188733	-2053.044	15.719633	0.12117378	2987.1196899414062
274	4536.4814	42.20501	4598.124	4481.021	1000.0	389.6953	63.95225	437.57663	124.80237	1375000	0.004268442	6178.7896	-0.01329346	-2026.0205	15.641953	0.074161574	2997.726254940033
275	4527.7695	37.38514	4575.9204	4469.584	1000.0	419.0805	31.397993	445.8674	166.45134	1380000	-0.02292754	6751.6978	-0.01282852	-1708.7427	15.810722	0.115606114	3008.2305102348328
276	4563.5225	64.19066	4667.9062	4501.568	1000.0	410.1841	31.314482	445.37582	125.716934	1385000	-0.042371538	7492.678	-0.011469465	-2213.7295	15.71375	0.06689504	3018.4867041110992
277	4552.4507	37.85557	4599.1997	4500.2505	1000.0	391.90335	74.276535	446.46643	68.14575	1390000	0.024991516	7628.4624	-0.010857129	-3776.5105	15.675666	0.08612135	3028.8300733566284
278	4490.4336	18.838541	4517.435	4466.011	1000.0	420.20065	33.737705	448.53638	144.30739	1395000	0.018815845	8110.2583	-0.014183008	-1925.9541	15.759689	0.10731218	3039.0624103546143
279	4550.634	43.99487	4591.5366	4469.624	1000.0	396.5031	44.56236	445.50092	136.58952	1400000	0.025337674	7904.965	-0.012370547	-2213.5884	15.710042	0.11679663	3049.58105134964
280	4497.7915	29.979855	4546.0127	4465.909	1000.0	413.2207	28.115385	446.65863	-52.785385	1405000	-0.0023823853	7852.68	-0.011801245	-1768.3076	15.677069	0.091777585	3061.558023452759
281	4575.784	39.87087	4635.799	4531.71	1000.0	393.20425	48.022434	441.3148	133.5584	1410000	0.0016981201	8362.91	-0.012777137	-3303.6958	15.688107	0.113109976	3072.298056602478
282	4564.9434	15.248494	4582.7354	4542.591	1000.0	416.44345	35.663498	446.12173	61.80775	1415000	0.014662525	7482.217	-0.01202724	-1812.3911	15.751022	0.12961267	3082.834562778473
283	4508.1055	49.211205	4590.686	4450.874	1000.0	420.37796	18.20994	449.3595	192.82756	1420000	0.027473688	8127.1226	-0.013974354	-1698.4517	15.757103	0.10612759	3093.3874311447144
284	4554.122	37.627758	4621.618	4511.972	1000.0	398.77414	47.87832	447.4174	109.21966	1425000	-0.00030213318	6154.333	-0.010703049	-1962.1802	15.722925	0.10246348	3103.983983516693
285	4547.31	73.58969	4620.7646	4456.338	1000.0	413.40286	42.82141	451.24255	125.07396	1430000	-0.028385364	7761.7583	-0.016908199	-1610.5894	15.717918	0.10710227	3114.1583235263824
286	4499.4624	35.36167	4546.7056	4442.368	1000.0	411.438	26.299698	446.82272	94.57838	1435000	0.067846164	7713.2593	-0.011060435	-1541.4268	15.741243	0.087496005	3124.721436738968
287	4489.703	57.49819	4581.1704	4411.6743	1000.0	404.0898	29.307178	446.9262	125.73329	1440000	0.03330519	7314.584	-0.014183605	-3045.6182	15.732709	0.11712924	3135.4944450855255
288	4557.8345	41.7808	4633.0757	4506.452	1000.0	385.16415	79.71931	451.8073	-60.43674	1445000	-0.04794916	10887.055	-0.012248121	-5342.8784	15.681768	0.09624628	3146.0176525115967
289	4494.742	43.797733	4574.4243	4444.756	1000.0	410.51706	40.27481	451.1105	130.2642	1450000	0.0070756897	7982.821	-0.012474591	-2250.816	15.825203	0.11379226	3156.525099992752
290	4496.992	42.571026	4543.5225	4428.0356	1000.0	402.46954	40.596535	446.00784	138.27481	1455000	0.000575061	6509.2637	-0.012923938	-1684.0059	15.695068	0.09812464	3168.2377417087555
291	4506.5557	40.807816	4553.2607	4458.1387	1000.0	393.2008	69.14601	448.22742	93.34216	1460000	0.0024031617	5284.064	-0.011536737	-1921.3364	15.67937	0.10821856	3178.692755460739
292	4554.207	34.79358	4600.0664	4505.1045	1000.0	404.22864	69.21351	449.6395	124.49982	1465000	-0.046474494	7544.7383	-0.012730133	-2396.6377	15.761051	0.100178644	3189.2410957813263
293	4584.45	73.59878	4679.6377	4465.7944	1000.0	401.967	60.619156	448.3612	172.56702	1470000	0.07700328	9091.621	-0.011214994	-2421.2363	15.730679	0.09956333	3199.798693418503
294	4540.159	41.871597	4600.3057	4500.4326	1000.0	419.7054	28.754696	446.1608	204.78468	1475000	-0.06743658	7007.921	-0.011900082	-1571.5576	15.753407	0.09772029	3210.2820851802826
295	4521.0054	22.03545	4561.4214	4500.838	1000.0	403.33795	48.48503	444.543	163.46179	1480000	-0.01544967	8947.309	-0.011898377	-2738.0645	15.693413	0.086181186	3220.664848089218
296	4523.878	14.855639	4550.727	4506.584	1000.0	412.53436	30.3194	445.4849	161.94933	1485000	-0.0010120056	5945.891	-0.011328509	-2177.6592	15.630277	0.07393117	3231.26527094841
297	4515.702	50.027596	4589.9917	4450.241	1000.0	396.4148	63.87844	446.01828	158.35652	1490000	0.038304817	10876.646	-0.015276693	-4020.649	15.726892	0.090819106	3242.293311357498
298	4502.2197	45.964188	4546.3735	4414.8223	1000.0	413.34933	23.697222	443.9595	212.15312	1495000	-0.05222134	7074.525	-0.012002546	-2145.2505	15.714102	0.10261211	3252.6033709049225
299	4560.918	57.757164	4625.074	4492.5137	1000.0	384.06564	64.124016	441.75238	119.69813	1500000	0.046619	11317.755	-0.015235726	-4280.1885	15.664155	0.096936435	3263.5242068767548
300	4555.2627	52.173374	4608.4146	4455.955	1000.0	409.69662	30.402838	444.2504	198.67921	1505000	0.05812118	7167.2734	-0.008713782	-2262.8384	15.701438	0.12173118	3275.276298522949
301	4544.473	32.47292	4590.5396	4507.348	1000.0	416.33823	41.977882	448.91455	175.48016	1510000	-0.007293921	7167.576	-0.013977233	-1843.5483	15.836819	0.1031433	3285.3911662101746
302	4538.9453	51.23326	4626.761	4483.9595	1000.0	401.7504	47.91249	447.17505	111.79176	1515000	0.0021294449	8053.113	-0.014962901	-2817.649	15.752313	0.070202135	3295.914346218109
303	4529.554	15.0521555	4552.1323	4508.5186	1000.0	419.556	27.297775	447.86862	191.42863	1520000	0.10695998	6826.4194	-0.013041429	-2384.3628	15.81255	0.08761136	3306.804342508316
304	4510.7236	33.597927	4559.5923	4467.023	1000.0	395.4641	66.283035	448.02942	99.61129	1525000	-0.011706622	8724.209	-0.008685749	-3288.604	15.759303	0.099783435	3317.3950176239014
305	4498.611	41.29746	4569.532	4452.602	1000.0	417.68594	20.881414	439.32767	182.10918	1530000	0.002369861	7400.405	-0.01420708	-1752.4897	15.690978	0.091887206	3327.58650970459
306	4502.676	43.80741	4576.6284	4446.702	1000.0	392.37177	50.842606	445.31882	128.432	1535000	0.013180481	8026.688	-0.01349744	-2817.1265	15.7656765	0.11790537	3337.9160537719727
307	4543.011	22.161753	4568.9272	4505.0996	1000.0	393.65628	63.8227	445.92227	132.99303	1540000	0.025282135	7395.128	-0.009852069	-2556.3555	15.808675	0.13353124	3348.3349709510803
308	4568.458	57.116302	4631.418	4478.3584	1000.0	410.14862	43.536346	445.65784	162.08882	1545000	-0.11128032	6337.699	-0.010525778	-2018.1328	15.712475	0.10432078	3358.956034421921
309	4532.372	39.60086	4596.911	4472.1685	1000.0	396.4283	71.21671	448.8737	5.575635	1550000	0.06367936	7150.752	-0.011619277	-2230.4072	15.771076	0.092583686	3369.4969940185547
310	4540.0635	29.025276	4590.504	4509.769	1000.0	415.39218	44.78003	449.04837	176.26247	1555000	-0.029667014	8630.606	-0.013103651	-3101.2676	15.735816	0.08382927	3381.5625383853912
311	4515.015	44.464996	4572.727	4458.739	1000.0	413.15405	38.94952	448.60956	159.10497	1560000	0.012398081	7502.465	-0.013110026	-1696.1572	15.779275	0.12753192	3392.0240161418915
312	4503.9883	26.667446	4538.4404	4473.6787	1000.0	391.3976	54.156116	448.6419	156.16037	1565000	0.02627893	7660.2793	-0.012362591	-2577.54	15.691788	0.07202096	3402.2473618984222
313	4555.9775	79.51682	4706.771	4495.384	1000.0	414.8327	36.689655	446.74936	117.01687	1570000	0.0032613524	7263.1807	-0.009540046	-2037.9438	15.743306	0.09517387	3412.7096717357635
314	4540.03	70.50874	4648.9253	4466.618	1000.0	416.7106	40.347584	446.28445	163.99379	1575000	-0.039088037	7247.3135	-0.010357946	-2600.4023	15.741644	0.07411037	3423.268606185913
315	4530.0586	23.571943	4568.2495	4494.787	1000.0	389.8648	76.63633	444.59106	141.67865	1580000	0.030351618	11737.379	-0.010922974	-4932.338	15.769781	0.07362555	3433.840428352356
316	4549.335	41.59831	4581.427	4467.3823	1000.0	408.42307	30.712063	443.93634	205.6517	1585000	0.017077692	6595.3926	-0.010848578	-1763.4238	15.655922	0.08777333	3444.308475971222
317	4506.2075	50.381996	4591.5513	4460.921	1000.0	416.28195	42.014565	447.32034	176.46231	1590000	0.017919281	7298.376	-0.009600098	-1371.3706	15.780828	0.08798667	3454.6598851680756
318	4468.6343	39.465893	4528.3687	4407.027	1000.0	410.12015	30.717182	444.7442	168.94783	1595000	-0.016127216	6693.666	-0.012799103	-1126.8838	15.685944	0.09246474	3464.9052147865295
319	4524.549	90.762726	4676.3545	4407.103	1000.0	404.90674	34.634335	442.83362	183.17738	1600000	-0.004966858	6948.57	-0.013503351	-1348.2461	15.658683	0.105771154	3475.690333366394
320	4519.4043	81.98772	4680.5215	4454.6523	1000.0	397.6097	56.782375	444.33746	149.3848	1605000	0.0050331606	8924.17	-0.014475836	-2491.6636	15.757561	0.08253589	3487.303827047348
321	4572.754	59.707706	4667.204	4523.4297	1000.0	414.4898	17.999294	445.2075	190.62543	1610000	0.073153175	7820.4663	-0.009593338	-1500.5518	15.710326	0.10417686	3497.7843542099
322	4530.396	55.069405	4634.4243	4476.5337	1000.0	408.59796	33.26514	444.44257	161.87865	1615000	0.0034463136	8153.2305	-0.011339716	-1490.52	15.673325	0.13419881	3508.4279239177704
323	4531.336	39.607265	4564.4473	4465.883	1000.0	403.1458	34.326756	443.26736	190.99228	1620000	0.038758326	7237.05	-0.010803724	-1842.3379	15.713325	0.09444682	3519.0737779140472
324	4504.0522	27.880796	4545.131	4460.331	1000.0	419.80695	25.685616	443.7058	159.38525	1625000	-0.0438054	7738.6504	-0.01103656	-1641.9609	15.740487	0.07352233	3529.14399933815
325	4528.246	33.180218	4577.0537	4474.34	1000.0	374.0391	70.53055	440.7567	122.781906	1630000	0.007028282	11793.281	-0.012320814	-5416.9463	15.681289	0.102569066	3539.5819380283356
326	4539.52	66.67787	4646.1665	4459.743	1000.0	422.35315	22.051043	439.6072	223.09517	1635000	0.024344781	7818.672	-0.0138029475	-1579.8691	15.657653	0.08671556	3550.7021911144257
327	4557.7905	46.57873	4642.297	4515.065	1000.0	397.74316	46.050495	437.70215	186.63644	1640000	0.040370606	8101.8506	-0.012826843	-2493.859	15.7105465	0.10691547	3561.3010613918304
328	4526.575	28.67597	4554.0894	4472.8247	1000.0	410.94553	38.158962	438.35175	129.67323	1645000	0.01423335	6352.743	-0.011644617	-1500.1367	15.735456	0.10902757	3571.792135953903
329	4510.4487	45.8299	4583.596	4457.674	1000.0	395.7813	59.067715	439.63004	141.30411	1650000	0.11870734	6789.1943	-0.011566348	-1788.312	15.586841	0.07308628	3582.3454570770264
330	4528.5635	23.680153	4561.0083	4504.2495	1000.0	414.98502	39.516518	439.0412	157.01176	1655000	-0.02453204	6391.8354	-0.012280015	-1295.5454	15.7931	0.107679725	3594.5251367092133
331	4589.612	87.040695	4746.459	4509.3926	1000.0	395.89737	61.619366	439.0676	152.85405	1660000	-0.037283838	5568.1147	-0.010116991	-2023.2834	15.741615	0.105805576	3605.318046092987
332	4524.5522	32.295284	4580.7	4481.2134	1000.0	421.7716	46.258217	443.4889	168.86467	1665000	-0.032073352	7758.6855	-0.011472169	-1890.7642	15.794085	0.11132903	3615.91281414032
333	4565.583	30.930376	4614.379	4516.863	1000.0	414.6044	20.474787	438.54266	-16.889383	1670000	0.010666333	7863.743	-0.014843885	-1728.8496	15.799695	0.09921894	3626.6549456119537
334	4523.124	22.777008	4562.4097	4494.931	1000.0	391.11176	72.98201	438.57947	130.39053	1675000	0.018784545	10311.581	-0.012718694	-4298.073	15.720693	0.0785091	3637.297242641449
335	4541.5327	35.356537	4589.4854	4498.9033	1000.0	406.485	41.62395	438.01117	190.07428	1680000	-0.00062491454	7860.8066	-0.012482502	-2200.398	15.751233	0.101884864	3647.92426609993
336	4511.1353	65.21604	4620.6626	4439.079	1000.0	421.30585	16.830349	438.74786	221.91855	1685000	0.007539264	8356.163	-0.012756293	-1409.3999	15.701891	0.09434329	3658.270919561386
337	4504.4893	37.29349	4554.1216	4440.0273	1000.0	405.9809	23.408022	437.4463	276.5989	1690000	0.03402638	7739.712	-0.010536848	-1236.2202	15.735703	0.09412412	3668.6174037456512
338	4512.8594	34.200222	4549.362	4452.4614	1000.0	394.7789	38.567215	439.25656	185.35825	1695000	-0.06145287	7203.7456	-0.012563448	-1988.0913	15.708125	0.07946706	3679.069828271866
339	4500.506	42.925823	4538.9917	4432.632	1000.0	400.6472	56.873985	440.75427	154.31136	1700000	0.01871675	8378.825	-0.013028774	-2514.7627	15.70568	0.10215173	3689.5972089767456
340	4551.3	31.095074	4571.275	4490.3613	1000.0	402.32135	39.361683	438.65598	199.05052	1705000	-0.07878541	7203.1704	-0.010453947	-2755.771	15.761327	0.116215795	3701.525379896164
341	4517.1475	68.42752	4616.3457	4406.7236	1000.0	410.34067	57.16101	440.57523	164.09503	1710000	0.036236096	9337.444	-0.010730777	-2821.9004	15.734896	0.08332249	3711.8194382190704
342	4503.32	44.860928	4567.4155	4454.047	1000.0	411.899	22.195381	436.6498	232.89607	1715000	0.049267214	8014.347	-0.01428403	-1877.9009	15.772131	0.10637545	3722.497840166092
343	4537.8057	39.988663	4584.7676	4488.4956	1000.0	407.77438	34.01134	434.61484	165.35266	1720000	-0.03317613	7279.723	-0.013796624	-1617.5547	15.750727	0.09128928	3732.8215186595917
344	4538.7554	61.57006	4623.9883	4470.343	1000.0	410.68845	30.315119	436.40417	186.60608	1725000	-0.06304661	6847.9727	-0.01311551	-2854.315	15.748047	0.063998155	3743.05552816391
345	4537.639	25.02843	4580.9595	4506.4834	1000.0	387.91443	80.34676	439.19592	125.016205	1730000	0.013571399	9799.507	-0.015136359	-4112.795	15.735706	0.085883975	3753.674704551697
346	4460.5107	59.209286	4526.3525	4350.9595	1000.0	422.9429	17.890244	437.1359	121.916885	1735000	-0.016876344	7912.8433	-0.010511128	-1712.7017	15.74392	0.08187533	3764.282035112381
347	4580.2095	82.253	4697.3643	4454.062	1000.0	375.87793	68.48351	434.76474	145.36859	1740000	-0.012501477	13100.611	-0.013744238	-5981.4023	15.714725	0.077456534	3774.732720375061
348	4540.3994	91.63327	4669.4727	4463.285	1000.0	411.06833	24.89899	436.3204	233.65848	1745000	0.007008789	8307.626	-0.012769995	-911.9702	15.773075	0.08584679	3785.1445276737213
349	4532.565	59.155655	4609.448	4462.293	1000.0	409.92062	19.466465	435.86365	205.64622	1750000	-0.0017635467	7061.1	-0.012294395	-1980.3604	15.701235	0.071979694	3795.817450284958
350	4485.9966	57.071266	4558.5034	4397.871	1000.0	415.87244	17.981724	436.199	214.1889	1755000	0.0021997467	7094.2646	-0.0119307	-1645.02	15.746375	0.1131913	3807.93719124794
351	4531.882	42.2282	4603.0605	4476.7476	1000.0	400.53754	38.360508	437.08566	84.21227	1760000	0.007703725	7188.448	-0.009781254	-1586.9648	15.6919565	0.10688193	3818.1049420833588
352	4522.47	37.00856	4577.0713	4473.936	1000.0	398.4333	55.04922	440.59866	96.41648	1765000	0.04817246	8954.33	-0.012813099	-2395.5293	15.7492075	0.12319873	3828.418638944626
353	4517.2725	29.006987	4540.6143	4462.339	1000.0	405.14743	36.415134	440.34265	160.59499	1770000	-0.062139753	7839.5537	-0.012252193	-1511.5923	15.731935	0.10697034	3838.748689889908
354	4502.195	47.391026	4557.324	4423.092	1000.0	412.1823	27.374916	441.33154	159.91031	1775000	-0.010150943	7337.72	-0.011702305	-1175.4673	15.745266	0.10371013	3849.1891276836395
355	4526.254	57.4181	4613.269	4455.702	1000.0	404.55954	28.474297	440.27734	174.4148	1780000	-0.0062274537	7149.5767	-0.010983763	-1733.8901	15.738954	0.09763087	3860.315363407135
356	4541.776	37.598717	4615.609	4513.1865	1000.0	405.43692	46.457714	442.13522	113.835945	1785000	-0.052061968	6649.2046	-0.013162844	-1239.75	15.72924	0.09851062	3870.7620661258698
357	4519.195	44.401043	4584.313	4455.7354	1000.0	416.1234	24.607838	442.27353	160.35323	1790000	-0.052909926	8058.9414	-0.011862822	-1811.0933	15.66	0.08443142	3881.529305934906
358	4559.241	37.904243	4604.783	4512.457	1000.0	403.12985	32.31996	441.4178	119.46821	1795000	-0.110429384	9916.007	-0.013929859	-2012.7891	15.717353	0.12037171	3892.103709936142
359	4549.638	44.557228	4609.3345	4495.852	1000.0	392.5919	57.195473	438.114	163.1582	1800000	0.022818329	7121.301	-0.010875131	-2051.9736	15.763795	0.10309572	3902.4640259742737
360	4485.579	33.58539	4548.934	4449.1284	1000.0	415.0536	39.365864	439.60068	172.1118	1805000	-0.059880815	9512.11	-0.012137458	-2397.4941	15.720125	0.07589475	3914.3101918697357
361	4518.234	16.947916	4536.982	4491.6606	1000.0	403.9395	26.165754	435.47946	196.46393	1810000	0.06410916	7484.5137	-0.011518531	-2727.4404	15.711878	0.076151915	3924.815370082855
362	4517.2954	61.025288	4594.1504	4425.0557	1000.0	399.47086	58.29954	436.6236	147.3168	1815000	0.024237588	7402.034	-0.014463351	-2124.8447	15.757313	0.13166177	3935.399870157242
363	4550.681	48.081387	4607.1084	4465.3027	1000.0	420.8346	18.181704	436.64474	221.28911	1820000	-0.04692978	7338.882	-0.012893774	-3172.8242	15.752638	0.09543164	3945.687680721283
364	4495.5425	31.092468	4552.835	4463.865	1000.0	414.53177	33.98299	437.31787	122.99827	1825000	0.043449752	6792.634	-0.0118316375	-1980.8198	15.757979	0.100316	3955.9103779792786
365	4517.246	27.408724	4560.334	4475.176	1000.0	384.6136	75.56166	438.34103	123.68516	1830000	-0.029655663	9231.494	-0.011312036	-4588.2603	15.782244	0.10080698	3966.490301132202
366	4522.337	48.44177	4583.9326	4439.364	1000.0	415.3118	44.90064	439.03076	144.74353	1835000	-0.05197212	6761.3657	-0.011908494	-1471.4819	15.750506	0.103354715	3977.0017607212067
367	4493.7217	72.94213	4617.348	4395.6187	1000.0	414.1017	36.65704	437.2793	124.08404	1840000	-0.0057810973	6623.4087	-0.0121128	-2071.0767	15.756579	0.093083695	3987.4290573596954
368	4530.2217	35.609425	4581.088	4484.535	1000.0	395.81052	61.13832	436.92438	106.72624	1845000	-0.05874602	8102.044	-0.010738831	-2645.3271	15.706091	0.0677985	3997.5782997608185
369	4519.486	18.894218	4547.616	4490.2476	1000.0	414.1925	28.53966	436.44382	131.4784	1850000	-0.022950623	6598.3286	-0.01063728	-2220.8906	15.751956	0.08809956	4008.0210466384888
370	4492.785	34.04362	4557.64	4460.957	1000.0	411.059	41.436962	438.02057	129.06775	1855000	-0.0083581405	6035.182	-0.013714411	-1216.8677	15.718605	0.07107473	4020.0353932380676
371	4482.8086	48.136135	4541.822	4410.309	1000.0	394.96814	66.35934	438.96832	84.19818	1860000	-0.09632218	7691.2207	-0.0112228915	-2275.628	15.730347	0.15149531	4030.518050670624
372	4542.549	72.2532	4646.9243	4449.0435	1000.0	395.85574	57.590275	436.99265	106.23886	1865000	0.041103814	6944.554	-0.012411851	-1684.0884	15.726506	0.08113829	4041.054323196411
373	4536.0894	39.77431	4590.7925	4476.2876	1000.0	399.5892	55.413197	439.42615	185.14354	1870000	0.08761583	7724.015	-0.011681594	-3225.0356	15.695185	0.09886971	4051.517327070236
374	4510.359	23.386154	4535.349	4476.1235	1000.0	424.15225	33.7963	441.31674	212.11649	1875000	-0.025066396	7735.629	-0.011464285	-1200.1885	15.75465	0.11175755	4062.3437025547028
375	4533.7666	40.596924	4577.664	4471.682	1000.0	413.6467	18.566694	437.585	222.291	1880000	0.04829779	7232.638	-0.008604545	-1608.793	15.751207	0.06583581	4072.835776090622
376	4562.732	105.26594	4767.4976	4482.8354	1000.0	386.5457	64.75541	439.27448	121.480835	1885000	-0.04218555	8988.905	-0.011578698	-3548.0684	15.731097	0.111156076	4083.361197948456
377	4526.051	42.666496	4594.9937	4463.1523	1000.0	411.64124	43.17644	441.2672	162.66833	1890000	0.029814344	6148.4414	-0.014873325	-2582.8125	15.729075	0.10896017	4093.9439651966095
378	4501.6655	24.987185	4548.376	4473.246	1000.0	417.50214	44.398273	439.9415	134.91084	1895000	-0.0043777344	5982.5166	-0.009833477	-1664.0903	15.756665	0.090760134	4104.447942972183
379	4584.1377	68.667885	4709.21	4508.1626	1000.0	383.00854	77.01128	438.9475	82.14017	1900000	0.105573416	8049.192	-0.014916509	-4182.42	15.717903	0.107110634	4114.8095536231995
380	4517.3843	42.733192	4564.08	4440.8037	1000.0	429.5131	37.11972	443.1872	174.01028	1905000	0.083293386	6270.5933	-0.0139704645	-2763.8296	15.691296	0.10946487	4126.771067619324
381	4518.5605	32.503407	4547.1465	4456.522	1000.0	407.72314	62.19245	440.37247	136.70663	1910000	-0.06475801	5076.469	-0.013893217	-1711.2532	15.727909	0.11760941	4137.3454077243805
382	4536.276	16.912577	4566.826	4519.226	1000.0	409.3409	53.69254	440.63135	131.75314	1915000	-0.025673414	6029.4688	-0.014062865	-1328.3936	15.722157	0.07581893	4147.921793460846
383	4533.693	45.497074	4583.7524	4467.798	1000.0	374.0678	81.5861	440.1014	124.96903	1920000	-0.030478403	10444.007	-0.012435891	-5036.003	15.726455	0.10234615	4158.293184995651
384	4526.8853	59.850224	4626.5635	4456.3154	1000.0	421.16306	32.80224	439.52753	192.37444	1925000	0.10671391	6866.6226	-0.009611838	-1418.687	15.793503	0.11304172	4169.25931763649
385	4542.1753	91.749176	4694.265	4460.3647	1000.0	403.30994	50.01861	437.35394	198.50822	1930000	0.07923494	7549.659	-0.012039177	-1957.1245	15.712522	0.09600105	4180.5838742256165
386	4492.9004	12.45384	4517.2104	4481.67	1000.0	415.91174	28.78001	439.32764	201.98541	1935000	0.050273858	6199.5283	-0.010605425	-1584.0962	15.749861	0.097708054	4191.460170269012
387	4563.0737	43.135147	4643.1694	4513.4224	1000.0	396.0206	53.68903	439.8768	99.93001	1940000	0.02390426	6962.43	-0.014971234	-2174.5542	15.712978	0.08823229	4202.512998580933
388	4515.842	56.466263	4618.1064	4444.145	1000.0	422.61194	25.870277	440.98993	189.55855	1945000	0.021619372	7227.3687	-0.014847204	-1698.9009	15.717478	0.097074986	4213.905870676041
389	4515.3804	42.50659	4568.3174	4445.8994	1000.0	380.4122	68.813934	439.37253	107.99787	1950000	0.016514858	7821.3774	-0.01049652	-2957.6602	15.705294	0.09359608	4224.895411729813
390	4507.208	31.008812	4547.393	4455.8525	1000.0	406.59378	52.005817	440.17126	72.949425	1955000	0.031875294	9394.479	-0.009024	-2665.4722	15.689015	0.0898084	4238.521617889404
391	4524.4893	38.459652	4584.0356	4476.0137	1000.0	410.3268	31.480312	437.1709	227.85315	1960000	0.019623779	6971.9536	-0.009831432	-943.6758	15.710058	0.08809073	4249.7584228515625
392	4512.9165	33.435375	4546.597	4454.0986	1000.0	405.67538	32.959637	437.8519	200.44682	1965000	-0.026967041	6230.6826	-0.013366625	-2505.534	15.777772	0.085863315	4260.540164232254
393	4500.4253	63.25749	4577.9707	4384.551	1000.0	400.37735	62.648544	439.57947	156.42352	1970000	-0.008716952	8191.0825	-0.011088429	-2056.9302	15.70207	0.07291062	4271.795133829117
394	4534.165	29.984837	4577.9956	4499.1626	1000.0	416.02988	26.396402	435.88235	191.93799	1975000	-0.0765715	7468.43	-0.012321226	-1269.9502	15.719528	0.12227524	4283.387775659561
395	4464.216	29.893425	4516.1436	4435.0723	1000.0	397.40698	44.034668	434.88528	164.24385	1980000	-0.105807155	7496.9375	-0.011572339	-1940.6709	15.70085	0.09294627	4294.614491701126
396	4538.6255	47.478054	4597.5713	4463.421	1000.0	410.0853	38.194046	434.68225	174.92758	1985000	-0.0033024596	8238.123	-0.010219031	-1368.8589	15.699803	0.10409227	4306.256729364395
397	4512.9194	52.111115	4591.8423	4447.3237	1000.0	404.9114	28.847397	433.8715	222.4513	1990000	0.06051672	7384.1943	-0.011034213	-1412.6465	15.764484	0.09889181	4318.612211942673
398	4551.92	50.09712	4640.636	4484.791	1000.0	402.0248	46.771664	435.01657	206.45319	1995000	0.06011074	7067.5586	-0.012051798	-1345.9136	15.768738	0.08492707	4331.183795452118
399	4479.484	31.149088	4524.2856	4442.7637	1000.0	423.4681	14.824255	435.0791	188.66821	2000000	0.027999004	8444.383	-0.014499386	-1181.939	15.798891	0.094178274	4343.413201332092
400	4519.711	58.944614	4592.0024	4453.118	1000.0	389.19754	47.121536	432.05667	199.67453	2005000	-0.03992807	7394.3335	-0.013430107	-2159.2334	15.6975765	0.10762441	4357.4867968559265
401	4550.1787	30.025461	4579.413	4496.6265	1000.0	402.54315	48.289433	432.62473	198.99614	2010000	-0.014024243	5759.7	-0.009093396	-2230.975	15.717152	0.08809796	4370.110599994659
402	4535.633	45.934982	4581.891	4468.4805	1000.0	408.2293	62.938236	439.55417	150.73738	2015000	-0.02941687	8284.02	-0.012674306	-2457.4888	15.716361	0.0930468	4382.924338579178
403	4504.9385	26.286676	4536.9707	4459.6846	1000.0	411.67154	42.735424	434.11252	181.45601	2020000	-0.048775505	6043.926	-0.009645581	-779.09766	15.718447	0.10185012	4395.821394443512
404	4503.9585	43.791912	4564.4414	4433.4873	1000.0	416.3126	20.345842	433.93466	183.85739	2025000	0.021545092	7789.758	-0.013823941	-1294.8306	15.683809	0.0647788	4408.443125247955
405	4525.3584	78.05635	4660.778	4436.005	1000.0	398.48608	28.95718	434.03564	203.71852	2030000	0.023405543	8396.356	-0.011175009	-1585.0181	15.758581	0.08908574	4421.253376483917
406	4553.5156	13.613476	4567.4116	4529.159	1000.0	405.5651	36.62073	434.0667	165.67268	2035000	0.007640253	6852.3135	-0.011011358	-1911.5098	15.728787	0.07656664	4433.724354505539
407	4584.221	74.82197	4729.369	4513.169	1000.0	382.86057	80.134636	435.85553	110.923546	2040000	-0.020160498	7099.589	-0.01278927	-3945.1248	15.753356	0.092241615	4446.731712579727
408	4524.6626	30.663153	4566.2373	4484.2446	1000.0	424.69894	46.59684	442.46405	189.11575	2045000	-0.04867745	6906.397	-0.014729302	-1503.5337	15.754241	0.086638756	4459.774884223938
409	4540.8057	57.640553	4633.9893	4476.45	1000.0	409.7712	39.516796	438.44016	195.60938	2050000	-0.05044744	6478.6475	-0.013787299	-1927.6562	15.671251	0.08347689	4472.929368019104
410	4509.814	25.697174	4547.3364	4484.755	1000.0	417.33563	33.2995	439.66492	157.94893	2055000	0.046208616	6663.323	-0.012446523	-1888.8481	15.753983	0.09850863	4488.506712913513
411	4536.6626	31.827065	4565.2573	4477.4487	1000.0	394.77414	58.684383	440.12582	89.93753	2060000	-0.01180683	6596.9766	-0.012466059	-2038.1797	15.723643	0.07349799	4501.3283360004425
412	4552.036	37.847908	4596.1772	4498.079	1000.0	393.81326	68.816185	440.66342	137.75522	2065000	-0.098885775	8373.8125	-0.011354603	-2617.2964	15.703538	0.09143508	4514.62627696991
413	4533.6587	89.96287	4669.523	4414.3394	1000.0	417.74182	39.96309	437.92227	132.02646	2070000	0.06305987	7298.04	-0.01570718	-1570.1968	15.751	0.09861687	4528.044640302658
414	4551.5303	55.655983	4658.0435	4502.4863	1000.0	414.80814	25.719929	436.644	184.29776	2075000	0.047848124	7917.7056	-0.009024106	-2056.021	15.703235	0.0922995	4540.940247058868
415	4549.843	68.270615	4633.643	4441.604	1000.0	387.18097	70.887474	436.4655	120.282196	2080000	-0.032887425	8629.365	-0.014710963	-3412.1729	15.775478	0.10722623	4554.3833684921265
416	4523.7803	46.53332	4582.5083	4465.3804	1000.0	411.42087	50.059605	438.0597	183.3573	2085000	-0.00064033206	6539.868	-0.013928467	-846.5122	15.717672	0.070332035	4567.9959354400635
417	4529.291	27.87871	4575.6353	4488.603	1000.0	410.896	32.92676	437.69342	220.03293	2090000	0.040774677	7098.471	-0.013294386	-1209.1729	15.761063	0.09117524	4581.358389854431
418	4526.7456	25.83828	4568.8794	4497.4624	1000.0	399.4663	52.564716	435.5107	185.71655	2095000	-0.0080928495	6094.2666	-0.011871272	-2133.9478	15.719728	0.0923947	4594.526711463928
419	4529.168	22.720407	4563.3564	4498.5664	1000.0	422.5783	32.075138	436.5538	192.91876	2100000	-0.025300756	6250.8506	-0.012649532	-2727.765	15.727636	0.09051456	4608.049451112747
420	4567.3784	22.87198	4601.1523	4531.5854	1000.0	397.73416	76.20661	436.0904	111.93302	2105000	-0.05837455	6579.643	-0.014667574	-3085.4775	15.658553	0.10057378	4623.411599159241
421	4536.3145	84.694016	4702.3477	4476.872	1000.0	402.43756	63.60615	440.92368	146.86751	2110000	0.010235181	7028.272	-0.01653374	-1999.5337	15.72965	0.10895217	4636.817515134811
422	4531.8413	44.87372	4586.539	4477.257	1000.0	415.6447	44.95637	440.9196	198.96259	2115000	0.046763886	7031.979	-0.011940662	-1733.2144	15.731966	0.11291577	4651.079085111618
423	4553.8896	47.83555	4625.543	4484.724	1000.0	408.03717	49.117516	439.5816	148.62656	2120000	0.005923407	7795.9824	-0.013103463	-1491.6577	15.640689	0.07702928	4665.470235109329
424	4520.263	34.974182	4550.8755	4474.102	1000.0	418.4448	21.43822	439.4171	246.27983	2125000	0.057252504	6907.7554	-0.015009984	-1267.668	15.736242	0.094436936	4678.953975439072
425	4558.052	42.45675	4600.7397	4490.608	1000.0	402.80255	38.0521	430.0792	178.91861	2130000	-0.032811716	7290.133	-0.01191771	-1626.4326	15.765591	0.09529491	4692.027146100998
426	4543.763	62.542995	4646.8613	4461.286	1000.0	403.27423	59.813095	432.57855	178.35152	2135000	0.016989334	12252.554	-0.01440186	-4043.6182	15.890659	0.107886	4705.180838108063
427	4512.798	47.306866	4558.5454	4435.4873	1000.0	408.00302	13.26455	429.38214	285.38937	2140000	0.051874682	7242.7935	-0.009122789	-2106.4526	15.706385	0.103915736	4718.620467662811
428	4517.3535	26.832373	4552.381	4490.703	1000.0	408.99234	32.236126	430.70642	124.6252	2145000	0.028048493	6634.3213	-0.014684949	-785.41504	15.793644	0.083531044	4731.854735136032
429	4581.7627	78.374405	4735.008	4513.0728	1000.0	400.77365	42.875896	436.48987	192.62856	2150000	0.03034968	7291.5713	-0.012848431	-1300.0195	15.713444	0.06484746	4745.157251119614
430	4581.3525	54.104164	4683.163	4531.4995	1000.0	415.73117	33.323116	444.478	184.56337	2155000	-0.06728963	6851.6953	-0.010476291	-1159.2451	15.729775	0.07966369	4760.896718502045
431	4506.453	45.127304	4557.4766	4432.4526	1000.0	415.16	40.98428	444.42322	186.36389	2160000	-0.022249945	7937.707	-0.015999224	-1346.5835	15.713427	0.10206451	4774.879600524902
432	4530.361	45.823948	4578.6455	4445.695	1000.0	399.55084	43.852116	442.59338	161.41083	2165000	-0.038238864	7611.396	-0.012124997	-1198.9385	15.696905	0.073340856	4789.409687757492
433	4508.706	33.390274	4558.1147	4464.6245	1000.0	412.29297	14.614335	439.85284	253.14835	2170000	-0.038821388	7131.654	-0.010636665	-1853.206	15.686724	0.088414006	4802.77211689949
434	4583.763	58.929844	4691.7925	4515.4395	1000.0	389.33774	49.752346	429.33722	-5.2134004	2175000	-0.0022371125	8547.868	-0.0111406995	-3600.5425	15.773997	0.11114173	4815.983584403992
435	4542.1885	29.87032	4582.9536	4501.6064	1000.0	417.81	42.699432	432.03775	175.73772	2180000	-0.041967586	9502.632	-0.012861986	-1769.4116	15.742875	0.08850562	4829.95348739624
436	4496.0244	61.51253	4574.619	4396.1836	1000.0	412.26114	11.045525	426.45227	254.65744	2185000	-0.052109364	7231.7007	-0.012426157	-1113.8638	15.821605	0.11273958	4843.732455730438
437	4559.159	30.947886	4611.577	4519.7485	1000.0	398.54086	34.06973	425.19116	134.36041	2190000	-0.054030653	8174.3193	-0.012029458	-2118.1313	15.73385	0.088290185	4856.569049835205
438	4527.397	42.416504	4593.873	4470.099	1000.0	418.44714	22.366459	428.61807	139.28835	2195000	0.021529455	7533.143	-0.013589717	-843.56055	15.788222	0.10570542	4870.016780376434
439	4510.634	48.87678	4591.7095	4449.448	1000.0	413.7387	14.45261	425.92157	201.37794	2200000	-0.01605846	8230.877	-0.009624762	-889.5874	15.745303	0.098034576	4882.9952228069305
440	4508.4165	55.665703	4591.948	4438.1304	1000.0	402.95813	22.32633	425.89005	193.26318	2205000	0.05539922	7333.744	-0.01206886	-883.1987	15.728772	0.11959652	4898.414061307907
441	4491.667	42.559765	4553.104	4428.6387	1000.0	402.59146	30.598755	427.05756	172.8671	2210000	-0.0068610595	6910.764	-0.010121204	-1047.3203	15.763618	0.09736074	4911.7690052986145
442	4531.4663	77.86147	4684.0728	4465.4097	1000.0	387.2711	61.975883	429.95956	141.09172	2215000	0.040194005	8144.999	-0.011357799	-2654.267	15.816214	0.09524372	4925.956983804703
443	4574.1143	25.66197	4598.867	4528.712	1000.0	413.0051	30.934938	433.10013	199.21948	2220000	0.028825402	6795.5015	-0.016130455	-1282.2139	15.771781	0.09432871	4938.5640387535095
444	4524.499	45.110737	4596.645	4477.4326	1000.0	413.7159	39.679756	433.9553	155.21132	2225000	-0.03445448	6787.253	-0.011385828	-939.60156	15.789564	0.10537379	4951.755318641663
445	4543.253	57.26958	4643.76	4480.5083	1000.0	402.1616	43.426403	433.77267	146.02763	2230000	-0.026646951	6106.077	-0.012738487	-1518.2793	15.700648	0.09916548	4964.905411481857
446	4483.4287	29.761444	4531.1426	4445.218	1000.0	416.4905	27.017315	435.92838	145.48647	2235000	0.0056362	6984.0767	-0.008704022	-1235.9648	15.752906	0.102573305	4977.761853933334
447	4509.9614	50.109886	4588.8535	4456.3506	1000.0	409.36502	30.544062	435.61234	145.05704	2240000	-0.020486658	9106.7295	-0.012571273	-1635.1191	15.742944	0.13166201	4990.666290283203
448	4559.2	48.424614	4630.578	4502.2573	1000.0	398.47647	30.07643	435.89944	139.8177	2245000	-0.005280304	8616.64	-0.012930994	-1512.6157	15.693565	0.10078873	5003.7226803302765
449	4524.4795	51.091835	4614.93	4464.0854	1000.0	400.10257	48.33073	438.3026	167.15823	2250000	0.030833093	7675.019	-0.011367433	-1732.1797	15.687238	0.08975734	5016.607475280762
450	4511.878	55.421764	4593.735	4425.86	1000.0	407.75784	39.07438	439.18	171.50723	2255000	0.05733837	6524.407	-0.0118634775	-1984.395	15.748424	0.11641238	5031.773041725159
451	4556.3657	7.9081984	4570.3877	4547.564	1000.0	406.2025	51.237537	440.64307	185.22452	2260000	0.0003401001	5923.6777	-0.015460898	-1508.3306	15.759156	0.08662887	5045.201407432556
452	4520.802	59.295055	4607.8447	4429.24	1000.0	426.7775	30.640009	441.26266	131.00613	2265000	-0.019285772	7309.9966	-0.011760151	-1240.8428	15.703525	0.10280361	5058.190189361572
453	4542.372	20.838905	4577.9478	4520.8047	1000.0	396.1999	51.10651	438.99512	153.1508	2270000	0.0006121491	6422.0	-0.011205164	-1883.7583	15.64245	0.058354612	5070.864913225174
454	4589.945	66.225266	4685.2036	4505.9146	1000.0	421.8162	25.015099	441.02606	133.70175	2275000	-0.0021765167	7762.0024	-0.010407876	-1807.5415	15.740538	0.12806949	5084.404833078384
455	4543.0645	44.57891	4616.9077	4503.188	1000.0	396.28036	77.26256	440.4733	122.94437	2280000	-0.010878455	8315.171	-0.012613647	-2964.711	15.805613	0.102459006	5098.1651356220245
456	4537.403	64.75729	4639.9727	4469.8853	1000.0	421.4136	19.21066	438.11722	133.89668	2285000	-0.061606947	8347.952	-0.015226949	-1162.3892	15.761741	0.11531285	5111.537577867508
457	4530.38	53.537056	4624.028	4474.7363	1000.0	409.52316	20.484135	434.59637	198.70067	2290000	-0.006707465	7389.908	-0.011380797	-912.353	15.799394	0.10449653	5124.792277336121
458	4503.5615	38.34354	4543.4917	4457.402	1000.0	401.2805	33.590393	436.8558	143.25356	2295000	-0.0539781	7503.361	-0.012685396	-1919.187	15.732669	0.11053688	5137.712354898453
459	4559.504	75.11425	4692.363	4462.3657	1000.0	393.00024	62.848312	438.50323	119.009285	2300000	-0.08142135	7862.3257	-0.01295092	-2158.1655	15.759232	0.09172328	5150.948112487793
460	4573.6953	72.22554	4684.849	4461.2383	1000.0	418.4825	26.745144	439.64337	170.5922	2305000	0.024307983	7812.0215	-0.011088226	-928.4199	15.708311	0.102887355	5165.725651264191
461	4626.5986	80.14037	4722.532	4491.9194	1000.0	394.8777	62.63317	438.31586	158.3952	2310000	0.0311622	7981.344	-0.015986145	-2993.5776	15.814737	0.102420814	5179.26610660553
462	4555.9526	10.543648	4571.363	4541.377	1000.0	423.8715	34.43963	450.23804	187.59512	2315000	-0.022595258	6811.26	-0.009741833	-1119.1694	15.662164	0.11118424	5192.857221126556
463	4491.613	28.849384	4528.352	4452.329	1000.0	399.78006	61.211864	436.1556	145.78885	2320000	0.03807589	6790.5513	-0.014154125	-2260.851	15.794603	0.11837358	5206.75389623642
464	4532.523	33.687077	4594.9116	4502.8164	1000.0	408.18552	48.052	445.92236	163.61685	2325000	-0.0149838375	5770.553	-0.012411314	-799.395	15.71851	0.097315714	5220.2928783893585
465	4554.1514	67.63371	4675.6025	4478.0425	1000.0	392.541	70.23312	436.87653	153.94597	2330000	0.07522584	11880.149	-0.011229582	-4756.2134	15.745136	0.11803499	5233.604370355606
466	4514.089	42.689213	4572.3027	4459.6904	1000.0	411.23203	23.035006	450.267	271.66788	2335000	-0.07334494	7788.495	-0.009554818	-1861.623	15.707497	0.08550369	5247.258543252945
467	4516.131	39.849327	4560.757	4445.2554	1000.0	408.95	33.828327	434.03668	199.4944	2340000	0.044435196	6537.5894	-0.010955021	-949.2827	15.723107	0.123908095	5260.632803678513
468	4511.9688	36.941734	4549.078	4447.845	1000.0	407.93256	39.01406	433.67123	207.29594	2345000	0.00035427246	6259.81	-0.014188632	-878.2334	15.788047	0.12250632	5273.596098423004
469	4513.411	38.126976	4566.77	4454.8823	1000.0	416.7145	21.04917	433.84235	203.95676	2350000	-0.04226233	6826.0737	-0.0144131705	-1361.6729	15.675494	0.100630485	5286.521425485611
470	4529.939	38.948593	4576.899	4481.486	1000.0	413.87305	15.91915	436.5267	196.39531	2355000	0.014957055	7953.6216	-0.013516568	-817.2134	15.693978	0.082867354	5302.0693328380585
471	4526.418	30.929045	4571.1016	4486.983	1000.0	398.5299	45.9168	435.71115	157.30228	2360000	-0.01142869	5982.46	-0.011362782	-1035.4741	15.707214	0.07954306	5314.831512212753
472	4540.409	35.784645	4583.647	4477.73	1000.0	397.7242	55.60162	437.89914	154.88177	2365000	-0.051864635	7792.069	-0.011003148	-2090.917	15.797031	0.09662406	5328.188234806061
473	4542.9805	56.6891	4646.546	4494.468	1000.0	400.7582	56.71941	438.69534	192.28644	2370000	-0.017570972	7464.3174	-0.012306584	-1782.6157	15.726322	0.086654074	5340.915796041489
474	4517.6196	54.198513	4589.9126	4422.232	1000.0	418.15753	26.702148	438.18716	225.2078	2375000	-0.031209454	6601.2637	-0.013797037	-1728.7847	15.718869	0.10377535	5353.996529817581
475	4563.8643	43.587044	4642.32	4526.5815	1000.0	403.8742	52.67093	451.00504	144.16998	2380000	-0.0023940308	5818.351	-0.012005206	-1683.499	15.703425	0.08400364	5366.66451215744
476	4520.721	64.99655	4630.055	4461.576	1000.0	406.63986	65.040146	441.74084	147.05034	2385000	-0.085514866	9846.536	-0.01097706	-3230.6943	15.730247	0.08954913	5379.386363267899
477	4541.3853	28.382984	4568.7773	4488.7	1000.0	406.1872	23.139442	452.24606	219.64561	2390000	0.015520648	7566.91	-0.015815482	-2379.3726	15.798211	0.12032551	5392.409264087677
478	4559.3384	89.94609	4720.056	4475.031	1000.0	416.4668	20.181137	450.54495	204.69724	2395000	-0.074936	8240.782	-0.014459647	-1181.3438	15.737461	0.099662796	5406.007892608643
479	4532.534	25.905823	4558.7695	4491.5405	1000.0	403.2454	32.45716	444.34186	147.73946	2400000	0.015345026	6660.502	-0.01349885	-1765.8379	15.689938	0.07940394	5419.3275578022
480	4570.5557	37.0296	4597.8594	4497.879	1000.0	364.2502	93.24958	448.3278	136.46666	2405000	-0.042525396	10023.769	-0.013372999	-5941.075	15.777684	0.14209749	5434.752913951874
481	4579.041	57.58181	4677.908	4504.5884	1000.0	435.4929	10.6746	460.58453	246.5114	2410000	0.051141895	8296.248	-0.011761352	-2443.4087	15.664028	0.07610747	5447.938329458237
482	4520.2607	33.018406	4553.606	4460.112	1000.0	407.2427	46.772907	444.87756	185.06416	2415000	0.016955573	6991.515	-0.010448127	-1138.9663	15.625769	0.093729764	5460.544540882111
483	4535.587	45.563717	4619.861	4489.051	1000.0	403.04874	43.733704	447.8208	195.7157	2420000	0.10339753	6451.6274	-0.01031778	-984.8833	15.637714	0.09083641	5473.496335506439
484	4563.0864	99.99947	4739.117	4469.907	1000.0	412.5658	35.05919	447.0467	187.53658	2425000	0.090524316	7814.321	-0.009973593	-1417.7993	15.685601	0.1059816	5486.302689313889
485	4529.3594	37.7616	4581.872	4472.4736	1000.0	388.98618	66.8738	446.16495	51.377872	2430000	0.009407983	7905.426	-0.014611041	-2239.7944	15.703511	0.09706934	5498.985281229019
486	4507.052	43.049747	4553.1733	4431.785	1000.0	414.8466	33.7973	451.3373	228.78107	2435000	0.030191302	7208.1777	-0.010527307	-950.7666	15.6948185	0.09333511	5511.801217794418
487	4518.456	19.582975	4548.9536	4496.3384	1000.0	410.4315	24.184057	449.52213	231.27425	2440000	-0.061269294	6783.872	-0.012067776	-2458.1504	15.6938095	0.09644746	5524.7685968875885
488	4537.1533	69.13908	4644.6997	4433.6685	1000.0	420.1454	23.776064	445.45447	178.9841	2445000	-0.013249328	6701.4907	-0.011579672	-1284.353	15.657156	0.07224295	5537.756405830383
489	4558.586	32.566757	4603.871	4517.971	1000.0	369.07184	87.5106	446.79242	104.03581	2450000	0.09371502	8082.328	-0.014308155	-4923.1387	15.762248	0.08049789	5550.600417852402
490	4537.468	35.41179	4596.5415	4495.8013	1000.0	418.62326	44.389057	453.67166	185.46707	2455000	-0.028769806	5965.5874	-0.015134234	-1526.376	15.725934	0.06636323	5566.017067909241
491	4523.2046	31.314436	4558.3745	4467.9175	1000.0	415.8576	41.53593	450.63528	179.26129	2460000	0.095680736	4744.873	-0.011101693	-1755.564	15.696072	0.084408775	5578.821194410324
492	4502.0283	22.461002	4537.5625	4468.418	1000.0	419.4639	35.26704	447.13565	143.70958	2465000	0.03369607	6506.4995	-0.010673942	-1577.0049	15.695782	0.095418334	5591.586748123169
493	4552.3022	42.377007	4597.6294	4488.3643	1000.0	365.35526	96.19793	439.201	72.226776	2470000	0.039333373	16040.509	-0.010047851	-8933.91	15.667619	0.09739175	5604.1474850177765
494	4561.8022	68.731514	4650.228	4449.559	1000.0	411.07446	27.027534	457.14395	201.90979	2475000	-0.014862715	7485.096	-0.012073561	-1383.9292	15.676631	0.07554895	5616.442471504211
495	4517.38	30.091785	4566.7734	4477.3525	1000.0	417.03928	16.466623	464.95798	264.8226	2480000	-0.00893468	6869.623	-0.011639062	-1856.7368	15.760789	0.09065193	5628.847357273102
496	4503.766	43.643127	4556.27	4427.268	1000.0	409.37134	32.31631	453.31686	175.84471	2485000	0.039246686	7115.9697	-0.0119282715	-1206.5371	15.697043	0.08585031	5641.029359579086
497	4553.5654	30.541922	4591.47	4497.859	1000.0	388.2839	54.17316	448.44235	145.2652	2490000	0.01658191	7400.4746	-0.011518946	-2744.8662	15.601692	0.077879965	5653.8265018463135
498	4518.218	48.510254	4572.3984	4457.6787	1000.0	429.3537	21.487072	459.84598	247.62338	2495000	0.015209631	7980.986	-0.013542267	-1583.5669	15.727838	0.105481766	5666.527577638626
499	4554.581	51.151703	4634.0234	4487.5327	1000.0	397.5714	44.116604	451.71387	184.80553	2500000	-0.00554635	5513.0815	-0.00953371	-1459.3774	15.752728	0.09018213	5680.485706806183
