Epoch	AverageEpRet	StdEpRet	MaxEpRet	MinEpRet	AverageTestEpRet	StdTestEpRet	MaxTestEpRet	MinTestEpRet	EpLen	TestEpLen	TotalEnvInteracts	AverageQVals	StdQVals	MaxQVals	MinQVals	LossPi	LossQ	Time
1	-390.9518	25.13006	-344.7013	-412.87915	-2074.5054	969.8033	-74.62099	-2768.4365	1000.0	773.9	5000	16.365238	15.687926	93.24163	-6.2771864	-19.133976	2.2766182	35.672205686569214
2	-454.3163	76.35078	-368.56277	-559.22546	-314.94037	278.06027	-17.816944	-884.132	1000.0	89.5	10000	116.9742	43.13999	259.62488	36.430645	-124.626	16.232763	56.27847957611084
3	-830.7973	1027.3286	-51.35145	-2525.9858	-2171.9788	704.8662	-67.41793	-2522.7834	340.33334	902.0	15000	224.54591	14.064914	342.30905	52.40693	-229.46065	65.437614	85.46715235710144
4	-1791.7985	264.7032	-1388.5656	-2113.3997	-1224.2195	108.433716	-1054.1333	-1382.9951	1000.0	1000.0	20000	222.16458	12.632186	331.06476	-20.55914	-224.71153	29.641853	118.50695586204529
5	-1284.4479	177.36664	-1061.1162	-1457.903	-603.39856	181.15547	-150.36385	-850.9067	1000.0	863.2	25000	190.56155	14.569872	301.41055	-28.50256	-192.3825	16.145962	151.1982352733612
6	-586.1411	357.23047	-85.22899	-1163.2578	-259.65732	126.67401	-103.98312	-496.45746	745.0	919.2	30000	157.71655	13.554786	271.4743	-58.145813	-159.33554	11.444912	184.0300908088684
7	-305.4603	105.83022	-139.25623	-441.28876	75.13288	110.88797	231.58794	-82.972725	1000.0	906.5	35000	129.7386	11.315888	227.6628	-88.83623	-131.19449	7.4712186	216.15711164474487
8	-211.3281	165.44888	-15.984279	-408.97714	218.94328	196.1929	445.19763	-211.72038	1000.0	937.0	40000	110.118866	10.240756	198.01802	-62.859787	-111.61971	6.3703732	249.16446495056152
9	-199.97302	225.83002	32.64254	-597.4119	-282.7679	284.53748	-5.006619	-756.61237	1000.0	1000.0	45000	98.80113	12.13383	224.55167	-58.685574	-100.38665	7.866031	283.7637085914612
10	-421.30527	253.3088	-111.74677	-775.5894	-497.312	209.02075	-223.09163	-895.7464	1000.0	903.5	50000	93.66036	16.6663	263.97925	-46.764004	-95.35242	12.035374	318.27686190605164
11	-918.6461	138.23409	-730.4789	-1096.1312	-932.99445	485.93216	-25.957882	-1647.7374	1000.0	774.6	55000	93.15393	22.83898	344.85657	-103.57098	-94.96575	18.722116	350.7725830078125
12	-954.55475	361.86365	-412.27252	-1486.8844	-944.3325	207.26596	-725.124	-1411.3883	814.8333	1000.0	60000	92.22079	25.143951	325.68478	-72.45703	-94.015686	19.711288	386.1882703304291
13	-1146.6798	425.0683	-334.6703	-1776.2507	-1024.0497	316.50977	-251.2915	-1310.0658	852.6667	839.0	65000	90.43914	27.045229	356.54526	-78.36481	-92.218445	20.03425	420.97233390808105
14	-1034.886	592.429	-57.538647	-1637.4165	-885.41925	524.0845	-54.918015	-1607.4899	736.2857	725.0	70000	86.3955	28.738369	331.38022	-56.422947	-88.01893	20.817453	456.4773213863373
15	-1162.6996	185.95288	-807.8739	-1334.5193	-734.6455	381.8571	-138.05309	-1529.6858	919.6	915.5	75000	77.98108	27.51807	286.65543	-69.21367	-79.40102	17.898554	492.72353529930115
16	-908.3075	347.7054	-578.1317	-1560.6187	-660.8401	344.51144	-119.84896	-1356.6688	1000.0	848.9	80000	68.01915	25.745693	263.12173	-47.556614	-69.365875	15.847472	530.6768894195557
17	-775.31525	309.23434	-185.43524	-1151.7217	-603.01166	395.2267	-17.152597	-1256.1333	850.0	817.6	85000	59.05406	24.486202	253.83046	-47.75075	-60.379692	14.693519	568.8868086338043
18	-815.97943	175.54848	-563.2119	-1063.5319	-536.9914	324.03027	-50.69418	-1091.1384	1000.0	903.6	90000	52.769775	23.305988	237.23898	-51.297607	-54.13473	14.804707	608.0396339893341
19	-705.29974	169.93707	-486.1634	-927.1639	-332.53796	191.16158	-91.88172	-656.47064	948.1667	910.5	95000	47.94545	22.692337	251.43974	-44.674488	-49.267918	14.6572275	649.8764832019806
20	-574.8093	220.24709	-188.4364	-867.6128	-694.16974	404.9393	-215.5918	-1202.1525	837.6	929.9	100000	44.630047	22.29486	250.98238	-48.714817	-45.972416	14.148961	686.3785240650177
21	-880.6961	220.2727	-591.0742	-1188.643	-1037.1161	408.11484	-565.0841	-2189.6294	1000.0	1000.0	105000	42.38018	21.945662	225.56564	-47.816402	-43.707245	14.491857	727.7628967761993
22	-917.23016	277.56412	-365.403	-1175.8583	-547.0165	287.83093	-54.12343	-976.4024	852.5	810.9	110000	39.77083	22.682646	222.55196	-44.723785	-41.05288	15.36542	767.7538466453552
23	-778.8576	186.38123	-499.0559	-943.7244	-377.24896	155.06717	-50.23197	-601.5041	1000.0	821.3	115000	36.802876	22.90831	214.59622	-44.16193	-38.03225	14.687466	806.2732636928558
24	-830.14746	245.58011	-475.282	-1190.6187	-671.3021	295.42673	-88.989784	-1080.1246	869.6667	827.0	120000	34.271164	23.13015	214.81544	-43.52391	-35.50924	14.07655	845.0214998722076
25	-1040.8015	150.1645	-897.0513	-1287.1829	-877.9684	405.82904	-96.835045	-1359.1504	1000.0	821.4	125000	31.92392	22.05071	193.61627	-46.29329	-33.110004	11.899485	883.8601031303406
26	-654.1665	388.07352	-119.429535	-1319.3844	-1282.0328	536.213	-307.9295	-2127.4087	695.75	1000.0	130000	28.61252	19.607	162.11143	-57.33441	-29.742302	10.895005	926.8479177951813
27	-746.20654	336.54153	-122.675835	-1091.4393	-663.6593	230.8095	-137.6809	-976.00073	830.6	909.0	135000	25.42004	17.54316	162.1025	-33.07404	-26.516125	8.984905	963.3145570755005
28	-835.766	43.071686	-768.729	-896.0333	-650.155	194.8242	-197.86153	-916.0352	1000.0	877.7	140000	22.597569	16.602018	143.35997	-29.415548	-23.670202	7.7092524	1002.3087074756622
29	-642.12585	396.0978	-26.832615	-1148.0087	-659.3454	316.61264	-196.98048	-1329.4948	736.0	919.5	145000	19.671822	15.691453	133.38971	-57.50587	-20.705755	6.7252316	1042.7647285461426
30	-616.15625	96.01383	-511.69687	-774.8902	-1096.0474	692.8316	-253.31226	-1801.4177	1000.0	1000.0	150000	17.591059	14.779866	145.04707	-42.262413	-18.65066	6.069451	1084.2100825309753
31	-612.3824	95.02414	-474.6057	-736.1538	-689.621	258.12997	-216.60094	-1170.7557	1000.0	922.0	155000	16.204416	13.48232	130.52275	-47.603302	-17.222895	5.1906166	1124.883050441742
32	-594.36487	82.12877	-497.54037	-724.73926	-624.0268	236.323	-303.7045	-906.8472	1000.0	1000.0	160000	14.212706	12.535568	110.02926	-49.935837	-15.193206	4.602184	1165.7419364452362
33	-619.2184	140.19034	-467.56406	-809.0725	-1042.8928	362.3878	-167.48668	-1278.5248	1000.0	1000.0	165000	12.922493	12.312169	96.81988	-46.602524	-13.920808	4.0965843	1207.3516647815704
34	-723.1422	121.96975	-522.9768	-848.39844	-248.18987	190.79594	-45.966938	-626.95135	1000.0	1000.0	170000	11.677622	12.279622	96.781685	-74.43277	-12.636001	3.8682423	1248.0697379112244
35	-546.72955	153.19038	-383.59003	-765.74164	-465.71393	177.85109	-288.05902	-923.42035	1000.0	1000.0	175000	10.774169	12.012414	112.48174	-45.3861	-11.745075	3.8642457	1289.111887216568
36	-610.29443	83.92518	-501.97775	-696.95215	-321.96817	55.011288	-226.05794	-410.81525	1000.0	924.8	180000	10.086595	12.069082	102.39871	-50.656998	-11.049621	3.7880993	1329.6060910224915
37	-518.8959	90.41237	-346.42365	-599.6519	-502.54688	218.45027	-215.1172	-1031.9933	1000.0	1000.0	185000	9.856121	11.683527	96.312355	-41.794746	-10.821529	3.40701	1371.2859282493591
38	-448.7709	114.5431	-320.58997	-655.5213	-443.9629	173.84563	-240.32132	-892.1368	1000.0	1000.0	190000	10.39497	11.082493	95.920364	-48.66996	-11.392255	3.3619359	1412.8122820854187
39	-417.90552	166.36429	-161.31322	-672.42865	-557.86145	272.80557	-204.91333	-1032.873	1000.0	955.1	195000	11.696978	10.481561	89.38857	-46.073444	-12.718363	3.1703172	1454.0578005313873
40	-401.3025	53.19743	-307.89056	-464.66464	-288.4591	147.58545	-122.86436	-583.30035	1000.0	1000.0	200000	13.120071	9.972613	85.237724	-54.841003	-14.132925	3.0397148	1494.8857593536377
41	-298.44727	127.298134	-125.862366	-465.81046	-268.4316	188.4877	14.846476	-567.02313	1000.0	1000.0	205000	14.861878	9.584787	77.55496	-58.355495	-15.913756	2.8108015	1536.4685924053192
42	-273.2658	82.3073	-158.59946	-376.39542	-143.28745	95.86604	47.270943	-350.17038	1000.0	1000.0	210000	17.38424	9.080435	73.18367	-51.786423	-18.455236	2.4922166	1577.780074596405
43	-393.64505	93.53692	-302.87894	-559.6691	-222.9333	131.74239	14.900788	-418.01868	943.6667	1000.0	215000	19.889086	8.97077	78.11552	-78.97745	-20.966347	2.3234448	1621.4404783248901
44	-258.43994	40.17573	-213.11868	-317.71887	-89.75694	126.59672	129.7954	-343.984	1000.0	1000.0	220000	23.151033	9.61868	78.75491	-42.213768	-24.291641	2.2903805	1663.5861194133759
45	-281.4803	199.73512	-58.982346	-647.995	-116.49519	216.4134	285.32922	-467.3496	1000.0	1000.0	225000	26.710133	10.334588	79.374306	-36.921	-27.899525	2.372501	1705.4786400794983
46	-337.0168	275.0795	-15.360529	-719.3015	-178.03424	195.50633	166.3484	-586.4351	1000.0	1000.0	230000	31.064507	11.177684	88.343445	-35.31279	-32.301987	2.5073493	1747.313366651535
47	-206.26384	239.85649	117.61475	-459.50238	-126.121254	263.8878	350.0411	-506.17368	1000.0	1000.0	235000	35.142815	12.0287	85.25863	-35.17363	-36.392746	2.5664697	1789.3012974262238
48	-3.6228516	145.06355	187.29855	-195.88272	-180.49394	404.98877	437.18854	-769.8414	1000.0	1000.0	240000	39.004265	12.783069	96.99312	-25.95512	-40.282063	2.7358675	1831.1869502067566
49	-55.48296	136.13696	100.17775	-290.17108	1.0063012	673.5925	611.8978	-1760.8158	1000.0	1000.0	245000	43.35314	13.655876	92.019424	-24.617872	-44.665134	2.8596945	1873.0251967906952
50	-52.493053	209.43613	176.54085	-399.0517	59.54487	252.12769	427.2357	-450.22635	1000.0	1000.0	250000	47.138527	14.350713	105.13517	-39.31372	-48.43756	2.944384	1914.9882848262787
51	-121.80497	273.3256	179.88069	-629.8327	-444.70868	48.042744	-348.12268	-519.06323	1000.0	1000.0	255000	49.886536	14.674734	104.11014	-37.681774	-51.17953	2.893056	1957.3532266616821
52	-208.749	145.39577	15.986597	-407.08194	-697.689	245.73547	-22.106806	-892.67926	1000.0	1000.0	260000	52.28367	14.758476	114.72064	-35.161366	-53.5681	2.8792715	1999.5639674663544
53	-285.08746	195.78854	-45.242535	-521.8766	18.566803	119.69888	280.5292	-128.32478	1000.0	1000.0	265000	53.948845	14.637225	103.81929	-24.44607	-55.235767	2.8444011	2042.187355041504
54	-7.770621	144.92706	208.69159	-143.13829	146.34325	32.32959	193.15604	73.16911	1000.0	1000.0	270000	55.62289	14.525913	101.87355	-41.182285	-56.931526	2.8536463	2083.605409860611
55	98.48368	132.51247	323.04263	-66.784	167.47617	317.88605	369.71683	-451.64304	1000.0	1000.0	275000	58.133133	14.318162	104.2748	-33.64173	-59.492336	2.9731355	2124.751531124115
56	63.098755	39.25361	113.3237	-13.617977	-69.748245	138.71373	174.2802	-340.20508	843.5	1000.0	280000	60.94244	13.4776125	109.86541	-29.596886	-62.31139	2.9929934	2165.0432443618774
57	57.2068	130.05176	235.69673	-165.15369	433.90073	179.44969	657.80804	80.19482	1000.0	1000.0	285000	63.79081	12.477532	109.22626	-21.386986	-65.193	2.8595738	2205.1656210422516
58	153.20471	129.2758	392.61057	9.5667095	450.5546	245.06392	708.91144	88.00892	1000.0	1000.0	290000	66.71758	11.529703	119.952354	-22.176544	-68.11209	2.8389544	2245.412919282913
59	130.59918	103.381676	320.63858	5.6865873	397.02048	166.17868	606.6136	32.716053	1000.0	1000.0	295000	69.0066	10.39964	131.68266	-20.089632	-70.387634	2.5935202	2286.1526901721954
60	217.23315	82.26931	358.89706	143.75525	-15.683301	19.206987	17.829098	-43.936497	1000.0	1000.0	300000	70.738365	9.6848135	132.21057	-28.912315	-72.12091	2.4857738	2327.0607335567474
61	92.283554	138.5764	258.1174	-124.30971	37.887123	242.43198	393.56607	-350.2528	1000.0	1000.0	305000	71.86088	9.176031	133.44394	-26.47785	-73.21853	2.3990579	2367.5971019268036
62	98.71425	56.631737	176.93489	45.780514	30.054699	197.8754	257.617	-265.219	1000.0	1000.0	310000	72.92062	8.915142	133.63356	-43.344105	-74.27122	2.3673546	2407.839138507843
63	6.5346985	151.20164	306.80307	-101.602776	-326.40887	23.80861	-277.2715	-357.34143	1000.0	1000.0	315000	73.4654	8.771627	129.60583	-38.99062	-74.77288	2.2707493	2448.3429589271545
64	40.111217	81.464714	142.9784	-107.34085	162.04816	243.9061	394.6236	-452.44244	1000.0	1000.0	320000	72.99429	8.482858	137.85425	-55.71825	-74.26823	2.2135954	2488.8962347507477
65	-7.4987106	65.07655	87.191734	-110.29245	87.05992	77.30312	202.83936	-79.369316	1000.0	1000.0	325000	72.31378	8.131237	128.63834	-29.252945	-73.5655	2.090513	2530.244199991226
66	50.36361	127.47851	230.58415	-164.18727	123.92174	39.994606	162.78532	11.505919	1000.0	1000.0	330000	71.2447	8.104327	126.06755	-46.63187	-72.4602	2.0440204	2571.1976251602173
67	-124.54948	65.14967	-21.118265	-198.60645	320.91266	42.86584	445.49774	287.64185	1000.0	1000.0	335000	70.1349	8.091832	130.4867	-34.22515	-71.34412	2.025312	2612.418917655945
68	15.670778	130.38687	160.69829	-192.03427	23.788149	65.77873	100.89537	-92.30532	1000.0	1000.0	340000	69.124626	8.333132	119.47952	-34.673138	-70.31174	1.9979477	2653.1882045269012
69	4.1349244	142.97308	174.21158	-245.32417	41.372345	78.074875	153.17577	-53.01849	1000.0	1000.0	345000	67.908356	8.689066	118.21453	-17.523289	-69.06449	2.0382886	2693.7429459095
70	-103.25188	78.73783	49.01695	-166.06621	49.009026	277.24863	473.08255	-396.40842	1000.0	1000.0	350000	66.50093	8.892946	116.28469	-26.572079	-67.6363	2.0428042	2734.473345041275
71	35.755302	127.882065	176.54929	-158.55565	-15.881442	62.393864	125.509735	-101.66244	1000.0	1000.0	355000	65.066444	8.934709	107.3234	-39.96999	-66.18305	1.986375	2775.571935415268
72	-21.521591	118.586555	167.47491	-196.87831	-50.719078	51.91282	85.06242	-140.9155	1000.0	1000.0	360000	63.45439	8.952767	121.06433	-29.995293	-64.53408	1.9779487	2816.5279948711395
73	-51.61903	78.91136	86.29074	-134.1772	249.21863	126.87542	471.85736	60.538223	812.2	1000.0	365000	62.42922	8.726666	126.59189	-21.906973	-63.52515	1.9710177	2854.1618468761444
74	-50.080544	108.93495	99.06945	-190.5737	161.26665	120.384964	280.63428	-133.51967	1000.0	1000.0	370000	61.42178	8.643747	116.5927	-26.297842	-62.5014	1.9912226	2895.3286514282227
75	-55.31446	97.71813	79.66005	-215.89897	220.88516	25.298046	254.08891	182.55052	1000.0	1000.0	375000	60.719948	8.645995	107.46494	-45.642002	-61.8123	1.9784446	2936.8179273605347
76	106.22688	164.00986	319.08734	-161.81754	-80.976746	7.0177665	-66.82022	-92.71664	1000.0	1000.0	380000	60.68093	8.754064	111.2292	-36.727203	-61.789608	2.0827281	2978.3074564933777
77	46.7505	92.44874	153.7767	-113.272484	-67.23994	78.59297	-1.7362434	-295.94443	1000.0	1000.0	385000	61.188087	9.030218	112.144104	-50.862816	-62.301643	2.1233315	3019.3225247859955
78	106.883385	101.20444	207.14053	-74.5435	269.0725	33.438656	325.55972	213.63437	1000.0	1000.0	390000	61.609936	9.164802	110.67059	-35.234966	-62.72705	2.0964026	3060.749496459961
79	-25.911951	47.12978	56.31388	-73.427505	92.86694	101.2114	256.7543	-90.19171	1000.0	1000.0	395000	62.934177	9.099193	98.14057	-39.861267	-64.10507	2.023039	3102.055876970291
80	-34.433605	130.34752	120.31875	-220.52199	211.7767	137.47026	456.84525	-32.99762	1000.0	1000.0	400000	64.07602	8.92898	109.62587	-41.222527	-65.20005	2.032278	3143.647773504257
81	43.31741	111.612495	197.21152	-85.78764	59.092598	311.14102	621.939	-302.7845	1000.0	1000.0	405000	64.76742	8.693363	99.40738	-16.410492	-65.89809	1.9619336	3184.28405213356
82	110.71126	82.76071	268.2347	36.549305	252.6222	83.29694	373.3957	145.56969	1000.0	1000.0	410000	65.79145	8.719751	105.02267	-31.165483	-66.946304	1.9875027	3225.5543286800385
83	114.13562	91.924446	221.3225	-21.40522	156.95233	196.4596	473.31073	-223.4322	1000.0	1000.0	415000	66.90221	8.6310835	102.54267	-23.392958	-68.07116	2.0420747	3267.425790309906
84	219.33716	50.208477	276.62753	157.68346	350.90894	236.07175	639.8535	-61.69562	1000.0	1000.0	420000	68.437355	8.663812	102.85883	-28.764683	-69.60293	2.029884	3308.8479347229004
85	197.60118	87.40064	318.03	48.87799	268.16238	209.15184	590.3421	-49.030567	1000.0	1000.0	425000	69.633446	8.566755	106.89693	-32.914227	-70.80858	2.0692987	3350.3636021614075
86	128.31763	119.98297	243.3088	-102.85777	505.10822	225.6	828.7621	203.28247	1000.0	1000.0	430000	70.72605	8.324716	108.55885	-29.554796	-71.881	2.0980663	3392.221403360367
87	222.25925	102.953125	323.49545	40.9792	404.69858	272.4245	738.72577	43.53929	1000.0	1000.0	435000	71.665634	8.348827	129.43791	-41.6373	-72.82415	2.1157966	3433.827255010605
88	230.22035	111.796906	413.30542	80.02623	258.08374	83.57843	406.307	143.32613	931.0	1000.0	440000	72.810745	8.509569	124.369514	-37.07683	-74.00093	2.1605887	3476.9499113559723
89	249.18437	33.691086	296.6778	199.96568	444.88287	115.165115	633.1054	245.05243	1000.0	1000.0	445000	74.018295	8.528963	125.724815	-53.233215	-75.19476	2.2022927	3518.0357048511505
90	203.69545	189.44777	516.6604	-72.83625	345.12665	279.38345	799.37714	4.754517	1000.0	912.4	450000	74.77187	8.573339	118.27197	-25.064775	-75.93895	2.2003453	3559.4286665916443
91	236.8671	178.22092	443.22937	38.13436	331.17273	147.35583	490.4275	9.775304	881.6	1000.0	455000	75.38534	8.687364	116.22839	-26.432787	-76.55242	2.2336335	3599.285656452179
92	246.59904	28.091713	288.20633	216.25197	323.30457	93.01238	479.99234	191.92844	1000.0	1000.0	460000	75.62275	9.052147	124.50685	-27.100124	-76.775826	2.357496	3641.2300143241882
93	277.50177	84.95501	402.3661	170.65631	86.52046	490.6102	818.323	-592.23425	1000.0	1000.0	465000	76.16491	9.376734	124.2337	-20.462063	-77.32874	2.439982	3682.8070526123047
94	266.3171	111.16685	470.72717	154.51707	359.68738	124.80117	573.1864	172.28726	914.6667	1000.0	470000	76.6839	9.27584	126.44711	-36.64067	-77.835526	2.5234318	3726.413177251816
95	244.9541	102.88974	349.7172	48.21884	210.20657	276.34412	464.00534	-243.54312	1000.0	1000.0	475000	76.866	9.21947	126.104904	-32.17612	-78.01034	2.4241066	3769.0812425613403
96	232.33797	56.318027	280.0985	123.00536	376.97348	359.54257	675.4212	-309.2851	1000.0	1000.0	480000	76.76833	9.250063	125.46253	-35.257305	-77.894966	2.3968155	3810.523522377014
97	286.0578	82.804985	407.93683	167.07152	256.82928	470.4349	801.311	-853.40497	1000.0	1000.0	485000	76.99264	9.254825	129.54468	-26.41219	-78.13326	2.394065	3853.0128688812256
98	233.87875	142.29285	337.84912	-45.379837	362.81967	88.41214	508.53207	200.689	1000.0	1000.0	490000	77.485886	9.251694	125.41989	-26.434502	-78.6359	2.4549735	3895.646163702011
99	355.9408	55.61512	437.2828	262.2634	265.3014	223.69011	576.42914	-75.40976	1000.0	911.7	495000	78.17111	9.38362	129.6637	-26.757044	-79.329926	2.4588985	3936.0482263565063
100	264.29077	85.09606	414.05157	157.88461	312.27838	38.528416	363.94638	235.27254	1000.0	1000.0	500000	78.35829	9.404761	130.19069	-36.675663	-79.48017	2.4563012	3977.868708372116
101	278.30206	79.169334	396.48856	193.23747	390.3075	198.53574	758.1969	93.87646	1000.0	1000.0	505000	78.44936	9.444512	130.16823	-40.84961	-79.577286	2.4275937	4019.9428355693817
102	226.79546	72.38441	336.05807	144.29082	415.76764	33.094616	488.59125	369.77295	1000.0	1000.0	510000	78.83006	9.582764	133.32301	-35.471912	-79.9617	2.4834747	4061.414557695389
103	179.5728	65.08935	252.36902	86.19988	353.69785	245.42868	810.2687	-110.681496	1000.0	1000.0	515000	79.26047	9.628633	130.54297	-80.01607	-80.393074	2.5164614	4103.826899051666
104	130.64072	61.25833	198.07529	20.903103	424.63248	265.97357	681.9043	-335.9391	1000.0	1000.0	520000	79.41893	9.748791	129.20146	-55.96628	-80.52944	2.4655192	4145.843901395798
105	263.05295	50.847668	308.9492	182.02861	288.74936	237.77219	686.1869	39.146065	1000.0	1000.0	525000	79.250595	9.914941	133.86223	-37.11013	-80.35051	2.4166048	4188.779023647308
106	231.88696	88.35366	348.0323	93.341965	408.65524	130.17474	659.3639	130.7728	1000.0	912.3	530000	79.09222	10.124518	133.782	-34.69884	-80.1824	2.5922089	4229.626814365387
107	241.31917	117.85288	391.59088	93.5531	362.34894	73.28402	453.87317	256.53134	1000.0	1000.0	535000	78.60728	10.197207	132.1251	-49.598488	-79.684425	2.4920542	4272.267240047455
108	239.04477	68.927734	361.76102	149.37889	430.08746	160.58252	725.2454	81.53902	1000.0	909.4	540000	78.01487	10.261664	134.52533	-23.361374	-79.07583	2.5006008	4312.888165473938
109	248.74475	77.18597	342.03693	135.08968	340.93524	61.4381	466.47043	210.59863	1000.0	1000.0	545000	77.72381	10.593745	132.27396	-36.29327	-78.789566	2.5871122	4354.988810062408
110	314.84064	69.470505	392.70413	193.7002	-135.8046	195.17117	403.25613	-281.8476	1000.0	1000.0	550000	77.00771	10.681949	134.9934	-62.372135	-78.0354	2.485436	4397.494865894318
111	161.1374	67.72884	253.8207	46.225185	495.34683	193.82162	784.9036	38.21009	1000.0	905.4	555000	76.166275	10.519269	131.23007	-40.2282	-77.18417	2.3935895	4439.125338792801
112	292.38065	97.45741	437.18945	162.92381	341.34634	282.59225	936.3158	-58.762486	1000.0	1000.0	560000	75.51801	10.494428	130.83804	-34.271812	-76.5572	2.3297837	4482.622912168503
113	243.75948	70.83589	357.9923	148.85327	357.3816	230.0239	612.49335	-133.07832	1000.0	1000.0	565000	75.67641	10.597586	134.71474	-17.080055	-76.72525	2.3671012	4526.771513938904
114	224.59451	52.02208	307.4358	164.52365	472.5467	208.5316	830.62225	291.89288	1000.0	1000.0	570000	75.92714	10.666638	137.26248	-27.259186	-76.97611	2.4733589	4571.644164800644
115	285.31754	91.42975	464.58795	206.1306	444.53082	167.87149	553.0371	-52.08553	1000.0	1000.0	575000	76.20695	10.548316	134.89061	-28.805893	-77.25665	2.4341035	4619.3914103508
116	309.42352	72.52738	381.16898	174.4156	424.12946	112.9359	549.37445	215.31404	1000.0	1000.0	580000	76.34085	10.242927	135.8022	-50.70727	-77.39061	2.356011	4668.243481397629
117	183.1322	169.244	330.6167	-144.94142	231.20122	152.73727	487.7466	38.80403	1000.0	1000.0	585000	76.66217	9.970681	136.76048	-44.012768	-77.70262	2.3209488	4719.609613418579
118	262.90417	116.04749	401.7803	51.152443	409.53467	112.797806	579.6839	249.19308	1000.0	1000.0	590000	76.73179	9.987085	138.33115	-38.571934	-77.75818	2.3636796	4770.622912406921
119	263.6436	71.081764	350.3336	184.918	556.87823	153.59987	707.418	205.46924	1000.0	1000.0	595000	76.48009	10.155421	139.20929	-43.25992	-77.50527	2.295166	4824.114339351654
120	313.52148	167.03151	503.80753	45.443943	565.22327	78.98554	675.8209	431.04315	1000.0	1000.0	600000	76.61955	10.239379	134.29297	-22.149422	-77.64356	2.349561	4877.841595888138
121	261.50504	101.82503	371.74976	68.29113	335.2287	171.54483	442.12186	-167.03146	1000.0	1000.0	605000	76.68954	10.338908	141.99942	-26.293951	-77.71133	2.448237	4932.575377941132
122	256.5859	98.77459	390.34116	115.63981	598.9631	228.29796	900.1546	171.55841	1000.0	1000.0	610000	77.04695	10.534506	140.0944	-54.353912	-78.08064	2.462663	4988.056041717529
123	289.43256	82.893166	394.6719	181.05705	605.35126	117.505905	835.29065	438.31143	1000.0	1000.0	615000	77.190575	10.463793	139.6651	-35.034145	-78.20035	2.475457	5042.2938113212585
124	339.20685	74.85276	465.33597	247.97119	439.0664	175.53816	767.2937	204.76498	1000.0	1000.0	620000	77.05251	10.660523	146.92726	-41.696526	-78.06779	2.5731876	5097.3223259449005
125	364.9495	119.87394	524.60443	172.96185	553.96387	84.24914	672.69336	403.89136	1000.0	1000.0	625000	77.01043	11.036083	142.37994	-56.2041	-78.01243	2.4586856	5152.145153284073
126	210.9471	108.32264	379.87936	64.80157	629.90424	46.082302	709.44116	549.33044	1000.0	1000.0	630000	76.8818	11.332653	145.26099	-42.766026	-77.88041	2.5565312	5205.528270959854
127	302.05612	40.02427	365.99344	247.70605	267.4883	78.37051	406.75287	176.5996	1000.0	1000.0	635000	76.859184	11.623408	146.55656	-15.82303	-77.85953	2.5039363	5260.271294116974
128	267.9712	111.03642	474.71994	142.65805	144.9304	145.82779	395.49826	-25.81927	1000.0	1000.0	640000	76.71343	11.660433	145.06706	-33.279182	-77.706635	2.5784671	5313.303760766983
129	228.40681	58.064095	321.4064	157.86485	161.35666	217.20724	549.2422	-171.09799	1000.0	1000.0	645000	76.55502	11.503663	142.75389	-41.760727	-77.541985	2.496075	5365.842421770096
130	313.76147	112.79423	524.51575	198.75136	438.68832	30.24283	489.69836	390.28616	1000.0	1000.0	650000	76.32427	11.359415	142.7763	-19.624243	-77.304634	2.3386788	5419.456279039383
131	204.2692	36.69631	253.56148	167.96611	384.08127	59.818253	516.0676	296.60767	1000.0	1000.0	655000	76.28674	11.144515	142.9836	-139.08875	-77.255974	2.360165	5472.143562555313
132	398.93008	104.54654	559.6159	285.78665	284.8382	147.43121	569.0344	132.86276	1000.0	1000.0	660000	76.25737	11.083727	135.83582	-40.57737	-77.23705	2.3233445	5526.766145944595
133	208.98978	56.96991	305.4718	146.48299	563.859	248.18747	863.05615	-27.589268	1000.0	1000.0	665000	76.55985	10.907395	134.9715	-39.679108	-77.54361	2.2316213	5581.069309234619
134	184.70206	154.22299	368.45718	-62.600277	66.05314	193.62886	473.31934	-138.53712	1000.0	1000.0	670000	76.73983	10.852492	133.57518	-32.611706	-77.72825	2.303234	5634.831023931503
135	306.91644	134.62582	527.59064	158.3966	271.7829	176.36678	683.9308	57.764153	1000.0	1000.0	675000	77.05915	10.718324	139.52303	-22.4542	-78.0456	2.2405856	5687.277096986771
136	266.11612	84.275604	358.7686	109.90351	535.0265	66.09074	655.97943	432.69193	1000.0	1000.0	680000	77.25144	10.59818	140.3145	-37.20945	-78.21939	2.2443035	5741.34801864624
137	198.41203	58.456593	260.4461	87.6403	425.39508	41.19843	490.16544	328.05975	1000.0	1000.0	685000	77.101074	10.386305	142.68442	-27.329336	-78.05933	2.297489	5794.475492715836
138	289.67563	64.515236	385.0469	218.33786	480.67334	74.52592	664.04504	389.5085	1000.0	1000.0	690000	76.91498	10.299172	142.8562	-43.432373	-77.88046	2.202048	5847.067940235138
139	292.0468	66.664825	366.92273	216.5078	421.955	140.59454	785.73016	227.97444	1000.0	1000.0	695000	76.83454	10.019484	141.7271	-20.198286	-77.77584	2.1103165	5900.745633602142
140	351.59515	68.6233	435.06705	273.80655	835.6465	109.67307	906.17676	514.5641	1000.0	1000.0	700000	76.73247	9.856166	139.01756	-49.745285	-77.6927	2.1790793	5953.136838912964
141	336.0064	112.507065	544.23517	209.97234	442.0786	174.0156	819.985	287.06876	1000.0	1000.0	705000	76.99848	9.587629	136.24393	-27.563007	-77.95909	2.0978749	6003.736355066299
142	347.3729	56.488728	433.072	262.63803	169.97356	262.9495	523.6231	-180.25385	1000.0	1000.0	710000	77.422905	9.545456	138.4856	-25.403725	-78.3838	2.1328747	6054.893556594849
143	317.84564	181.9497	512.0532	-7.4794526	304.64868	164.04037	764.5299	145.33086	1000.0	1000.0	715000	77.528366	9.587406	139.54208	-10.341679	-78.473915	2.081036	6106.173283576965
144	347.5743	117.00847	562.05194	203.34557	398.77594	36.216408	433.98492	313.92166	1000.0	1000.0	720000	77.41383	9.72044	145.46538	-41.501328	-78.36086	2.1174273	6155.507142066956
145	266.51865	62.380974	364.6078	198.42181	474.5568	77.971596	628.68604	303.63474	1000.0	1000.0	725000	77.330635	9.915185	142.14055	-43.735085	-78.26729	2.067457	6204.03138923645
146	317.42416	167.35999	510.75253	45.973972	492.32037	65.96316	602.9971	354.34995	1000.0	1000.0	730000	77.15575	9.745535	138.37341	-14.058372	-78.0845	2.092219	6252.5473799705505
147	290.2318	115.12034	438.14893	152.39253	359.72137	71.621475	477.33646	257.5957	1000.0	1000.0	735000	77.11771	9.683028	136.33331	-36.814957	-78.058784	2.1301134	6300.609492063522
148	314.8775	85.03354	461.3103	211.08855	432.65387	178.85031	667.56915	35.42498	1000.0	1000.0	740000	77.17654	9.734108	138.6329	-45.103275	-78.10794	2.1233952	6348.07716178894
149	311.52148	113.28681	492.6588	188.59074	507.61493	137.22179	838.24756	383.05643	1000.0	1000.0	745000	77.20272	9.663456	142.40257	-26.74065	-78.13086	2.1437976	6393.09423160553
150	330.61465	107.21747	530.8781	221.17421	436.9499	64.40163	571.8937	318.93793	889.1667	1000.0	750000	77.26987	9.680163	140.93591	-21.955702	-78.20716	2.1403456	6438.060862541199
151	236.80025	40.661137	288.6186	196.99123	28.82568	164.19658	415.11517	-96.65263	1000.0	1000.0	755000	77.793335	9.905809	144.7243	-37.805996	-78.74204	2.2035644	6481.8338577747345
152	382.80743	114.44989	577.67346	234.27927	464.74936	39.561573	523.24176	396.3778	1000.0	1000.0	760000	78.09259	10.102485	135.99994	-22.269936	-79.02915	2.2600243	6525.966550350189
153	199.28865	128.87318	379.0123	-3.713216	364.4647	174.62982	579.2269	41.60777	1000.0	903.8	765000	78.14633	10.145923	136.28885	-40.963566	-79.07157	2.1733198	6568.614796638489
154	337.71884	102.59124	478.02454	180.62651	474.2209	81.72568	602.4416	323.71243	1000.0	1000.0	770000	78.06169	10.315971	138.9078	-19.849377	-78.99241	2.2005563	6612.471570253372
155	343.0211	95.18488	469.39572	225.08788	673.57574	150.219	949.717	473.86844	1000.0	1000.0	775000	78.49766	10.453918	140.04498	-25.129436	-79.43251	2.301486	6656.090929269791
156	389.69028	126.437454	564.9252	230.71198	439.9707	121.71324	664.0368	298.42416	1000.0	1000.0	780000	78.70398	10.457079	142.13666	-20.899668	-79.6263	2.3314528	6698.82404923439
157	242.0284	24.822735	264.98856	196.06898	629.0512	100.6113	768.1136	460.21924	1000.0	1000.0	785000	78.69893	10.248	140.79866	-124.99358	-79.62835	2.2433276	6741.5213260650635
158	305.24203	132.93776	461.3617	134.72807	263.2889	117.03051	551.8618	147.03963	1000.0	1000.0	790000	78.90037	10.192743	139.63397	-65.86958	-79.82509	2.220508	6784.0292863845825
159	251.82559	30.651857	304.1963	221.81955	465.25693	289.6521	768.75116	-71.09742	1000.0	1000.0	795000	79.1426	10.181398	140.90363	-22.085203	-80.07108	2.146348	6826.186800956726
160	303.1363	74.4372	435.44284	230.83829	408.21268	132.2506	635.2609	170.98273	1000.0	983.7	800000	79.294334	10.361749	145.20122	-24.629705	-80.230156	2.2717907	6869.367841005325
161	290.50455	84.94576	412.7915	176.22852	587.9681	92.742584	781.4611	480.9538	1000.0	1000.0	805000	79.53466	10.247906	142.93709	-38.97924	-80.45796	2.2964416	6911.914830207825
162	339.8087	69.45426	434.39554	251.9918	609.31836	277.72083	912.58246	93.41211	1000.0	1000.0	810000	79.63463	10.062469	141.4083	-32.804775	-80.570274	2.0948613	6955.542576789856
163	457.63043	107.681404	627.6555	302.2481	544.1072	71.96439	665.3496	436.8395	1000.0	1000.0	815000	80.03066	9.812862	139.20375	-22.543718	-80.96691	2.0580404	6998.039109945297
164	462.00107	77.683914	592.1419	389.27588	761.00586	89.36442	882.5184	645.8998	1000.0	1000.0	820000	80.473976	9.837923	138.08174	-17.988564	-81.408485	2.107821	7040.127826690674
165	340.34113	92.10175	476.51514	204.51222	511.95767	97.08172	612.9792	267.07727	1000.0	922.5	825000	80.939575	10.10051	163.06924	-45.536873	-81.877716	2.1387305	7081.7840847969055
166	257.3018	105.00106	333.39142	29.314379	313.39203	431.5482	894.1021	-716.812	844.1667	1000.0	830000	81.11149	10.066286	138.74026	-43.0371	-82.034096	2.0732408	7124.80654668808
167	259.595	39.704998	307.5186	215.49405	617.7097	197.70168	843.90894	90.023254	1000.0	1000.0	835000	81.05966	10.14279	135.45901	-32.206432	-81.9757	2.1362226	7167.233662843704
168	311.86975	78.90149	418.02078	206.40144	534.51764	50.941868	610.7716	475.38263	1000.0	1000.0	840000	81.08838	10.108752	141.41016	-68.81751	-82.01516	2.144323	7210.326936483383
169	358.25677	55.064377	446.35406	293.12927	424.80817	126.230156	637.0825	230.44856	1000.0	1000.0	845000	81.24553	10.473481	140.49898	-29.624966	-82.162674	2.1626112	7253.630482912064
170	215.33757	79.750015	303.53305	67.98186	447.50693	387.9584	810.54974	-615.6109	1000.0	1000.0	850000	80.773834	10.449473	143.8004	-51.43951	-81.655266	2.267247	7297.291541337967
171	281.48724	58.028168	342.02353	195.84698	561.9746	109.65738	732.0725	334.48364	1000.0	1000.0	855000	80.14845	10.279213	140.8245	-72.53681	-81.03397	2.312536	7340.837540149689
172	272.54282	85.31437	378.89572	120.191315	418.37164	227.63173	645.7992	43.93533	1000.0	815.4	860000	79.96878	10.334634	141.961	-91.51294	-80.86595	2.1247914	7381.212201833725
173	298.54666	133.93915	473.31598	76.198395	264.4977	114.6561	574.35925	153.58327	1000.0	1000.0	865000	79.95801	10.171671	141.78487	-46.975464	-80.848915	2.0955489	7424.192976474762
174	307.59436	70.25246	398.97452	209.15875	685.4888	100.22415	913.9925	482.62134	1000.0	1000.0	870000	79.78265	10.240437	143.90147	-64.29446	-80.664154	2.131122	7467.162894010544
175	435.01553	71.34029	523.2484	358.87677	636.4144	189.07483	903.43726	268.98956	1000.0	1000.0	875000	79.550125	10.2515335	143.71594	-34.352848	-80.43118	2.1391656	7509.982656002045
176	326.3014	106.228455	500.27988	167.6119	376.60632	207.69043	577.18164	-12.608177	1000.0	1000.0	880000	79.31184	10.193811	142.98117	-34.404858	-80.1939	2.1076877	7553.431930303574
177	354.87064	99.92813	514.6104	245.68102	386.39417	152.06223	599.1584	172.1567	1000.0	1000.0	885000	79.52769	10.215998	144.68196	-62.613945	-80.43214	2.1168401	7597.976783037186
178	364.6775	121.72807	574.4716	215.48442	571.74646	262.15695	927.739	59.617424	1000.0	1000.0	890000	79.763985	10.240986	147.39632	-42.25647	-80.654854	2.1149347	7641.047439098358
179	356.96414	168.2744	563.69586	79.20137	639.1891	239.50645	894.27124	-14.568519	1000.0	1000.0	895000	79.98783	10.231421	140.73364	-64.85169	-80.88539	2.1486466	7684.083026647568
180	398.68463	47.576515	429.5255	304.8561	201.46625	364.54074	505.88583	-864.51917	1000.0	1000.0	900000	80.37882	10.0256	142.99432	-166.4627	-81.27079	2.24405	7727.154857635498
181	223.00366	159.44444	408.04874	-48.45174	658.4502	42.29452	727.34155	583.94354	1000.0	1000.0	905000	80.54014	9.992837	148.50616	-66.0266	-81.433464	2.198448	7770.4725704193115
182	359.66745	97.36091	489.20502	237.76923	526.8628	178.35732	748.47046	20.531786	1000.0	1000.0	910000	80.821465	10.171534	150.14069	-36.747158	-81.70764	2.1081765	7813.682536125183
183	362.6093	108.42174	520.8262	219.75122	712.1514	87.61963	873.1424	587.3203	1000.0	1000.0	915000	80.97438	10.399023	146.83801	-23.49604	-81.870514	2.2192261	7857.139700889587
184	268.8389	70.76247	394.4205	183.77592	722.8861	136.51463	890.8626	496.25467	1000.0	1000.0	920000	81.12826	11.009518	139.57292	-28.917492	-82.02366	2.2282434	7901.002865076065
185	249.80588	135.59807	365.31662	4.534906	788.7422	66.68948	885.9348	660.6871	1000.0	1000.0	925000	80.980965	11.062897	150.3321	-73.12552	-81.85098	2.293503	7943.916059970856
186	346.2132	40.297684	401.03156	282.24893	525.45953	128.86726	653.1385	187.17162	1000.0	1000.0	930000	80.60342	10.931398	141.74193	-46.353374	-81.47545	2.1599758	7986.742396593094
187	322.24335	91.91455	416.50232	156.69456	252.73613	205.37657	447.44296	-199.44922	1000.0	1000.0	935000	80.561646	10.807292	140.96184	-108.57997	-81.4393	2.0607543	8030.217060804367
188	334.48373	127.827255	558.2723	206.89699	639.28625	101.393654	820.18207	518.3784	1000.0	1000.0	940000	80.60935	10.752596	153.41727	-35.369377	-81.48613	2.1049886	8074.314309597015
189	258.02728	132.1519	366.77863	4.7172832	576.6707	168.23279	849.32495	208.76768	1000.0	1000.0	945000	80.70706	10.77149	161.66318	-46.61599	-81.571365	2.0774407	8118.005131006241
190	225.29858	81.51642	319.58545	90.04996	336.8351	189.16855	548.01117	3.413271	1000.0	1000.0	950000	80.71251	10.628355	150.48312	-75.98968	-81.587234	2.083794	8161.482810020447
191	231.23038	59.137424	304.48956	132.5136	356.38547	241.22586	595.095	-304.48895	1000.0	1000.0	955000	80.94828	10.925359	155.14809	-20.574116	-81.823265	2.0916483	8205.509623289108
192	313.16928	77.177574	407.58514	219.01935	828.3185	64.6846	910.7309	660.87177	1000.0	1000.0	960000	80.91298	11.282581	153.82803	-77.42702	-81.77857	2.185082	8249.456132173538
193	291.83606	59.96712	377.60825	227.9181	451.8166	110.803764	559.3515	189.70293	1000.0	1000.0	965000	80.94509	11.388405	156.9774	-19.107714	-81.81712	2.1285605	8292.665578126907
194	256.25543	52.928963	341.01123	191.77336	601.2599	158.22006	807.27844	329.47742	1000.0	1000.0	970000	80.98466	11.235263	149.97676	-72.33719	-81.85186	1.9903449	8336.635578870773
195	225.0593	39.004856	287.5344	171.3239	99.419235	176.88686	497.37448	-131.11331	1000.0	1000.0	975000	81.17152	11.34819	164.93222	-34.1319	-82.0491	2.0712144	8380.593300819397
196	183.6622	64.73021	297.9363	106.459724	474.46735	238.57208	834.0718	-54.35508	1000.0	1000.0	980000	81.59103	11.451189	155.37651	-28.045109	-82.46762	2.0305517	8424.746622800827
197	365.44022	108.45828	530.13873	245.10616	840.14844	51.923912	902.0778	722.32495	1000.0	1000.0	985000	81.37525	11.606688	151.79063	-12.211491	-82.22592	2.0613515	8468.796782016754
198	278.72784	153.44186	533.47516	90.912735	545.3779	377.03522	896.9678	-201.94069	1000.0	1000.0	990000	81.117	11.891975	153.64119	-65.60605	-81.97008	2.10777	8513.491025209427
199	318.4303	156.11519	508.25482	44.702568	625.2236	157.84532	855.731	240.25246	841.6	1000.0	995000	80.80661	11.99348	158.89398	-51.988197	-81.65622	2.1957002	8554.663140296936
200	416.9143	82.01616	544.7571	327.78146	363.2073	108.8768	552.28424	205.20854	1000.0	1000.0	1000000	80.83098	12.170808	147.68161	-45.715027	-81.692276	2.1067333	8598.33716225624
201	323.80087	97.3183	505.24384	223.35954	615.38385	91.61391	829.2174	502.34216	1000.0	1000.0	1005000	80.849335	12.463069	143.35188	-50.58313	-81.71276	2.1802592	8643.086054563522
202	350.2026	93.90249	416.18933	163.69588	560.93774	78.05059	708.99036	462.78418	1000.0	1000.0	1010000	81.062065	12.554112	146.58583	-42.732143	-81.914116	2.0938582	8687.273906707764
203	275.25293	63.322758	363.1326	188.83899	568.8428	99.170334	752.9819	400.25436	1000.0	1000.0	1015000	81.12594	12.330373	149.3196	-32.595478	-81.972435	1.9929701	8731.42889881134
204	350.2997	53.32059	393.84793	254.31732	560.4894	96.422134	719.9349	407.41745	1000.0	1000.0	1020000	81.16133	12.192391	149.43033	-32.297028	-82.00406	2.031964	8775.933259010315
205	359.7344	103.32932	528.5656	234.19133	602.44	170.75084	849.00073	339.2844	1000.0	1000.0	1025000	81.423615	12.1429	149.8296	-15.339454	-82.2588	1.9644703	8820.368846416473
206	312.3381	84.776505	420.2997	189.36751	668.30774	200.83897	941.5902	146.61787	1000.0	908.8	1030000	81.751656	12.472002	142.07402	-22.864115	-82.586334	2.1288028	8863.864150762558
207	314.93637	98.23343	406.38663	106.35713	527.55347	91.782524	746.955	367.69867	838.5714	1000.0	1035000	81.93639	12.743203	145.29108	-49.758995	-82.76598	2.1110256	8910.956024646759
208	381.53607	87.02761	517.6926	290.49606	610.5625	96.653725	864.5366	515.55365	1000.0	1000.0	1040000	81.901985	12.795153	151.32925	-34.795086	-82.7079	2.079516	8956.86254453659
209	367.02838	51.953056	431.34674	305.53873	618.7632	56.23583	715.121	544.1823	1000.0	1000.0	1045000	81.8222	12.813552	153.67552	-56.6207	-82.64245	2.1568522	9001.032643318176
210	348.81207	96.429146	495.54303	210.51689	685.932	115.72416	840.37476	476.6517	1000.0	1000.0	1050000	81.99068	13.123957	151.43492	-21.540604	-82.80036	2.1845677	9045.350749015808
211	363.16885	170.73518	539.3315	60.153267	453.69342	268.04184	730.6958	-83.70623	1000.0	1000.0	1055000	81.8755	13.237786	155.40425	-31.07467	-82.67519	2.1769352	9090.074657201767
212	308.1447	107.920616	464.71863	165.2627	508.29678	160.97768	713.37964	59.251766	1000.0	903.6	1060000	81.706726	13.168668	147.52327	-35.20207	-82.502235	2.1393943	9134.152123212814
213	268.29318	75.69912	331.53748	125.011475	514.02454	125.839264	761.61755	228.04573	1000.0	1000.0	1065000	81.73894	13.438127	154.36107	-45.255257	-82.52265	2.1303687	9179.039467334747
214	308.10126	80.808975	418.0284	174.72235	542.0938	151.46773	733.84186	164.00314	1000.0	1000.0	1070000	81.663826	13.789961	159.24443	-64.54303	-82.4436	2.1198983	9223.882835626602
215	350.5108	46.313416	430.6098	287.82745	409.6767	141.1352	600.4778	152.98032	1000.0	1000.0	1075000	81.751175	14.132643	159.66307	2.69904	-82.5265	2.1176703	9268.572265625
216	194.09798	90.08629	315.99716	41.62119	509.48615	40.95356	617.61414	472.27448	1000.0	1000.0	1080000	81.79553	14.232243	150.7173	-33.06977	-82.57626	2.1427524	9313.30577659607
217	147.85661	234.8106	311.9416	-317.34003	672.3618	74.72578	808.06104	510.89847	1000.0	1000.0	1085000	82.03962	14.528414	151.31369	-18.482681	-82.81239	2.2604613	9358.286242485046
218	327.99805	36.40504	365.50726	261.76804	419.18808	162.04533	650.2181	31.817755	877.2	1000.0	1090000	82.2287	14.768604	160.4234	-14.633584	-83.00111	2.1033447	9400.955780267715
219	258.4326	86.975204	421.73386	182.45758	452.62085	171.979	654.351	15.836418	1000.0	1000.0	1095000	82.18652	14.70716	158.56456	-16.115625	-82.93772	2.160762	9448.101727724075
220	240.95923	59.0257	350.21927	189.54489	701.7319	59.00791	829.34216	611.1406	1000.0	1000.0	1100000	81.94669	14.597447	159.2782	-45.118393	-82.6867	2.039275	9492.621536493301
221	297.4007	47.634373	351.01733	230.34116	625.6415	93.605	730.77765	470.64703	1000.0	1000.0	1105000	81.64679	14.502024	161.0704	-58.31539	-82.38696	2.103586	9537.654484510422
222	296.8262	91.66966	447.80948	207.56914	515.6791	354.53998	897.5102	-19.339254	1000.0	1000.0	1110000	81.65325	14.760811	156.42015	-18.091259	-82.38369	2.2308674	9583.159900665283
223	360.61694	160.19511	646.902	160.64857	469.79907	81.87358	560.60754	277.80435	1000.0	1000.0	1115000	81.35083	14.776925	153.05507	-33.435646	-82.077156	2.105275	9628.257714033127
224	329.17554	69.256226	425.28296	249.27362	541.99854	65.66318	713.6604	450.3446	1000.0	1000.0	1120000	81.475136	14.948462	159.58752	-14.732721	-82.197426	2.2268574	9673.696404457092
225	317.50494	99.362175	463.56427	151.9196	712.08093	52.375874	788.386	622.7698	1000.0	1000.0	1125000	81.44564	15.218155	151.73262	-29.540066	-82.17465	2.2979567	9718.24363040924
226	339.97162	33.80153	385.15048	284.2175	654.3322	163.1098	859.217	376.3321	1000.0	1000.0	1130000	81.76783	15.2505865	162.12282	-10.295868	-82.4946	2.2316928	9763.187992095947
227	282.10458	88.07551	390.2646	136.20798	542.8235	123.84431	793.2069	325.78665	1000.0	1000.0	1135000	81.75976	15.064646	160.96796	-19.953499	-82.45385	2.1406744	9808.62208199501
228	327.66412	53.445797	387.7125	231.08234	668.33356	222.1247	894.5813	346.2882	1000.0	1000.0	1140000	81.500656	14.836861	159.51408	2.5196748	-82.193275	2.0595648	9854.033106803894
229	219.14241	94.427	394.7588	146.57376	361.31683	219.04427	623.40735	-137.39441	1000.0	1000.0	1145000	81.29282	14.852936	160.69714	-9.99274	-81.96881	2.1291668	9898.511548519135
230	259.49335	93.92408	378.97018	109.60486	852.31445	68.03553	941.0469	678.2294	1000.0	1000.0	1150000	80.83436	15.185245	157.0413	26.142023	-81.497025	2.18602	9943.92633318901
231	297.29117	79.387344	409.09518	187.91771	448.09262	109.36681	588.43915	218.81807	1000.0	1000.0	1155000	80.392296	15.328132	160.2047	-6.5709634	-81.05505	2.1654437	9988.821143388748
232	252.96835	191.06339	522.92377	6.0986514	297.399	174.17947	714.4734	98.26538	727.5714	1000.0	1160000	80.24268	15.603035	165.41946	-6.2166214	-80.907585	2.137596	10032.9212744236
233	237.06558	165.41725	460.64166	19.840097	498.79462	20.125824	529.21466	456.19247	1000.0	1000.0	1165000	79.97311	15.6473255	158.09482	-9.891174	-80.6222	2.1330874	10076.451836824417
234	290.5987	154.17485	541.7227	134.00856	542.0148	370.8303	822.8299	-133.71422	1000.0	1000.0	1170000	79.870056	15.638087	155.0102	-1.4284949	-80.53029	2.1107442	10120.342728853226
235	411.40918	93.64382	591.1906	322.32913	839.8102	271.29718	1063.9274	95.34464	1000.0	1000.0	1175000	80.18834	15.572611	151.83632	4.9145374	-80.85473	2.1285963	10163.902617931366
236	412.98282	99.982216	577.04816	268.88214	438.7914	216.1092	656.7643	18.652729	1000.0	1000.0	1180000	80.62011	15.624018	157.15755	-65.14244	-81.28221	2.3338382	10205.758269786835
237	296.64154	150.886	589.24023	179.04417	244.63118	201.3326	497.4719	-87.4471	1000.0	902.5	1185000	80.87625	15.763185	155.64505	-25.29773	-81.53912	2.2541554	10245.520256996155
238	202.48962	72.34325	312.5011	89.55247	498.15118	128.55162	714.77704	243.17705	856.1667	1000.0	1190000	80.59298	15.762022	157.22568	17.942905	-81.21309	2.2318676	10286.574455022812
239	338.89987	135.42879	553.15125	199.18907	381.9013	443.67938	925.3435	-476.09653	1000.0	1000.0	1195000	80.27294	15.720662	153.9952	21.858475	-80.91315	2.1129372	10326.735508680344
240	320.55273	138.1017	468.1414	94.52059	556.37415	129.61806	739.80444	331.0951	1000.0	1000.0	1200000	80.59166	16.071796	152.4283	0.76220703	-81.24305	2.14467	10367.134110689163
241	288.46646	112.56575	477.17764	142.33841	569.89343	88.20585	748.1458	378.75296	1000.0	1000.0	1205000	80.96616	16.10245	154.29898	5.6329184	-81.61497	2.12355	10406.787608385086
242	366.67017	127.33484	545.2213	155.52509	784.2259	171.232	935.80585	307.94174	1000.0	1000.0	1210000	80.99621	16.081924	149.47066	-22.11316	-81.63007	2.1745362	10446.616896390915
243	485.83002	96.38264	599.4916	342.04694	861.3037	39.00127	915.06055	810.952	1000.0	1000.0	1215000	81.170074	16.261272	147.46768	-2.8176155	-81.82245	2.2867043	10486.754571914673
244	500.29474	112.32225	592.6396	355.16638	814.0107	194.7369	1163.1831	557.4456	1000.0	1000.0	1220000	81.467896	16.190496	148.3729	17.383656	-82.12095	2.1377409	10525.741249799728
245	242.47952	81.39928	351.78207	136.06705	587.00885	118.85286	793.543	399.8956	1000.0	1000.0	1225000	82.09563	16.01961	157.97198	3.9138083	-82.7534	2.099165	10565.332859992981
246	304.23135	41.80147	384.81152	265.7544	603.1268	143.6033	969.29083	486.8358	1000.0	1000.0	1230000	82.71515	16.11553	151.98854	-2.9938269	-83.37486	2.13077	10605.260588884354
247	307.96576	83.91325	441.45334	234.25287	578.9165	295.08228	864.7471	-49.234646	1000.0	1000.0	1235000	83.24304	16.131435	155.7657	-11.738579	-83.92348	2.1245906	10645.177075862885
248	293.51523	67.52634	363.11407	168.00664	652.6102	168.15424	884.2603	359.0608	1000.0	1000.0	1240000	84.56564	16.542175	156.36037	19.194159	-85.26809	2.1625218	10685.976964950562
249	160.36101	207.38116	415.01535	-190.91862	330.99908	168.24634	530.6082	107.49009	1000.0	930.7	1245000	85.67796	17.013792	161.22943	17.717564	-86.381584	2.2629516	10725.059731721878
250	181.38928	74.615814	269.51917	80.11275	417.97894	81.61835	602.92725	322.77747	1000.0	1000.0	1250000	86.577644	17.602442	164.57268	20.293476	-87.29871	2.2661474	10765.193082809448
251	111.350975	95.35385	223.33377	-30.058474	441.00024	68.0814	627.3206	372.68036	1000.0	1000.0	1255000	87.22032	18.132711	159.68611	26.323833	-87.913445	2.2181385	10805.031376361847
252	263.4853	146.20607	518.0668	111.64403	482.5901	125.9616	755.286	232.79013	1000.0	1000.0	1260000	87.46477	18.588577	162.86418	-6.1063614	-88.15835	2.3721392	10845.001019477844
253	280.8314	96.24456	389.35812	102.40131	549.41077	68.64464	676.87964	408.89963	1000.0	1000.0	1265000	87.47773	18.496801	162.57896	17.99937	-88.15185	2.4543161	10885.168562412262
254	179.0251	122.46361	389.14865	79.17917	334.0025	60.88644	425.17432	222.4303	1000.0	1000.0	1270000	87.220215	18.315004	164.42242	13.596407	-87.88235	2.3433075	10924.641510486603
255	137.21198	102.5436	266.23828	38.198383	481.84082	139.54637	621.0161	154.45943	1000.0	1000.0	1275000	86.99618	18.690184	163.32124	-24.2842	-87.65612	2.4194257	10964.992084980011
256	208.81094	115.90632	351.37784	26.107885	424.90234	222.6696	710.32745	-177.3373	1000.0	1000.0	1280000	86.53458	18.994843	168.73323	7.4900527	-87.1984	2.567274	11005.062851905823
257	220.26364	103.459366	379.95267	94.265305	134.24686	492.5605	878.1649	-645.74646	1000.0	1000.0	1285000	86.76298	19.594532	166.12154	-25.939926	-87.45564	2.537398	11045.552393436432
258	244.97472	108.336006	441.572	71.83585	121.21181	137.42113	261.65305	-132.23856	865.8333	1000.0	1290000	86.98765	20.074884	161.9613	-7.5355196	-87.66404	2.6417284	11086.099152803421
259	136.11629	251.2789	450.6037	-122.819115	328.16577	307.83212	838.7904	-187.22156	1000.0	1000.0	1295000	86.79012	19.87449	162.54941	12.330437	-87.45058	2.5201716	11126.413625001907
260	155.52988	51.31964	236.86736	88.07913	164.30556	290.24524	481.17105	-267.22476	1000.0	1000.0	1300000	86.87532	19.698132	164.07968	-21.973776	-87.55896	2.4891157	11166.941594600677
261	45.507774	133.11163	207.60732	-164.02673	444.16083	166.63551	691.0313	128.1217	1000.0	1000.0	1305000	86.82305	19.435835	174.47528	1.9529338	-87.495285	2.513198	11206.819181203842
262	16.543577	124.38949	152.65195	-166.4567	425.8111	353.827	914.80963	-449.53134	1000.0	1000.0	1310000	86.65228	19.232153	174.94707	-14.181498	-87.30316	2.4591534	11247.28854227066
263	153.72978	167.91719	470.44595	25.139162	170.92735	208.796	512.89856	-158.73213	1000.0	1000.0	1315000	86.36631	18.910107	167.25722	8.834387	-87.02864	2.415316	11287.911836624146
264	217.56824	279.25208	635.5397	-241.05325	325.031	134.33989	554.11475	155.83885	1000.0	1000.0	1320000	86.210945	18.503826	168.37598	-32.62879	-86.87469	2.4547765	11329.092099666595
265	137.01535	172.9773	398.64877	-127.30692	620.5223	112.69659	781.2998	398.79916	840.1667	1000.0	1325000	86.32052	18.27274	177.71304	-17.315311	-87.002655	2.4525294	11370.227509021759
266	235.05261	76.16779	329.43085	120.38562	532.00543	279.86517	761.51953	91.42817	1000.0	1000.0	1330000	86.96551	18.379383	169.31964	-30.960701	-87.66933	2.4209683	11410.754384994507
267	183.01787	193.45847	381.6925	-158.37073	-19.976479	174.8613	331.42255	-272.496	899.0	1000.0	1335000	87.57616	18.566261	172.93156	-37.262863	-88.27719	2.4529436	11450.060881376266
268	7.875342	237.53116	310.7839	-412.11758	-403.24298	58.16004	-295.84067	-480.30695	1000.0	1000.0	1340000	88.03264	19.040966	171.06488	-11.449166	-88.74421	2.663948	11489.53331899643
269	202.85564	161.68605	367.49033	-94.85104	511.40225	100.40324	761.2241	397.95987	1000.0	1000.0	1345000	88.94793	19.79542	167.73418	-27.738731	-89.675934	2.6600206	11530.621923923492
270	142.18733	106.192795	292.33124	-35.920063	315.90472	513.2107	826.3748	-659.0811	838.8333	1000.0	1350000	90.11966	19.782932	176.99225	-43.396008	-90.86807	2.6980057	11570.631556987762
271	275.10748	123.388664	452.096	87.89168	390.9566	257.97897	792.789	-39.918594	1000.0	1000.0	1355000	91.40987	20.05834	181.01044	-9.020007	-92.17798	2.633737	11612.484124422073
272	174.42717	180.51408	395.2906	-106.62609	-292.9241	120.10826	-27.286789	-385.88425	872.0	1000.0	1360000	92.76766	20.404129	182.28448	-6.159104	-93.5451	2.7548213	11653.463498592377
273	126.65071	252.3218	517.8484	-227.95496	835.8551	182.39359	1253.7457	595.832	1000.0	1000.0	1365000	93.77411	20.423069	182.41394	-20.538288	-94.53778	2.7267833	11694.455089330673
274	226.89339	187.64267	479.1927	54.785664	373.5093	179.03546	699.25464	145.73792	1000.0	1000.0	1370000	94.352196	19.437014	177.39749	-14.473588	-95.1339	2.71503	11735.315649271011
275	139.78955	22.128735	176.96043	110.49635	517.49225	322.08493	855.81824	-42.89419	1000.0	1000.0	1375000	95.38398	18.689701	173.85089	7.638589	-96.178375	2.5970707	11776.763806581497
276	346.46927	86.25266	472.14352	242.63083	388.23334	269.77145	713.90454	-72.95355	1000.0	1000.0	1380000	96.30467	18.349302	176.90237	-54.678787	-97.102585	2.5677347	11817.616990566254
277	314.8827	55.51896	400.1696	235.28381	191.56326	167.86234	616.6662	-31.504326	1000.0	1000.0	1385000	97.513794	17.5927	175.19653	-1.3430762	-98.33722	2.5270903	11858.993400335312
278	288.00812	106.76481	425.1092	185.8692	579.35864	216.72864	766.146	-32.629234	1000.0	1000.0	1390000	98.41878	16.95697	175.99927	-24.015606	-99.22009	2.3133507	11899.295209646225
279	271.6369	77.89121	416.75858	201.70035	527.03564	298.28848	888.8119	-109.15772	1000.0	1000.0	1395000	99.34568	17.1288	174.09029	-43.898582	-100.156	2.528698	11941.152521133423
280	333.4181	170.31206	559.96655	94.41573	852.78125	164.21361	1051.7836	557.58026	1000.0	1000.0	1400000	99.92944	17.199635	177.03564	-19.58379	-100.751175	2.3640835	11983.027323007584
281	217.06125	128.17726	381.15222	103.96007	303.63815	282.91147	790.4222	-52.700817	1000.0	1000.0	1405000	100.6542	16.956411	172.19986	-21.961143	-101.44934	2.3731167	12025.246438980103
282	239.27493	88.2919	347.00925	127.91391	-57.118824	287.16406	694.9251	-364.82864	1000.0	1000.0	1410000	101.09836	17.060966	178.53558	27.074036	-101.927666	2.3906655	12066.78357219696
283	180.92107	96.48059	321.42825	84.5649	501.9585	161.06705	785.7473	259.9105	1000.0	1000.0	1415000	102.025314	17.245174	172.88254	-3.8553567	-102.87422	2.3707178	12107.304087162018
284	229.38753	121.033226	401.6054	26.14435	554.5724	31.75839	603.48456	503.39377	1000.0	1000.0	1420000	103.09967	17.640743	179.33391	-31.478712	-103.9646	2.416777	12148.182936191559
285	185.59233	95.020004	330.87308	70.66788	414.04907	36.490814	476.3686	352.5066	1000.0	1000.0	1425000	103.77237	17.625885	179.36977	4.991973	-104.59688	2.3381567	12188.976509571075
286	260.24762	122.7828	495.89734	146.89536	508.35986	315.2458	955.1769	-149.2213	1000.0	1000.0	1430000	103.637085	17.716627	182.06612	-12.022905	-104.45311	2.394225	12230.018156290054
287	178.64917	160.2015	404.78784	-16.032227	681.9959	258.15024	997.04553	129.51826	855.5	1000.0	1435000	103.254135	17.301422	175.75635	-43.806416	-104.066666	2.4498172	12271.99065542221
288	232.49007	76.44966	321.1997	103.48519	221.56172	363.24173	805.0464	-87.55415	1000.0	1000.0	1440000	103.23672	16.956692	177.14363	-11.454262	-104.07153	2.5374403	12312.839834690094
289	159.33376	150.50406	324.2578	-60.81537	579.944	135.2169	741.3209	230.58398	1000.0	1000.0	1445000	103.663	16.651741	171.9545	12.071071	-104.485115	2.5607214	12353.631976127625
290	306.3893	125.98135	493.53683	105.43222	762.86975	125.64069	911.004	443.67392	1000.0	1000.0	1450000	103.45021	16.461294	173.31589	17.157175	-104.269165	2.4830573	12395.062424182892
291	297.49335	74.34582	396.5646	200.12144	507.41855	190.08589	696.2696	100.92984	1000.0	911.2	1455000	103.2797	16.337118	176.85234	-11.787468	-104.08025	2.365429	12436.461585760117
292	268.67197	105.104576	407.26505	111.82635	562.3648	229.10405	878.09985	102.1095	1000.0	908.0	1460000	102.863075	16.045813	177.67876	-28.189838	-103.66166	2.4026997	12476.777961015701
293	363.6716	159.08337	608.9508	112.593285	680.71326	186.80992	934.0451	311.1511	1000.0	1000.0	1465000	102.69117	16.689457	177.6634	-0.6433296	-103.475784	2.4565163	12518.167318582535
294	229.83224	127.04365	372.42276	0.7673945	309.7338	251.6165	596.6842	-129.17703	1000.0	1000.0	1470000	102.553375	17.46713	175.1829	25.920559	-103.35998	2.550057	12560.592658758163
295	228.08997	91.339584	341.42572	121.05131	730.9925	158.13536	943.8943	416.02762	1000.0	1000.0	1475000	102.03832	17.816433	180.34459	2.0983706	-102.81141	2.600079	12602.754674911499
296	409.3774	46.53247	454.47406	331.7168	649.85394	206.23338	893.58234	195.02257	1000.0	1000.0	1480000	101.42736	18.19875	181.83978	-4.105669	-102.20892	2.6650531	12644.046442985535
297	359.73688	247.76544	601.27246	-51.090767	713.1927	134.30946	842.80176	459.0752	1000.0	1000.0	1485000	100.96851	18.24706	178.01306	3.0111685	-101.73508	2.6938136	12685.184030056
298	307.2475	162.49281	439.00797	-13.226725	387.2899	167.276	600.3329	-32.46442	1000.0	1000.0	1490000	100.2779	18.369326	175.59114	33.219315	-101.04534	2.6020248	12726.18486380577
299	243.24329	117.54723	435.42035	100.629585	506.23163	319.62543	872.7439	-339.70175	1000.0	1000.0	1495000	99.83401	18.580738	173.91399	9.556291	-100.60473	2.724227	12767.698041200638
300	170.96687	174.69826	461.5701	-15.595995	162.3731	19.135511	185.1999	130.76561	1000.0	1000.0	1500000	99.26796	18.976374	179.23555	22.908945	-100.02465	2.6786478	12809.761352062225
301	232.0669	194.40152	500.39316	20.822386	536.3954	82.833176	617.899	332.7158	1000.0	1000.0	1505000	98.41581	19.25879	178.4307	-2.1723137	-99.1703	2.7343972	12851.373043298721
302	261.13922	118.72315	425.17984	123.80727	603.80774	238.56737	967.1115	109.460686	1000.0	1000.0	1510000	97.70815	19.89785	174.89046	11.9707575	-98.43959	2.678498	12893.094607114792
303	249.77507	126.78725	407.94626	35.842587	401.1021	184.58846	640.57697	81.29264	1000.0	1000.0	1515000	96.62917	20.151722	176.40399	15.449735	-97.3435	2.8382993	12935.404299736023
304	177.7021	310.98642	559.8171	-323.37384	630.8621	222.7439	991.0997	330.53787	1000.0	1000.0	1520000	96.05235	20.325378	177.83571	5.786909	-96.80369	2.8501573	12977.847597122192
305	405.34637	134.06638	619.61566	209.30708	215.4443	223.8619	606.27826	-185.99236	1000.0	1000.0	1525000	95.77705	20.054916	172.3896	-9.111038	-96.51073	2.6080985	13020.141321897507
306	18.721708	145.88493	260.04468	-185.15836	495.64853	294.56384	718.41046	-347.28094	839.8333	1000.0	1530000	95.66728	19.630548	176.0466	36.853867	-96.419075	2.6705587	13062.816683530807
307	293.34854	230.02829	601.77875	16.850105	592.4772	232.85182	820.4926	-2.8817146	1000.0	1000.0	1535000	95.67419	19.21675	169.75487	27.109137	-96.39828	2.581683	13104.522274017334
308	346.18478	81.50031	446.15747	252.27913	523.2593	243.93687	718.4222	14.566867	1000.0	1000.0	1540000	95.24619	18.572264	164.38457	-34.16525	-95.954865	2.60272	13146.758294582367
309	272.08984	151.51057	458.76447	6.6695304	244.13391	294.8517	476.43073	-418.05017	1000.0	915.7	1545000	94.571075	18.267067	169.1617	-29.254984	-95.2721	2.5615845	13189.11830830574
310	358.9132	97.6582	525.3328	236.6997	-112.51842	326.30725	304.03098	-636.4758	1000.0	1000.0	1550000	94.14941	18.078785	168.03601	4.284334	-94.872635	2.5912173	13231.447730064392
311	153.34416	216.29285	432.43054	-198.93915	552.5221	184.49957	711.9406	48.70666	1000.0	907.6	1555000	94.07323	18.040707	169.14574	-23.118296	-94.799194	2.6687503	13272.348844051361
312	198.37343	114.42971	308.33435	-2.0362842	752.8122	102.29218	901.055	581.01764	1000.0	1000.0	1560000	94.20109	17.987783	166.51219	-22.295002	-94.917366	2.613312	13314.713191747665
313	325.85175	168.41116	609.5374	128.43877	537.0865	158.96564	819.17206	235.20296	1000.0	982.5	1565000	94.01711	17.622046	163.55078	-45.51841	-94.73046	2.5016453	13356.650559186935
314	149.21066	118.2671	353.71054	28.965618	694.4428	70.849785	813.2673	612.2321	1000.0	1000.0	1570000	94.01769	17.214968	163.53699	-21.032959	-94.735634	2.444865	13399.06669807434
315	307.66586	106.199936	495.3755	178.88158	585.1245	174.8829	855.56415	313.38794	1000.0	1000.0	1575000	94.01971	17.343102	166.94241	-28.174635	-94.73874	2.5305321	13441.634331226349
316	270.69022	141.37672	499.1297	74.50101	568.626	142.12231	766.0856	231.74449	1000.0	1000.0	1580000	94.190186	17.683504	173.86804	-27.074883	-94.926735	2.5285764	13483.875557899475
317	247.08594	105.05301	391.69714	135.86996	580.83374	161.00984	812.65125	233.52756	1000.0	1000.0	1585000	94.20711	17.51605	166.83237	1.9009638	-94.91224	2.5275507	13526.0599527359
318	308.06058	132.49707	556.28467	176.13493	576.0542	92.92914	802.8534	462.02393	1000.0	1000.0	1590000	94.11278	17.444662	167.99814	0.7230921	-94.83619	2.3665345	13567.891024589539
319	175.26677	79.69528	292.70596	47.467785	606.6231	234.12273	875.9381	46.937786	848.2	910.2	1595000	94.22798	17.703142	171.28609	-62.083168	-94.94986	2.475964	13606.211143493652
320	207.42851	122.48625	351.96344	16.782734	132.59929	274.66867	592.4413	-174.20668	862.8333	1000.0	1600000	94.26165	18.298267	167.65047	-39.49698	-94.97838	2.6036944	13648.555659294128
321	209.06596	106.81699	403.36908	96.219666	523.64264	289.10562	808.46765	82.91452	1000.0	1000.0	1605000	94.043976	18.612389	170.78004	-49.190742	-94.74742	2.623039	13690.312465429306
322	318.3304	119.83869	421.59152	130.8588	528.7052	164.59395	692.1611	130.07098	1000.0	1000.0	1610000	93.290825	18.83316	166.28864	-24.528778	-93.9815	2.6587193	13733.450346946716
323	312.7258	220.30162	696.1641	50.279392	764.1859	172.50752	1087.8147	438.07147	1000.0	967.2	1615000	92.785614	19.064438	166.1861	-29.979883	-93.47962	2.6784296	13775.217338323593
324	272.9348	62.07908	358.2201	198.8243	691.2491	166.65883	879.35065	368.9274	1000.0	1000.0	1620000	92.529045	19.417921	169.81746	25.822315	-93.23968	2.7114232	13817.69755935669
325	326.1371	61.46837	398.9705	246.37187	723.23755	135.1875	867.43945	523.3447	1000.0	1000.0	1625000	92.39607	19.564564	168.69508	-47.0694	-93.08062	2.7593827	13860.54033613205
326	251.70203	129.65123	518.7322	147.08904	661.86365	170.63774	907.93445	287.9435	921.5	1000.0	1630000	91.871635	19.511414	170.73305	-2.04461	-92.56057	2.876104	13904.360402345657
327	376.26706	106.949295	510.33536	266.33	746.2573	122.11739	911.176	559.74976	1000.0	1000.0	1635000	91.289314	19.839958	170.1937	-18.437916	-91.956	2.8225832	13947.775521278381
328	278.7818	136.26181	456.7366	66.00234	452.5744	111.20706	641.8985	330.99097	1000.0	1000.0	1640000	90.63909	20.128893	164.11407	-39.973885	-91.31101	2.7803516	13990.202485084534
329	320.55313	97.622574	460.02982	173.15831	641.1233	83.89716	746.2728	468.44977	1000.0	1000.0	1645000	90.20222	20.469408	169.38083	-48.409584	-90.882385	2.8370066	14032.33675122261
330	248.99753	38.1094	294.72263	189.35963	552.7959	61.171154	653.8696	448.22	1000.0	1000.0	1650000	90.00648	20.981354	167.77579	-62.974037	-90.69275	2.9468055	14074.63646197319
331	178.89517	167.16113	336.70343	-90.239075	464.4056	72.42344	619.752	386.9869	1000.0	1000.0	1655000	90.01718	21.12995	165.4037	-11.171009	-90.697624	2.8941133	14117.927226543427
332	173.6071	148.94022	398.52176	-10.708103	492.7215	162.96164	684.819	89.14741	847.0	920.8	1660000	89.66947	21.362059	171.34189	-21.69487	-90.3488	2.9121678	14160.23864030838
333	262.14536	100.267876	350.6126	70.74819	654.21814	76.95226	794.9651	549.3886	1000.0	1000.0	1665000	89.653656	21.803045	170.6596	6.559161	-90.32552	3.0469599	14202.699080705643
334	326.34372	140.73093	448.37274	57.292976	505.2129	57.007618	591.92096	404.68185	1000.0	1000.0	1670000	89.402374	22.147726	170.06961	-22.846607	-90.08539	3.1647687	14243.92713880539
335	244.80942	114.41244	379.1397	92.30563	586.67865	214.16986	850.97375	181.99724	1000.0	1000.0	1675000	89.765526	22.567228	171.12395	-45.34308	-90.45973	3.1736784	14287.022177696228
336	264.13156	74.00766	398.7688	192.44421	118.287125	35.360455	181.87857	73.8032	1000.0	1000.0	1680000	89.29649	22.464373	171.37607	-8.357995	-89.958534	3.1012285	14330.491246700287
337	247.69426	92.37723	333.3836	82.34297	559.62714	127.413795	829.9583	422.3794	1000.0	1000.0	1685000	89.24569	22.632746	170.79445	-23.829021	-89.92699	3.332271	14373.31202507019
338	262.63226	162.11958	551.4539	53.81551	587.61096	169.58728	816.238	301.71658	1000.0	1000.0	1690000	88.963165	22.387575	168.4161	-23.84712	-89.61675	3.209709	14415.655166864395
339	171.57512	216.62537	544.2408	-44.333263	615.46765	252.01808	863.48395	108.40724	863.1667	912.5	1695000	88.35901	21.888546	169.9842	-33.78515	-89.018776	3.2037487	14457.663650512695
340	290.28848	116.25144	452.11298	140.26472	459.12027	88.87545	598.0981	309.7614	1000.0	1000.0	1700000	88.0392	21.726315	168.55139	-42.56599	-88.694405	3.0527532	14500.48601102829
341	189.62943	94.72913	281.62344	72.70153	133.17451	144.74065	261.7293	-246.90263	1000.0	1000.0	1705000	87.58203	21.546719	169.91331	-96.32468	-88.22911	3.0072775	14543.623896837234
342	244.67245	131.99658	450.03943	38.15506	498.0606	193.84267	665.81647	61.35163	1000.0	1000.0	1710000	87.11449	21.528088	170.85904	-61.892693	-87.770515	3.0214384	14587.587184906006
343	206.20578	52.3268	254.26791	111.74608	276.73706	153.29117	497.40454	50.619614	844.2	758.5	1715000	87.00433	21.87506	172.00443	-35.600925	-87.64981	3.0337954	14625.404299259186
344	133.34367	120.32443	351.48438	-14.4612875	252.07803	164.44522	628.3851	-17.928324	837.3333	963.3	1720000	86.91781	22.132574	172.89102	-7.096634	-87.57471	3.0751889	14668.538004636765
345	151.6017	39.257034	211.05159	114.60203	-128.27113	155.42078	290.47128	-247.93591	876.5	902.6	1725000	86.78709	22.183964	170.0942	-66.771095	-87.4443	3.3282268	14711.28838801384
346	117.84851	37.230713	157.97359	61.159916	324.64798	178.60297	630.43036	-31.173462	1000.0	1000.0	1730000	86.41068	22.458248	173.08504	-18.086952	-87.05014	3.4141722	14753.95492529869
347	132.26915	86.01898	275.39502	24.573837	412.39746	205.98338	687.7661	2.476913	1000.0	902.7	1735000	86.21367	22.760826	175.51381	-11.913789	-86.868866	3.2385054	14796.082968950272
348	65.20405	96.87753	196.49428	-92.41549	287.68936	171.17038	522.03125	42.153248	1000.0	916.9	1740000	85.96372	22.366703	169.95844	-53.190956	-86.62275	3.1840315	14838.954345941544
349	105.624504	91.32028	260.7423	-13.594379	34.112206	426.07513	567.28796	-797.0452	732.5714	1000.0	1745000	85.842896	22.132164	170.50659	-39.624657	-86.47861	3.213024	14884.035678863525
350	151.38406	162.26295	394.26178	-33.596615	503.55194	101.022385	676.9304	290.52072	1000.0	1000.0	1750000	85.15239	21.981087	167.17662	-42.4264	-85.78166	3.0939603	14927.72929739952
351	203.36993	106.00148	335.33618	17.73196	528.23083	77.57902	671.4676	374.6949	1000.0	1000.0	1755000	85.065254	22.045977	167.72417	-30.800964	-85.726105	3.2445436	14970.602501869202
352	139.90346	91.33012	260.18613	-21.795298	15.129809	290.4026	393.76315	-309.84528	841.0	1000.0	1760000	85.51393	22.090181	171.55885	-21.48616	-86.16941	3.0572894	15014.446977376938
353	221.38858	67.92203	343.7624	137.0415	513.2023	243.5637	840.67426	42.668434	1000.0	908.6	1765000	85.69884	21.956942	165.20003	-80.49191	-86.370514	3.027403	15057.891575813293
354	241.85938	81.978775	336.05548	100.98565	423.04047	116.69193	674.8268	295.96664	858.1667	1000.0	1770000	85.92705	21.707926	166.98468	-92.68364	-86.604385	3.273947	15102.580648899078
355	209.00839	115.00641	350.89395	8.297025	448.76773	157.96007	737.4999	68.2882	1000.0	909.0	1775000	86.23044	21.755997	167.01672	-47.227657	-86.90864	3.3824687	15145.192645072937
356	122.70317	94.72728	248.86693	-42.539436	399.88635	31.259756	469.98145	362.43774	1000.0	1000.0	1780000	86.629074	22.043346	169.72675	-18.10578	-87.30236	3.2627842	15189.265918016434
357	83.47963	57.187077	176.57924	19.783918	330.47238	87.0666	449.65762	191.61366	1000.0	1000.0	1785000	86.50863	22.321096	169.36226	-18.700342	-87.1757	3.5079274	15232.725344896317
358	144.73657	126.51906	340.29556	33.37071	244.9946	181.86725	453.94397	-25.799026	846.5	912.9	1790000	86.83361	22.318478	167.4231	-29.015156	-87.51947	3.4244754	15275.766201019287
359	198.12993	132.73236	364.74216	29.658083	380.408	182.81926	589.9869	16.44674	824.6	800.2	1795000	86.90282	22.15428	170.55774	-23.057007	-87.56693	3.2082398	15314.63647699356
360	255.10379	64.79503	325.38345	134.57234	380.99762	180.76865	811.8532	99.14668	1000.0	963.3	1800000	86.83663	21.846529	168.1753	-54.053436	-87.50434	3.3554382	15358.949705123901
361	272.83063	129.1104	445.829	110.858025	571.06366	197.66425	825.4093	225.61388	1000.0	1000.0	1805000	86.861374	21.92614	166.66782	-43.76953	-87.53064	3.2631688	15402.050724029541
362	276.54492	80.62406	358.35785	152.64908	240.38742	223.43692	706.97363	62.252075	1000.0	921.7	1810000	87.00648	21.893711	170.50645	-2.1475601	-87.695305	3.2615945	15445.146061182022
363	302.9015	100.79162	443.0419	187.55765	241.4915	111.02044	554.26416	167.59348	1000.0	1000.0	1815000	87.16235	21.211496	166.64883	-36.551018	-87.83423	3.2740793	15488.74799156189
364	191.53456	119.95165	315.27277	-35.666267	415.298	260.63528	686.73737	1.5466079	840.0	775.1	1820000	87.03491	21.02499	168.56102	-31.898293	-87.69737	3.3850276	15529.422885894775
365	199.05782	156.5345	480.40424	5.6920013	479.37286	227.2797	754.4209	-51.10419	723.4286	1000.0	1825000	86.73496	21.168043	166.48802	-108.059944	-87.39762	3.3673499	15573.427994966507
366	185.71791	81.02683	256.04517	29.121777	379.01895	180.65591	651.85	-24.362087	844.5	1000.0	1830000	86.593765	21.226599	172.67932	-30.511147	-87.26082	3.2977724	15616.850596666336
367	226.83708	113.17206	418.78076	74.656044	237.54654	190.77234	548.48517	-83.91722	1000.0	1000.0	1835000	86.3988	20.846697	164.73068	-48.00111	-87.05878	3.310811	15661.201534748077
368	130.64822	72.604164	232.57407	15.084281	385.75702	40.841576	478.26254	344.52106	1000.0	1000.0	1840000	86.344864	20.532795	167.85379	-55.468323	-87.01529	3.2074547	15705.410552978516
369	211.52505	35.135742	259.48212	174.98885	532.2394	196.8495	747.309	134.86954	1000.0	1000.0	1845000	86.476875	20.668276	166.23303	-32.90335	-87.139984	3.2272143	15750.033121347427
370	262.73676	117.84018	410.37732	56.145004	464.21906	232.97156	732.64746	29.40258	1000.0	829.4	1850000	86.18407	20.620018	165.40752	-10.158587	-86.847626	3.4098172	15792.129405498505
371	201.9132	145.96638	399.66702	9.517051	573.6825	119.14901	772.013	382.66748	728.8571	1000.0	1855000	86.55871	20.667295	167.40308	-31.185555	-87.2458	3.4797843	15836.240188121796
372	269.79565	38.969955	312.0713	204.50087	418.18994	126.65787	556.5429	74.559326	1000.0	929.9	1860000	87.10596	20.950657	168.48044	-21.830175	-87.796364	3.4706852	15878.969106435776
373	189.7087	93.56094	351.50214	61.142036	490.43326	171.91924	747.16895	320.16788	1000.0	1000.0	1865000	87.50436	21.157373	173.71463	-48.16712	-88.21092	3.5213578	15923.582376480103
374	255.02702	124.08716	456.2532	117.38209	500.652	169.56897	680.22656	63.626553	1000.0	1000.0	1870000	87.910484	21.639498	172.71388	-19.03775	-88.59729	3.507897	15967.48701119423
375	173.26233	110.6196	295.4255	2.842174	240.92534	98.58541	422.0211	127.13147	836.1667	1000.0	1875000	87.40639	21.58991	171.82475	-44.342422	-88.06772	3.6752522	16011.334361553192
376	247.34277	101.250305	355.77133	53.219185	608.12885	234.44183	821.53345	61.9801	843.8333	906.5	1880000	87.08033	21.387856	174.46051	-52.702576	-87.75252	3.5421321	16054.084854364395
377	207.35019	85.49033	321.44937	113.010574	545.4815	257.7555	776.3671	47.447807	1000.0	919.1	1885000	86.78884	21.235004	171.50104	-59.34295	-87.45135	3.6079063	16097.742698431015
378	209.69041	129.10536	436.9486	12.260561	575.449	106.97568	735.8413	418.55704	840.1667	1000.0	1890000	86.76984	21.190197	173.68855	-56.014973	-87.451706	3.5110567	16142.161698579788
379	266.3554	175.27242	557.9841	52.676205	519.3666	180.18488	652.87213	4.034316	1000.0	904.0	1895000	86.64281	21.338688	171.91393	-71.070694	-87.30642	3.6030788	16185.13942193985
380	205.09631	101.35611	311.1171	70.33871	373.48016	236.1224	602.52264	-0.75668466	865.3333	714.0	1900000	86.21538	21.324596	172.20128	-29.125446	-86.88713	3.6890657	16226.923716783524
381	155.2476	91.726456	259.15942	-2.3140209	-81.60153	92.779	162.83655	-158.33798	1000.0	1000.0	1905000	86.10331	21.47825	172.25954	-36.025803	-86.787346	3.7641797	16271.113849163055
382	195.37575	87.95557	283.68246	47.146805	443.7495	172.75182	653.7478	143.28227	1000.0	794.0	1910000	86.45218	21.925003	171.40666	-48.401962	-87.14006	3.649461	16313.936017513275
383	184.03374	61.972416	304.63687	134.52818	367.9876	197.77026	700.6049	84.81161	1000.0	914.2	1915000	86.37593	21.960497	173.5704	-13.247015	-87.04208	3.6220324	16357.625155687332
384	359.1458	130.73758	565.05493	189.68927	494.37442	127.48607	782.6439	278.72488	1000.0	1000.0	1920000	86.04828	21.7181	173.96399	-24.824686	-86.71535	3.6708202	16402.231722593307
385	226.9541	136.14236	420.82745	74.02488	188.64346	107.001274	442.7377	6.9483156	1000.0	903.4	1925000	85.93946	21.66236	179.80768	-14.976465	-86.62316	3.782259	16446.594472646713
386	182.47879	155.8538	442.3766	-14.183045	304.73895	159.57611	465.048	-5.514815	1000.0	804.7	1930000	86.01398	21.88682	197.78334	-57.094913	-86.69347	3.9527109	16488.49412369728
387	119.61431	117.37419	374.08255	26.096203	531.27765	302.00006	838.152	-14.855532	649.4286	909.9	1935000	86.010735	22.394197	186.54259	-38.229218	-86.68601	3.9401143	16531.009818553925
388	152.07799	112.93034	280.217	-43.297703	643.5921	180.03448	910.56287	296.79837	1000.0	1000.0	1940000	86.18493	22.420424	201.00842	-30.576317	-86.8712	3.8978715	16576.201431512833
389	183.81467	184.32832	417.00217	-87.57692	577.63947	170.93057	771.605	135.02866	1000.0	1000.0	1945000	86.17071	22.046963	168.47151	-45.05161	-86.84302	3.7833567	16620.25700187683
390	191.99008	113.32395	325.1562	0.3485637	516.0123	199.06801	961.30444	308.5237	1000.0	933.0	1950000	85.912025	21.924051	171.54747	-36.528725	-86.59602	3.7186632	16663.39430999756
391	216.32861	97.62282	344.3599	69.567505	659.6183	291.45447	859.7217	-194.00217	1000.0	1000.0	1955000	85.62519	21.795296	173.34087	-12.005512	-86.28435	3.7524376	16708.244440317154
392	101.35452	146.69243	377.35898	-24.09426	686.8569	120.8671	827.0676	350.04337	1000.0	1000.0	1960000	85.43356	21.829212	164.53592	-23.517235	-86.10145	3.6737547	16753.08024740219
393	274.93732	134.20563	409.21063	36.24306	203.22348	181.3887	510.7715	-121.63038	1000.0	1000.0	1965000	85.27897	22.12719	170.29002	-16.45243	-85.94245	3.8881922	16798.14869737625
394	22.218693	266.2367	304.93234	-466.38467	438.28604	154.40645	829.79425	285.98898	1000.0	1000.0	1970000	85.022575	21.88587	168.7259	-53.0539	-85.70049	3.9557528	16842.758393764496
395	113.246155	164.69087	331.93762	-201.59682	296.29047	137.53516	481.92267	47.161804	845.8333	1000.0	1975000	85.25448	21.693136	173.30042	-37.649776	-85.940704	3.7046602	16888.462551116943
396	158.67159	120.50448	319.56845	39.624184	205.03836	181.29485	541.4364	-81.02961	1000.0	1000.0	1980000	85.55749	21.365433	171.23056	-13.786811	-86.25926	3.8672235	16932.75286245346
397	102.946144	73.91152	243.94077	29.745607	380.51807	189.27086	708.07227	78.33901	864.0	925.5	1985000	86.00569	21.474756	174.19913	-6.2109737	-86.705185	4.0562315	16976.942407608032
398	189.25919	150.81618	445.4975	28.660437	-630.44025	491.6386	675.17303	-1114.8114	1000.0	1000.0	1990000	86.87857	21.375652	170.49596	-36.45317	-87.603584	4.0821137	17020.873929023743
399	-0.90703124	103.776794	109.71614	-162.02605	394.39807	141.29626	616.7866	185.82326	1000.0	1000.0	1995000	87.35171	21.437906	169.5469	-6.2305555	-88.06734	3.9774914	17065.982454538345
400	87.15543	79.27118	204.82474	-20.344	317.7657	158.29082	540.5621	19.991602	851.0	1000.0	2000000	88.19186	21.689865	182.59322	-15.706192	-88.9267	4.0324473	17110.64663386345
401	19.325298	150.74826	265.5943	-178.25423	418.15414	78.59978	507.64774	273.98172	1000.0	1000.0	2005000	88.53658	21.291584	174.42566	-35.611813	-89.262726	4.1194	17155.4022192955
402	156.32822	118.52859	363.10413	13.010278	172.53204	226.08649	390.74112	-165.68825	1000.0	1000.0	2010000	88.92084	21.182316	175.35576	-11.321065	-89.65384	3.8625634	17200.135947704315
403	42.398083	54.115776	128.02129	-32.6311	142.36133	150.59146	318.61047	-73.428825	853.3333	1000.0	2015000	89.48173	20.938292	172.79474	-35.88515	-90.223595	3.8053112	17244.8824570179
404	165.00284	111.47577	357.39206	44.613903	173.2633	149.50189	296.59253	-219.34554	1000.0	1000.0	2020000	90.05634	20.70479	172.45627	-28.216888	-90.80705	3.9404743	17289.361476659775
405	60.124756	37.266342	128.21243	17.973108	174.86137	131.29166	416.61917	-6.9530063	1000.0	1000.0	2025000	90.577576	20.11717	168.02203	-15.887904	-91.32965	3.7526941	17334.35349035263
406	144.42484	194.93965	418.88644	-181.57745	134.02972	62.214493	272.21124	61.27803	1000.0	1000.0	2030000	90.743324	19.869366	172.61719	-28.224873	-91.48561	3.7312696	17378.739153146744
407	243.67862	147.1632	483.5803	70.50215	520.4498	96.91848	744.3975	348.67493	904.0	1000.0	2035000	90.734634	19.680384	167.73459	-12.883737	-91.473854	3.6014729	17422.339697360992
408	137.19121	129.6032	351.01382	-52.92227	460.81158	273.42474	1016.4491	-13.104576	1000.0	1000.0	2040000	90.64875	19.44996	167.80173	-29.475998	-91.38413	3.744973	17466.54876279831
409	232.81271	135.8367	451.3539	94.02498	-76.32842	33.81836	-4.7406325	-122.96725	1000.0	1000.0	2045000	91.07168	19.43315	170.94702	-25.3251	-91.843636	3.7571836	17510.771580934525
410	34.399647	273.74408	382.73413	-299.6352	220.1423	13.179951	237.59169	203.47287	1000.0	1000.0	2050000	91.914856	19.321182	175.43233	-27.935616	-92.72179	3.668585	17554.53671693802
411	168.74338	261.56094	400.05914	-314.31146	676.8428	249.6068	903.89813	-14.757432	842.0	1000.0	2055000	93.02956	19.581837	174.80368	-5.9173756	-93.81552	3.7282658	17600.286520957947
412	296.972	137.93643	558.54614	176.98615	334.65442	256.2315	559.9532	-268.89865	1000.0	1000.0	2060000	93.801636	20.107718	173.46893	-16.131721	-94.616615	3.7406297	17645.067919015884
413	280.6978	101.93852	381.78525	105.73541	673.69574	45.026417	743.6243	597.5201	1000.0	1000.0	2065000	94.775955	20.140575	172.20392	-16.948631	-95.615715	3.8279285	17689.500383615494
414	176.79764	111.23578	364.79257	34.41543	636.31165	156.39197	785.2767	272.57233	1000.0	1000.0	2070000	95.69908	19.783152	173.41727	-20.907951	-96.51604	3.5161688	17734.1165664196
415	82.84999	219.40657	299.71527	-312.17523	-338.12518	408.91678	152.99728	-1036.2495	1000.0	941.1	2075000	96.3906	19.40535	174.52466	-12.118856	-97.23114	3.6684	17778.071414232254
416	77.72361	201.36719	317.87994	-171.56468	168.1536	97.14916	329.7778	58.355556	1000.0	1000.0	2080000	97.507774	19.510435	175.50034	-23.39518	-98.36735	3.6238327	17823.776277780533
417	339.7622	175.11766	535.9863	46.14823	420.6836	98.54581	623.6608	248.16173	1000.0	1000.0	2085000	98.349014	19.70477	179.90517	-29.569239	-99.20482	3.7004058	17868.934482097626
418	284.82635	185.0915	532.5337	42.548645	241.69592	141.98676	379.75256	-168.17464	1000.0	1000.0	2090000	99.31924	20.01648	176.07033	-9.178864	-100.19313	3.8693855	17914.029962062836
419	171.2649	142.63896	344.41217	-29.708406	754.43805	123.99008	899.6027	414.94257	861.0	1000.0	2095000	100.26642	19.828926	185.51865	20.419655	-101.14211	3.8024402	17959.304527044296
420	262.45142	107.76227	397.1012	159.3284	581.6375	211.96687	829.68945	13.30004	1000.0	1000.0	2100000	101.15595	19.565754	184.49088	11.062995	-102.046486	3.805798	18004.276525259018
421	107.59729	116.819496	272.2051	-46.568027	524.8041	268.6932	757.13086	-6.7581377	1000.0	1000.0	2105000	101.547745	20.01282	180.50494	-21.695276	-102.40515	3.8531141	18049.820758104324
422	206.11435	84.04876	306.51523	84.40781	618.2797	204.76472	827.75836	54.44935	1000.0	903.4	2110000	101.629456	20.432236	187.22807	-57.055393	-102.4793	3.9706328	18093.75012421608
423	242.2323	155.89574	468.8726	75.98256	307.957	136.5855	598.57324	123.35741	1000.0	1000.0	2115000	101.23924	19.985842	188.24426	-34.74045	-102.07728	4.056049	18139.946073532104
424	226.30618	116.214294	419.41357	57.326096	647.0284	136.63985	814.92084	334.6066	1000.0	1000.0	2120000	101.16127	19.806028	191.13335	-21.710794	-102.01324	4.0325704	18183.9249458313
425	227.80986	93.69539	350.09497	100.255516	541.6144	210.65413	774.34326	120.3468	1000.0	873.4	2125000	101.19499	19.53542	198.06866	-21.597435	-102.044586	3.842815	18227.776162147522
426	208.19942	57.059788	293.0911	130.55951	373.7285	362.92722	819.41016	-456.87308	1000.0	841.4	2130000	100.871056	18.871012	196.22452	-20.677765	-101.71491	3.829661	18270.948328733444
427	248.44873	154.43529	391.05072	-5.6767626	312.6085	309.3356	747.7956	-233.43944	836.1667	923.6	2135000	100.66079	18.15446	190.3029	-57.176613	-101.48712	3.7392316	18314.34597468376
428	234.25327	118.332	445.4836	82.72014	466.0891	140.3719	603.2374	86.62051	1000.0	908.8	2140000	100.306625	18.003185	182.92952	-41.30511	-101.14436	3.542317	18358.742304086685
429	164.17532	70.078964	293.7639	93.685074	228.7814	250.67484	503.61136	-226.23676	1000.0	1000.0	2145000	100.34323	17.95872	183.26067	-56.68405	-101.17564	3.473711	18404.62892794609
430	341.16367	57.686954	413.42007	261.32416	446.9566	151.20667	620.19586	151.16557	1000.0	1000.0	2150000	99.86972	17.845278	178.9401	-29.56274	-100.700134	3.704336	18451.35932970047
431	150.1	153.2725	370.4104	-158.53137	354.6856	34.97482	414.51328	298.05307	780.7143	1000.0	2155000	99.63726	17.512295	169.48547	-40.297783	-100.45573	3.5428128	18498.083465576172
432	68.48943	112.84731	203.04503	-144.87738	471.78027	64.96545	591.1883	348.7859	855.3333	1000.0	2160000	99.11988	17.231653	181.46042	-115.44896	-99.93056	3.517151	18543.405702114105
433	146.47061	143.48329	348.56976	-67.22991	252.72958	182.35698	533.8515	-70.96707	1000.0	903.5	2165000	98.70027	16.88714	167.76328	-34.375015	-99.502525	3.3180218	18587.127668857574
434	146.79118	84.31383	301.30237	46.177742	416.64786	95.03692	602.43195	295.3927	831.2	1000.0	2170000	98.277374	16.556904	174.62923	-24.590305	-99.095345	3.306588	18629.880352973938
435	156.23318	171.19327	383.2188	-112.90112	598.65	82.361595	748.30457	439.56854	1000.0	1000.0	2175000	98.26262	16.722942	171.53969	-30.986927	-99.07254	3.4381738	18675.9189119339
436	197.24803	50.512466	253.29004	119.119965	298.48306	135.39406	542.9626	48.04976	1000.0	878.2	2180000	97.91568	17.190218	176.91151	-10.276296	-98.73405	3.5648372	18720.149985551834
437	190.01836	89.50911	357.1432	112.682236	166.26836	288.05496	514.41797	-226.8865	1000.0	1000.0	2185000	97.85732	17.294174	177.76813	-62.08067	-98.68487	3.8429098	18766.03987312317
438	179.88785	96.88056	306.2655	31.201315	572.4869	261.04282	994.7836	40.459908	1000.0	1000.0	2190000	97.64982	17.488392	174.98384	-53.58579	-98.45801	3.5037336	18811.604546308517
439	201.19624	123.32746	358.04333	-6.2113504	409.05658	222.28207	696.1957	-153.11781	872.1667	1000.0	2195000	97.56449	17.684877	183.15477	-30.339317	-98.38765	3.541637	18858.09022307396
440	206.64127	103.52895	389.96906	98.7788	673.07776	65.55755	850.5763	604.31793	1000.0	1000.0	2200000	97.2962	18.18492	178.14421	-59.479584	-98.098335	3.6605012	18903.3528547287
441	222.75415	143.61432	405.2149	-0.15617162	528.78625	78.49204	620.80615	385.2644	748.0	1000.0	2205000	96.85773	18.752611	179.91515	-8.9155445	-97.65615	3.5692403	18949.216077804565
442	218.48271	75.475296	344.3787	135.86629	378.22137	245.46828	806.367	-78.805954	1000.0	1000.0	2210000	96.645424	18.895912	180.72862	-55.911663	-97.43754	3.7597945	18994.49211382866
443	293.15546	138.17346	437.79352	43.149708	547.29486	196.23335	911.8463	89.228645	1000.0	905.8	2215000	96.184784	18.785599	184.03395	-52.11938	-96.97899	3.8147163	19038.52971148491
444	234.63274	143.33716	435.47568	27.371853	527.14886	205.94612	871.2051	217.32477	783.8333	1000.0	2220000	95.77479	19.366877	178.52054	-62.119926	-96.57619	3.8773227	19084.11617040634
445	207.004	69.0723	316.6319	123.06387	101.034454	199.50981	515.77844	-166.78922	1000.0	1000.0	2225000	95.78404	19.677244	176.60101	-35.125984	-96.59277	3.8539774	19129.896466255188
446	170.48842	120.198685	322.86786	-7.910252	422.9852	277.43713	761.05194	34.35406	1000.0	1000.0	2230000	95.774445	19.940172	180.71861	-51.444153	-96.583725	3.9966805	19175.070135831833
447	171.85158	129.1098	403.80173	40.290592	344.18817	234.62862	666.51794	-104.41037	1000.0	1000.0	2235000	95.50552	20.289587	181.90324	-48.266315	-96.29521	4.0472054	19220.931102991104
448	291.56024	151.41011	499.48022	128.85782	561.7443	78.64143	667.3556	395.95734	1000.0	1000.0	2240000	94.991325	20.423624	189.37538	-23.588154	-95.77093	3.8813624	19266.145709514618
449	315.99274	164.64827	499.1413	49.54851	586.08435	28.281994	620.3134	516.43726	1000.0	1000.0	2245000	94.54778	20.546137	183.54541	-32.645386	-95.3403	3.9741929	19312.32230448723
450	304.61954	198.26103	500.3573	-7.842023	298.78906	181.80081	474.25214	-47.930256	835.8333	843.0	2250000	94.17834	20.436514	177.78	-40.483753	-94.96244	3.916622	19356.42440366745
451	155.88829	184.42897	388.16025	-62.084793	642.0035	144.96278	858.7684	428.93094	1000.0	1000.0	2255000	93.63624	20.245777	178.94846	-55.179344	-94.40392	3.9046097	19402.18811774254
452	81.93982	117.81022	292.91476	-32.52122	701.7097	28.403286	744.6025	639.01263	1000.0	1000.0	2260000	93.372955	19.392231	172.02296	-47.00283	-94.15673	3.6713953	19446.975898981094
453	213.61032	164.09813	390.81586	-31.349648	485.18756	140.9436	717.9295	229.73769	1000.0	1000.0	2265000	93.145134	18.713272	176.70174	-50.192524	-93.92768	3.653109	19492.31652712822
454	145.07777	167.02516	374.9734	-120.29086	185.20755	143.80626	334.8071	-205.4583	1000.0	1000.0	2270000	93.07302	18.165508	179.35316	-27.92149	-93.844986	3.5985727	19538.133155345917
455	116.278046	92.58784	240.8177	-20.141071	472.10516	276.3431	704.6082	-24.036314	840.1667	1000.0	2275000	92.682205	18.289549	175.27078	-25.139204	-93.443985	3.6260538	19584.48722267151
456	166.92137	89.5955	223.9848	-9.333336	407.42548	93.40536	512.17957	247.52045	1000.0	956.6	2280000	92.35904	18.197468	166.72157	-15.688514	-93.124435	3.6589687	19629.656388044357
457	101.463	124.44313	268.36075	-75.92938	654.64276	238.3166	925.84247	214.13513	1000.0	1000.0	2285000	92.5449	18.478664	180.45624	-22.676294	-93.32095	3.6612797	19675.686695337296
458	184.99092	139.46198	452.05957	48.815094	524.695	284.96558	1017.1734	-3.9104137	1000.0	1000.0	2290000	92.63324	18.734337	195.6971	-58.783497	-93.42149	3.7677298	19722.223423957825
459	135.94682	156.41595	464.58466	-34.649967	445.80786	350.05197	891.5169	-470.0741	765.1429	1000.0	2295000	93.33503	19.464668	186.01588	-87.00667	-94.14383	3.9615772	19769.466375112534
460	137.55066	129.34006	394.7066	62.225464	225.46968	222.61292	497.1855	-275.9694	1000.0	833.8	2300000	93.504425	20.069923	182.65005	-18.093403	-94.28166	3.8813624	19814.050089597702
461	94.72641	170.09949	394.96536	-118.20062	431.3034	194.86885	750.99506	115.67526	1000.0	947.3	2305000	93.30962	20.41596	197.63074	-18.701601	-94.08799	3.8519714	19859.96936225891
462	237.56128	160.31277	379.46207	18.601969	740.3209	110.321396	869.79083	501.97815	1000.0	1000.0	2310000	93.14475	20.70038	189.86852	-38.734707	-93.9228	3.9302266	19905.988682746887
463	247.9814	173.6878	532.84564	33.15063	453.71588	260.90295	822.3987	73.398254	1000.0	914.6	2315000	92.899704	20.335222	195.57239	-41.23391	-93.69303	3.7452745	19951.52932357788
464	131.48177	66.75954	207.58636	5.7583957	316.9374	189.07787	720.0677	29.109167	850.3333	922.1	2320000	92.91316	19.954082	185.43803	-38.367367	-93.7084	3.8357215	19997.309049367905
465	150.13138	181.11813	339.49295	-106.68293	424.06088	138.83965	641.04517	246.86362	1000.0	1000.0	2325000	92.983574	19.996796	196.88675	-44.726578	-93.754	3.8532696	20043.43911600113
466	52.13289	87.185936	145.47702	-98.45243	438.29688	156.2134	786.1517	288.8484	841.6667	1000.0	2330000	92.768845	20.220905	183.15439	-52.76204	-93.5513	3.9243455	20091.431309223175
467	225.17671	209.08197	605.40936	32.731995	605.9042	156.47397	969.3989	412.9441	1000.0	1000.0	2335000	92.8246	19.90198	182.3011	-48.695915	-93.60373	3.7288632	20137.281161785126
468	182.80525	88.97397	261.92673	21.137886	66.28429	165.984	401.14285	-109.52511	850.6667	1000.0	2340000	93.03241	19.624626	189.20653	-17.644543	-93.82979	4.027906	20184.140174150467
469	308.63016	94.55556	433.0182	217.41122	384.72562	63.539806	449.77023	243.58578	1000.0	1000.0	2345000	93.35586	19.71581	196.69965	-48.45652	-94.14247	4.062014	20230.5107319355
470	254.01018	110.64974	385.6931	65.51964	286.5246	225.49101	550.7604	-189.69122	1000.0	970.0	2350000	93.40338	19.651264	188.46883	-64.044	-94.19322	4.174505	20276.98907804489
471	302.3427	173.9134	534.9885	41.31444	605.7194	41.534164	685.13605	555.7375	1000.0	1000.0	2355000	93.478355	19.867996	219.20126	-41.48529	-94.2575	3.9104898	20324.622016191483
472	178.32059	161.22348	409.8097	-33.154972	538.5015	137.61638	849.5686	387.01938	1000.0	1000.0	2360000	93.45087	19.929348	194.93262	-40.641495	-94.2517	3.985125	20373.310012102127
473	132.22523	145.11711	377.85092	-31.590822	215.19003	45.754	275.22787	136.68091	1000.0	1000.0	2365000	93.81091	20.573246	175.88568	-17.81567	-94.606544	3.9209828	20420.57486486435
474	155.70798	145.2811	317.1959	-29.795258	191.11464	264.81393	418.09247	-293.84283	1000.0	1000.0	2370000	93.42629	20.911648	173.6246	-22.649567	-94.187035	4.0186887	20468.54168868065
475	139.00955	85.418976	282.15866	38.389027	451.23502	173.05072	781.29987	162.44887	821.8	1000.0	2375000	93.12046	20.947489	175.67505	-57.135117	-93.89089	3.9429653	20513.266344308853
476	269.66638	79.219406	400.28226	187.59467	-280.88287	337.1323	659.3061	-534.5374	1000.0	1000.0	2380000	92.89022	20.83802	170.87689	-47.28001	-93.654015	4.02148	20559.891281843185
477	204.92928	124.819016	401.58597	73.51108	538.0343	100.21332	713.15497	385.23303	1000.0	1000.0	2385000	92.36176	20.438255	168.83656	-61.37103	-93.1204	4.119151	20607.623964071274
478	100.984886	30.98209	153.58911	61.56496	116.782875	340.67215	919.2284	-220.54973	1000.0	1000.0	2390000	92.52338	20.043762	170.77177	-29.772598	-93.3085	3.8959649	20654.67679786682
479	-25.930313	201.24806	213.89311	-281.49203	420.60898	184.17688	685.8642	86.43285	1000.0	949.1	2395000	92.78803	19.782162	175.32953	-33.00457	-93.57625	3.903325	20701.572432279587
480	130.28705	247.56908	435.5773	-135.08041	508.14224	197.78815	783.8973	195.39812	1000.0	1000.0	2400000	92.49303	19.246145	178.34766	-32.784584	-93.25202	3.7990258	20749.281767129898
481	248.45439	140.67717	460.3088	42.6345	567.74695	110.93914	790.6909	374.4324	1000.0	1000.0	2405000	92.285355	19.482	182.09937	-21.182472	-93.05675	3.8581946	20796.086698055267
482	148.54538	158.52528	313.9787	-94.6705	461.92578	240.1663	870.5683	84.13621	1000.0	913.1	2410000	92.49828	19.51052	188.56631	-25.975075	-93.29091	3.8021011	20842.134159088135
483	67.098236	173.16348	213.5576	-262.09308	224.38083	291.56396	765.6759	-83.75146	1000.0	1000.0	2415000	92.83264	19.39687	165.7692	-19.795296	-93.61942	3.773317	20888.11236333847
484	109.694565	139.81863	309.2861	-39.637276	406.25903	126.05284	558.08795	195.46344	1000.0	1000.0	2420000	93.03138	19.477476	167.17455	-21.521484	-93.83063	3.8750665	20935.899950265884
485	173.51181	178.70322	511.54422	17.47153	320.20615	273.48346	809.528	-43.835358	1000.0	1000.0	2425000	93.11387	19.11172	174.41884	-33.05091	-93.89717	3.705659	20983.25437116623
486	253.81133	104.85335	357.65756	55.74253	517.00635	195.1462	792.97833	169.84242	1000.0	1000.0	2430000	93.12897	18.934393	169.35614	-40.648254	-93.91657	3.7251642	21030.816915512085
487	245.28764	118.54386	405.20062	39.198288	163.13284	185.20703	459.32153	-79.07453	1000.0	911.6	2435000	93.34109	18.65987	167.83023	-30.61306	-94.13627	3.869704	21077.068484544754
488	111.41416	97.55006	272.9388	-19.281218	337.5416	187.42256	660.8613	57.44628	1000.0	1000.0	2440000	93.64165	19.05218	174.73726	-20.460428	-94.44482	3.945182	21123.645446062088
489	196.27458	71.33483	331.45798	140.10004	462.90958	237.32115	799.35114	78.629654	1000.0	1000.0	2445000	94.228165	19.238697	174.31673	-31.54916	-95.04539	3.9616523	21171.613496780396
490	247.29425	118.0213	389.5757	41.369144	606.13464	300.3034	813.76984	-276.77466	844.8333	1000.0	2450000	94.16324	19.063284	168.95529	-53.330902	-94.93112	3.960075	21219.13636445999
491	258.2273	232.9031	449.8441	-174.16127	380.10684	236.27055	704.683	-68.00045	1000.0	1000.0	2455000	93.65216	18.587404	167.74712	-36.09051	-94.44551	3.892364	21268.625761032104
492	62.16388	159.73619	316.69073	-185.409	436.2193	150.36122	639.9914	67.53086	1000.0	910.1	2460000	93.64096	18.471382	167.42691	-36.22381	-94.42809	3.6483524	21315.585423469543
493	123.711815	174.80518	272.82825	-191.32793	370.2037	102.62384	478.73636	141.95454	1000.0	1000.0	2465000	93.28671	18.121836	165.03395	-29.632526	-94.07285	3.715796	21362.014647483826
494	170.5264	118.19109	299.98386	-2.5875778	-13.693457	106.22907	270.76584	-127.94212	1000.0	1000.0	2470000	93.279045	18.644014	169.00221	-48.503345	-94.06411	3.7893317	21408.52881026268
495	94.02798	137.3017	286.5532	-95.91061	579.3092	124.65417	736.9705	375.8451	1000.0	1000.0	2475000	93.33055	18.578423	170.55627	-32.356297	-94.11738	3.8017137	21455.65868330002
496	122.16644	103.952446	239.89082	-67.99374	185.11514	140.79965	433.35428	26.841106	1000.0	1000.0	2480000	93.33696	18.77653	169.41753	-14.335842	-94.12272	3.9034936	21501.177694559097
497	179.09908	204.91087	533.7605	-94.16824	493.7548	150.31798	659.59875	160.111	842.1667	1000.0	2485000	92.99148	18.841106	170.35307	-39.114944	-93.76756	3.934056	21547.22129893303
498	-8.697614	250.81221	348.99924	-310.85535	245.05864	398.2214	859.48175	-432.93155	1000.0	1000.0	2490000	92.42985	18.75225	170.39433	-6.645631	-93.19331	3.9310765	21593.59331035614
499	174.08327	158.4323	394.6868	-0.736847	-104.14175	108.17753	-36.323925	-409.34982	1000.0	1000.0	2495000	91.62658	19.015017	170.71034	-68.70831	-92.37501	3.9560492	21638.427921533585
