Epoch	AverageEpRet	StdEpRet	MaxEpRet	MinEpRet	AverageTestEpRet	StdTestEpRet	MaxTestEpRet	MinTestEpRet	EpLen	TestEpLen	TotalEnvInteracts	AverageQVals	StdQVals	MaxQVals	MinQVals	LossPi	LossQ	Time
1	-504.25235	39.33322	-441.592	-557.27844	-2980.4988	31.867802	-2911.6772	-3028.2249	1000.0	1000.0	5000	18.045893	16.450436	75.35033	-4.878376	-20.99137	2.56147	39.734925746917725
2	-485.72028	42.134075	-432.18143	-559.50055	-2722.0393	113.389305	-2534.229	-2957.6018	1000.0	1000.0	10000	96.20666	26.820705	167.49503	30.393524	-101.63091	11.094188	71.17237615585327
3	-2150.7773	481.92654	-1266.0059	-2583.3806	-286.3069	100.67991	-117.96841	-457.16626	1000.0	1000.0	15000	150.86133	7.386186	196.56764	116.32648	-153.51003	7.233274	104.51294136047363
4	-309.45184	199.9909	-138.02884	-574.84106	164.1741	180.29692	538.91315	-110.72731	1000.0	1000.0	20000	133.73795	7.840356	164.45946	93.87153	-135.23062	2.7611666	138.12853360176086
5	146.90875	102.84381	319.0345	41.952873	288.26166	198.55281	622.86926	58.313614	1000.0	1000.0	25000	117.57453	5.837617	142.0182	90.404755	-118.93495	1.674578	171.99104189872742
6	260.29874	101.74106	428.8649	168.85283	321.3086	119.290886	516.06006	171.3427	1000.0	1000.0	30000	107.11744	3.9194572	127.66219	77.773895	-108.42445	1.3516481	205.22022581100464
7	213.84737	92.28022	375.30157	88.53785	417.6876	141.75412	572.29016	202.1732	1000.0	1000.0	35000	101.17263	3.461586	118.37222	67.2424	-102.42385	1.4231101	239.07378315925598
8	374.802	58.42283	491.5456	342.58255	393.5478	110.090324	583.41046	194.67996	1000.0	1000.0	40000	97.66719	3.6842413	120.12273	59.835518	-98.86793	1.5616802	273.3775112628937
9	338.00726	77.95819	419.66113	205.1278	488.44058	139.79095	759.6667	252.44234	1000.0	1000.0	45000	95.60403	3.6099741	123.956024	66.49376	-96.74932	1.4371443	308.87420535087585
10	360.39267	54.755005	419.93018	266.32437	419.3593	205.0941	664.0465	13.020431	1000.0	1000.0	50000	94.15154	3.6696105	125.228355	65.235146	-95.234215	1.2918202	344.5932569503784
11	303.6678	139.33095	426.46735	50.599693	587.9209	99.99115	734.325	366.11746	1000.0	1000.0	55000	93.00679	3.9212418	128.34108	63.951656	-94.04471	1.2929565	380.57575845718384
12	422.21182	23.486631	460.02405	391.4847	489.0896	100.55688	610.2888	280.71176	1000.0	1000.0	60000	92.29167	4.09935	132.15906	62.078987	-93.29119	1.2768667	416.8461289405823
13	351.90952	82.68635	502.4256	277.7283	378.7907	357.40622	622.5329	-670.42255	1000.0	1000.0	65000	91.865135	4.4065433	135.5503	64.442665	-92.84254	1.296245	455.81059312820435
14	359.8023	78.10968	470.93814	241.93102	415.2912	352.7578	734.1127	-314.2023	1000.0	1000.0	70000	91.8084	4.7121034	142.40927	63.35329	-92.769516	1.3610641	494.698903799057
15	236.36186	221.40349	434.47845	-187.21236	490.90503	340.64355	737.227	-508.78406	1000.0	1000.0	75000	91.80551	5.2238	143.198	62.342827	-92.760666	1.4587172	534.9267899990082
16	374.45847	74.53686	485.15634	296.33038	565.1393	131.91183	735.3935	212.32382	1000.0	1000.0	80000	92.32178	5.709125	145.86517	62.230896	-93.275215	1.4766461	575.0803031921387
17	247.80777	74.19217	364.87	141.31647	460.9874	119.80268	633.4764	210.48596	1000.0	1000.0	85000	92.67545	6.2425237	147.27309	63.777744	-93.5919	1.6196	615.4933094978333
18	400.10687	18.431364	423.83716	368.08978	473.61597	155.70628	652.46094	197.1787	1000.0	1000.0	90000	92.73793	6.4340014	144.14825	68.69661	-93.63777	1.5804896	656.6458294391632
19	305.04077	103.43212	419.21014	174.41216	511.24286	165.21353	668.45276	96.67694	1000.0	1000.0	95000	92.66588	6.5964684	140.83167	68.14209	-93.5398	1.559619	697.0983514785767
20	248.22417	179.74501	448.41504	-72.24545	353.66876	305.9717	671.04785	-235.20097	1000.0	1000.0	100000	92.324486	6.7400155	138.26353	66.67395	-93.195366	1.6210967	738.043717622757
21	280.18265	104.29281	439.03052	130.41002	386.14328	203.18152	689.20465	-36.20793	1000.0	1000.0	105000	92.51443	6.982808	145.4552	66.380554	-93.38058	1.5633267	779.884624004364
22	343.78497	74.3207	428.94794	232.71114	425.58627	457.0056	705.96405	-897.6681	1000.0	1000.0	110000	92.24311	7.2603106	147.76753	68.30632	-93.088234	1.6332445	821.7372524738312
23	182.40063	155.10121	334.09323	-101.10113	354.9843	137.39354	489.17294	77.913574	1000.0	1000.0	115000	92.02743	7.483073	148.76416	55.16969	-92.876564	1.6623976	862.4355726242065
24	312.21722	86.57262	412.06033	193.50398	529.4862	119.37842	699.75104	310.0485	1000.0	1000.0	120000	91.85139	7.5211487	144.91605	51.147118	-92.683624	1.5250437	903.3786606788635
25	116.979454	140.88824	342.97922	-56.83591	303.68704	193.08801	551.1244	-8.303357	1000.0	1000.0	125000	91.56347	7.470799	148.79327	47.118435	-92.38356	1.5493617	944.0347816944122
26	257.66904	80.93345	383.30444	150.2077	78.58682	226.02234	381.0037	-239.47852	1000.0	1000.0	130000	91.166725	7.6772814	145.90292	39.128204	-91.97644	1.6104307	985.2748489379883
27	157.80864	148.17068	376.97928	-3.2326906	336.14194	119.84758	512.64246	80.89508	1000.0	1000.0	135000	90.66331	7.819659	145.50528	40.08674	-91.466995	1.6548852	1026.7367224693298
28	196.23006	95.8314	320.7872	41.466686	322.05807	204.36865	652.11383	-13.680307	1000.0	1000.0	140000	90.512405	7.8934374	147.40468	39.148357	-91.33169	1.7029148	1068.7106084823608
29	187.60196	156.78943	421.76065	-66.86581	300.89996	176.96738	522.70557	-18.112211	1000.0	1000.0	145000	90.3883	7.2894983	145.95746	35.787777	-91.18106	1.6059158	1109.8586406707764
30	279.3773	158.39285	439.81165	-7.2966256	459.05377	94.2222	571.3785	246.48503	1000.0	1000.0	150000	89.869545	6.9436336	142.7361	39.99363	-90.650185	1.5437253	1151.5561316013336
31	250.19138	108.36548	362.01178	49.794743	511.0118	109.093666	678.7904	393.1124	1000.0	1000.0	155000	89.558846	6.776172	139.67494	44.820396	-90.35609	1.5439667	1192.7716648578644
32	238.17014	72.11857	336.9159	112.62611	544.6804	122.14142	791.08417	303.8311	1000.0	1000.0	160000	89.20126	6.5758533	142.32758	37.114136	-89.96528	1.5430733	1235.067666053772
33	249.2824	144.61108	426.36627	18.498499	406.69623	89.77548	538.1241	237.52481	838.0	1000.0	165000	88.85187	6.6093388	144.8216	48.933033	-89.61903	1.6271389	1273.2480607032776
34	189.07802	101.94004	354.35538	11.9437475	370.93073	102.703575	523.2103	178.16246	838.5	1000.0	170000	88.59653	6.655351	143.38068	39.767963	-89.37345	1.7271674	1315.0823802947998
35	264.65067	57.76888	350.42065	170.89769	511.2763	134.8228	740.6245	280.7587	1000.0	1000.0	175000	88.97623	6.9679337	140.31151	39.46348	-89.77857	1.671599	1356.687376499176
36	316.59033	70.56175	389.35483	201.23878	533.5557	82.20167	674.62726	339.42914	1000.0	1000.0	180000	89.54627	7.157082	149.81541	38.171276	-90.36188	1.7937055	1398.8947494029999
37	326.4969	27.405418	354.82028	279.2427	186.60793	506.9241	685.2968	-1219.631	1000.0	1000.0	185000	90.167694	7.6092563	158.45877	36.94189	-90.95847	1.7648262	1440.1555626392365
38	151.35078	173.33609	274.9784	-189.89835	641.20636	215.01726	815.6784	60.902992	1000.0	1000.0	190000	90.448875	8.132318	154.62544	42.62133	-91.23686	1.7707798	1481.9487698078156
39	210.87344	181.13596	391.8269	-126.955956	209.3605	350.24954	679.9259	-457.28738	1000.0	1000.0	195000	90.26219	8.400202	172.07397	47.15458	-91.04578	1.826423	1523.3790185451508
40	257.72107	134.42688	386.18985	45.964344	274.1987	134.21187	543.8018	118.46162	1000.0	1000.0	200000	90.56733	8.763691	174.92488	38.280674	-91.35996	1.8203195	1565.0981831550598
41	356.04425	92.94228	461.94232	214.95695	496.46646	180.78528	638.38574	-12.842575	1000.0	903.9	205000	91.01445	8.7523155	176.95776	38.119522	-91.82866	1.9208626	1605.5691394805908
42	288.15042	94.89209	385.75052	129.25238	215.84183	626.3905	780.9266	-1425.53	1000.0	902.7	210000	91.91503	9.036629	168.12915	39.922886	-92.72779	1.8299043	1646.3947398662567
43	259.237	130.8595	361.89047	-18.264458	-368.62903	623.392	704.9298	-1195.5461	862.6667	1000.0	215000	91.781364	9.326977	158.98451	37.59431	-92.55574	1.8651975	1689.1390399932861
44	417.9583	45.40617	481.64517	341.142	760.00214	75.02711	855.25433	563.75287	1000.0	1000.0	220000	91.55385	9.483389	160.97656	38.553066	-92.32769	1.8263931	1731.5675683021545
45	322.3714	165.19127	488.44235	10.722715	631.4629	154.38545	883.62494	288.929	1000.0	1000.0	225000	91.80159	9.139495	167.94006	33.829304	-92.59209	1.7954035	1773.6158640384674
46	433.71362	72.492004	523.0139	335.584	457.7295	364.02194	755.82465	-452.88248	1000.0	1000.0	230000	92.11379	8.480656	158.78514	44.958538	-92.9015	1.8014106	1815.7546095848083
47	368.43002	106.50818	478.2158	169.64662	246.79306	357.6721	546.5393	-645.2671	1000.0	1000.0	235000	92.71426	8.246264	161.9354	17.26365	-93.5185	1.9075261	1857.278847694397
48	221.67256	45.310535	298.8063	164.7507	683.07074	108.99995	792.99255	455.84958	1000.0	1000.0	240000	93.05619	7.8118553	152.83876	14.45756	-93.83386	1.7407826	1899.9812514781952
49	339.60068	94.015305	461.23807	172.33197	400.1272	308.52292	818.80536	-144.81726	1000.0	1000.0	245000	93.19666	7.401552	165.691	24.861551	-93.968925	1.8312668	1942.153725862503
50	350.70676	124.471054	517.43646	170.78476	648.7322	92.33706	813.1713	536.7384	1000.0	1000.0	250000	93.36466	7.342964	150.82677	37.53449	-94.137695	1.7856632	1984.1732487678528
51	449.21027	62.561802	562.3922	398.79187	665.0448	148.64505	855.7315	314.46045	1000.0	1000.0	255000	93.36706	7.4066358	160.29623	20.758688	-94.13275	1.7100316	2027.029495716095
52	471.00235	57.690662	574.87067	405.66812	512.8416	259.05902	770.95026	-49.557384	1000.0	1000.0	260000	93.38104	7.1478124	151.38972	-13.95181	-94.13414	1.6402875	2069.730859041214
53	379.0372	88.30649	493.5938	265.03604	461.4546	311.24826	753.8916	-179.93793	1000.0	918.7	265000	93.17047	7.0750136	152.33232	8.803701	-93.91205	1.6522361	2110.9010434150696
54	442.39728	67.222046	522.8856	320.9353	488.07098	456.7904	811.0679	-422.69995	1000.0	1000.0	270000	92.96962	7.1633186	159.67192	9.629821	-93.715515	1.6851043	2151.7024307250977
55	368.6992	131.38913	452.53207	108.28107	613.80273	247.38013	822.9652	20.97482	1000.0	1000.0	275000	93.165344	7.141192	157.91331	1.340935	-93.9232	1.6449978	2192.521790742874
56	336.8671	148.6506	475.10547	39.66642	706.72473	179.3916	837.0382	194.4259	855.6667	1000.0	280000	93.414925	7.310477	157.86275	30.580929	-94.164215	1.7234892	2233.8070945739746
57	535.3126	39.47585	571.34753	459.12515	748.69006	68.66613	864.43176	652.40936	1000.0	1000.0	285000	93.701416	7.5295515	146.86513	34.7184	-94.45846	1.6605551	2274.728989839554
58	438.5816	110.90778	569.8754	238.47221	656.57495	279.8267	826.34143	-164.32196	1000.0	1000.0	290000	94.17141	7.630081	152.54681	23.02261	-94.940765	1.6419922	2316.1584553718567
59	428.83945	70.91888	555.9615	361.1376	741.22205	154.78076	880.87524	338.1582	1000.0	1000.0	295000	94.6095	8.130421	157.92241	-6.94519	-95.36616	1.7625414	2357.043411254883
60	403.21225	110.03285	581.2096	254.6991	477.5459	368.00806	771.69727	-336.39914	1000.0	1000.0	300000	94.8246	8.682382	153.41055	-0.84042406	-95.58416	1.7527293	2397.4238917827606
61	497.84366	44.791294	557.56946	449.1284	626.55133	188.56168	869.1135	248.92575	1000.0	1000.0	305000	95.08423	9.105373	156.24817	33.902042	-95.827934	1.8145707	2438.420476436615
62	423.90082	59.680332	479.0123	317.8608	546.4118	187.08365	687.4802	13.814593	1000.0	1000.0	310000	94.62916	9.1355715	156.0695	-20.194592	-95.339615	1.8207562	2478.9668986797333
63	444.9839	42.08385	503.12753	382.31128	664.6759	78.2592	732.7839	438.59186	1000.0	1000.0	315000	94.12364	9.118246	149.91196	-1.6041105	-94.834435	1.7387515	2520.0299355983734
64	418.16504	70.24015	520.7715	339.9597	590.7711	79.42729	698.34265	415.5072	1000.0	1000.0	320000	93.78969	9.5649395	150.54646	7.0364523	-94.5102	1.7885156	2560.8109805583954
65	334.12268	72.52565	440.13135	223.24614	587.96826	70.83145	726.70197	494.24957	1000.0	1000.0	325000	93.14606	9.910153	165.36531	-12.797299	-93.8385	1.8319397	2601.6557919979095
66	326.28815	28.440771	374.51035	298.84674	435.85287	332.22964	836.05273	-42.998028	1000.0	902.4	330000	92.65215	10.1533985	163.58679	-10.182982	-93.36147	1.7725194	2641.845380783081
67	306.8229	124.92653	481.501	116.950905	306.1605	244.44777	728.64056	-106.20644	1000.0	936.7	335000	92.401726	10.451245	168.21211	-5.8452435	-93.095566	1.7949023	2682.4057171344757
68	246.40686	104.90887	396.86087	80.28903	672.9785	69.48562	793.06555	553.74506	853.6667	1000.0	340000	92.1849	10.791823	172.11589	25.385736	-92.88898	1.8754613	2724.075441837311
69	374.36426	51.209248	430.63068	305.64868	512.4129	242.49141	773.03076	-127.65413	1000.0	1000.0	345000	92.05865	11.086065	164.4296	-11.02658	-92.75779	1.8333918	2765.2693090438843
70	420.04053	51.03315	505.23486	349.7754	570.72217	263.697	766.8057	-194.86699	1000.0	1000.0	350000	91.96707	10.90303	164.87965	-5.840003	-92.66488	1.7287039	2806.3858692646027
71	360.44897	159.06989	485.83884	15.718605	756.1355	86.00483	855.2288	587.16516	857.8333	1000.0	355000	92.03273	10.68311	152.58136	-6.8431244	-92.738846	1.797884	2848.475681781769
72	385.4506	45.45257	441.0642	308.34506	543.6273	132.23207	664.2494	175.57365	1000.0	1000.0	360000	92.46192	10.74477	155.42796	-35.582916	-93.19008	1.7867159	2890.2280473709106
73	405.54813	96.92132	509.51318	234.59167	712.0348	124.77915	838.95966	371.72168	1000.0	1000.0	365000	93.00034	10.705828	158.41275	-49.91197	-93.724434	1.7867949	2932.558180332184
74	434.2553	47.907406	500.63065	356.92465	596.933	234.67827	765.3105	-60.765602	1000.0	1000.0	370000	93.38163	10.521738	153.29591	-26.873869	-94.109985	1.8145485	2974.1036319732666
75	393.64117	214.48592	608.74756	10.25128	750.8163	201.39761	899.00604	166.44922	1000.0	931.7	375000	94.2004	10.380496	153.18584	16.66346	-94.94489	1.8388289	3014.4548332691193
76	365.87686	45.16286	438.1269	301.75247	604.4349	222.32198	885.721	134.22137	1000.0	1000.0	380000	94.63933	10.458637	155.5522	-14.141125	-95.36337	1.8872418	3056.2485432624817
77	457.31583	61.299248	536.3434	349.83676	548.61804	449.80984	793.01654	-789.4268	1000.0	1000.0	385000	94.65739	10.733727	157.7685	46.477177	-95.37396	1.887189	3097.695084810257
78	368.59427	126.39411	484.95163	135.27397	617.3302	319.77557	910.24695	-307.17242	1000.0	1000.0	390000	95.01113	11.177583	155.69461	-1.8490512	-95.74986	1.9997072	3139.649295091629
79	389.61655	176.72371	521.08984	42.456264	565.9575	296.82068	904.2631	15.335618	848.4	812.7	395000	95.06441	11.544752	160.04623	-57.27118	-95.76718	1.9836664	3176.156327009201
80	429.69174	37.0129	485.43558	379.67688	765.9843	116.611824	919.2373	587.9337	1000.0	1000.0	400000	94.61927	11.961509	164.69543	-16.774075	-95.317696	2.1366644	3217.6989212036133
81	404.70462	48.844585	477.7006	334.21155	646.6397	197.18645	838.00867	282.0432	1000.0	1000.0	405000	94.03042	12.33538	160.93954	7.388589	-94.71628	2.1412122	3259.9443786144257
82	473.51578	51.903187	541.98645	398.71777	547.1095	240.00731	843.8621	127.9654	1000.0	1000.0	410000	93.567085	12.647409	162.15108	14.990628	-94.25214	2.1624048	3301.2848551273346
83	396.65475	68.63269	462.53613	291.58383	614.86206	278.707	815.66644	-32.134026	1000.0	1000.0	415000	93.0198	13.170503	159.30511	1.7946372	-93.69925	2.1107383	3342.2604336738586
84	343.2081	123.46101	491.42328	127.89427	575.6723	270.7136	820.91376	-180.47667	1000.0	1000.0	420000	92.704666	13.321835	156.2874	-10.510994	-93.383965	2.033826	3383.965280532837
85	305.74384	84.343925	452.2048	194.22528	646.04675	229.95949	841.491	-10.641091	1000.0	1000.0	425000	92.28634	13.274675	157.8164	-14.920328	-92.95515	2.1073813	3425.683942556381
86	304.06134	128.27872	501.72922	147.25749	523.62573	384.1712	770.00964	-546.6984	1000.0	1000.0	430000	92.09171	13.581028	170.21999	16.009003	-92.766685	2.0905278	3467.6700372695923
87	372.4353	180.16475	538.6913	-8.228843	648.7715	307.6296	928.26184	34.259945	843.1667	817.0	435000	91.71413	13.415616	197.59592	3.5292137	-92.38751	2.2158148	3507.347231388092
88	336.5669	166.16312	569.06384	147.71228	283.31815	231.3794	721.5398	43.516457	1000.0	1000.0	440000	92.091736	13.824586	232.04584	-53.9024	-92.80442	2.7414665	3549.9114849567413
89	329.18256	194.76357	517.5566	-33.661354	555.01166	229.44394	861.01416	113.53469	1000.0	1000.0	445000	92.16007	14.304564	192.7681	-37.202465	-92.82114	2.4969707	3592.346685409546
90	302.81534	162.62376	475.94586	-16.785856	476.00214	351.89444	824.95593	-441.59213	849.6667	1000.0	450000	91.32588	14.471626	168.37282	-59.50184	-91.968735	2.265555	3634.6342148780823
91	361.47086	28.423159	405.28897	317.53003	568.8271	271.00272	835.56995	-100.39363	1000.0	1000.0	455000	90.34353	14.337819	163.9893	3.0903614	-90.98287	2.3004673	3676.621677875519
92	429.53326	62.883465	531.2152	338.29202	600.57007	194.55301	817.6328	104.61894	1000.0	1000.0	460000	89.67462	14.437252	168.60298	-28.292082	-90.312416	2.238002	3718.5708236694336
93	363.8333	91.54496	449.7899	219.33412	68.82103	359.81442	859.02136	-225.07503	1000.0	1000.0	465000	89.2047	14.481965	165.35359	-5.121745	-89.850075	2.2165627	3761.321417570114
94	331.0674	77.259224	480.80774	262.5996	394.8399	213.05809	777.83246	118.735245	1000.0	1000.0	470000	89.09756	14.607256	164.09106	-43.43916	-89.75402	2.330945	3803.3446741104126
95	294.43842	65.57615	369.80518	185.11559	114.593056	488.83566	799.62354	-454.0197	1000.0	1000.0	475000	89.024994	14.41356	163.3188	-39.613598	-89.67276	2.217166	3845.429271697998
96	248.16159	150.25404	498.1851	30.718765	164.94852	404.21066	703.60046	-678.9235	1000.0	908.1	480000	89.06989	14.291931	162.90738	-4.4787207	-89.72633	2.255955	3887.657459497452
97	261.51083	108.59504	412.33	80.69445	390.41068	374.18195	682.4633	-399.87518	1000.0	1000.0	485000	89.415565	14.20655	165.30405	-3.1811714	-90.08102	2.3299825	3929.9204194545746
98	239.9825	58.199738	310.07208	171.10287	504.06195	196.57451	769.31445	72.22874	1000.0	910.7	490000	89.37606	13.91199	163.98302	-19.688736	-90.02315	2.2749786	3971.114795923233
99	271.95593	140.44548	404.3266	-5.648377	198.70807	184.93022	480.46945	-239.6169	837.3333	1000.0	495000	89.25183	13.376947	162.25494	-8.255707	-89.9041	2.3146725	4013.7442162036896
100	309.91666	157.08449	572.0146	142.96251	87.55243	536.1514	619.38196	-1225.0583	1000.0	725.4	500000	89.10066	13.43034	159.19125	-57.361523	-89.74155	2.3019242	4052.527338027954
101	371.0942	115.47313	477.98196	173.39954	92.60134	377.2565	490.98053	-468.90433	1000.0	1000.0	505000	89.34419	13.765262	168.92165	-32.94546	-89.99938	2.2966497	4094.839757204056
102	184.20929	289.60635	473.59076	-259.5993	458.73007	274.7944	846.58374	12.877835	1000.0	906.2	510000	89.092384	13.887742	164.66791	-10.666834	-89.7268	2.259573	4135.820542097092
103	309.3491	154.43062	517.4177	39.77904	625.2929	79.77607	692.95355	448.62805	864.3333	1000.0	515000	88.79027	13.721359	164.2298	26.68969	-89.43115	2.3514142	4179.707166194916
104	248.38559	73.25143	355.64993	145.40062	381.7906	97.92492	596.12384	246.02478	1000.0	1000.0	520000	88.773346	13.556653	163.50813	-24.08714	-89.41426	2.3265786	4222.343059539795
105	311.10205	123.20685	465.08344	166.09558	-265.46304	288.25134	592.2517	-382.72824	1000.0	1000.0	525000	88.740456	13.54925	162.2207	-20.057032	-89.40878	2.3229315	4264.490185022354
106	371.53705	52.749165	459.2506	313.02982	-443.7831	511.34857	498.4042	-935.1716	1000.0	1000.0	530000	89.24947	13.730813	167.75812	33.193233	-89.926926	2.2820306	4306.7598423957825
107	317.03555	59.1116	390.87958	248.02711	597.0664	166.83812	789.10126	124.643196	1000.0	1000.0	535000	90.013374	13.717427	176.73282	-40.403088	-90.70346	2.4339535	4349.452663660049
108	254.31514	20.044878	273.51022	225.18942	-29.793997	162.87949	437.49362	-163.68701	1000.0	1000.0	540000	90.536705	13.525132	178.66446	-0.03041792	-91.21248	2.5549128	4392.142213582993
109	350.4099	43.598167	407.7171	287.89865	241.68552	556.2148	720.7201	-1043.3473	1000.0	1000.0	545000	90.768745	13.394688	167.39032	-10.326845	-91.447334	2.3551745	4435.119728803635
110	354.6547	75.66387	474.29422	247.15097	720.2579	57.40358	820.55096	591.96173	1000.0	1000.0	550000	91.07179	12.821266	162.65921	-13.747935	-91.74919	2.2967772	4478.156064987183
111	414.41583	57.62984	508.52417	333.46594	-474.27246	81.53671	-295.92316	-610.35046	1000.0	1000.0	555000	91.28287	12.501635	163.0473	-39.33596	-91.95357	2.1848984	4522.270294904709
112	258.55084	188.97952	442.76437	-78.79232	655.9499	225.5422	848.1151	-5.566721	1000.0	905.9	560000	91.57132	12.322865	165.71767	-71.6339	-92.24005	2.1799054	4567.251438856125
113	446.632	32.92524	504.20618	402.88058	693.1449	99.0356	864.72815	528.9898	1000.0	1000.0	565000	91.87747	12.34397	166.91623	-24.907524	-92.57732	2.3748116	4613.7873442173
114	445.2791	49.925373	533.1071	395.543	-8.12829	610.1066	737.9492	-634.41754	1000.0	1000.0	570000	92.62916	12.556293	163.48326	-3.010776	-93.32527	2.2671056	4663.861817121506
115	470.63788	97.58353	579.1856	298.74704	466.50308	416.1557	826.7581	-364.1386	1000.0	1000.0	575000	92.70564	12.291342	163.24849	-1.5146561	-93.396484	2.2283971	4715.257797241211
116	440.56036	51.417206	535.50415	379.82098	435.04874	474.21255	807.9697	-740.19385	1000.0	1000.0	580000	93.21325	12.035234	161.88539	-9.848848	-93.90963	2.202988	4767.395487070084
117	404.5611	57.128098	492.11435	334.31998	560.02814	146.98447	787.68634	299.79758	1000.0	1000.0	585000	93.849976	11.87851	162.09624	-71.28804	-94.56321	2.251094	4820.688485145569
118	361.52383	50.556698	424.2548	285.77374	659.61096	116.43716	767.07324	347.65872	1000.0	1000.0	590000	94.500595	11.763679	163.88313	-63.375	-95.21229	2.204162	4874.689117908478
119	387.9896	84.822266	503.28293	262.64804	416.88516	143.98631	726.48175	264.6792	1000.0	1000.0	595000	95.15685	11.72261	163.41275	5.3484955	-95.87979	2.225217	4929.419185400009
120	309.22324	204.99431	519.2677	12.993849	704.02264	215.0429	934.00226	134.86748	843.0	1000.0	600000	95.75907	12.073971	166.69972	-38.327217	-96.48098	2.2822664	4985.219611644745
121	455.1756	46.204735	515.4137	390.48694	678.04474	290.0056	968.93976	129.74774	1000.0	941.9	605000	96.475685	12.250166	165.97984	-91.321495	-97.20461	2.3349745	5038.7291650772095
122	415.51035	42.315414	468.0126	346.4049	377.7879	462.58774	922.22296	-659.98285	1000.0	1000.0	610000	96.870705	12.463738	171.30098	-1.0312934	-97.60343	2.4145043	5094.158399343491
123	463.49448	127.23237	587.787	229.1115	515.6727	106.09633	732.718	365.46255	1000.0	1000.0	615000	97.608315	12.6298895	173.38066	-28.90761	-98.34679	2.4685962	5150.853520154953
124	470.52832	37.42409	511.9737	418.73343	648.18744	122.33745	866.5802	458.55612	1000.0	1000.0	620000	97.69632	12.815674	173.00853	5.9245114	-98.40894	2.3958948	5204.620895385742
125	414.41553	56.83793	514.9607	347.02573	438.8968	251.02238	780.05817	-52.1327	1000.0	902.0	625000	97.51166	12.597223	172.91635	-48.211216	-98.211685	2.341305	5257.3328557014465
126	390.15454	84.831856	538.8999	305.82657	529.73596	102.73359	707.2587	353.42554	1000.0	1000.0	630000	97.215675	12.730039	174.43211	-86.25482	-97.917206	2.4428964	5310.676769256592
127	362.88702	49.91003	429.64902	289.69485	566.75555	186.39084	824.4287	315.17746	1000.0	1000.0	635000	97.10636	12.584069	164.42548	-32.805	-97.81618	2.2200458	5363.859064817429
128	361.59384	82.727135	427.17255	200.24689	218.6646	328.60995	762.00073	-257.2912	1000.0	1000.0	640000	97.06878	12.518646	169.35474	-9.371027	-97.76735	2.2647128	5417.360983371735
129	365.58432	80.30131	511.20782	290.70776	541.1195	56.016	623.5762	448.21997	1000.0	1000.0	645000	96.78739	12.442406	173.85873	-24.542316	-97.47646	2.3635168	5471.589803695679
130	292.42365	53.37734	371.327	203.1886	598.65576	303.256	806.61444	-148.45966	1000.0	1000.0	650000	96.504555	12.400819	170.87788	1.1829734	-97.20931	2.3380868	5526.415140867233
131	445.4266	47.00792	488.05563	375.9202	633.3921	207.72063	918.91473	324.23532	1000.0	1000.0	655000	96.630196	12.5624	170.34319	-99.18016	-97.33522	2.3751686	5581.384989738464
132	497.30646	50.700718	582.9215	450.26517	488.3204	258.57864	786.10114	114.79107	1000.0	1000.0	660000	96.684494	12.752089	169.25435	-16.56388	-97.38959	2.428143	5635.829223394394
133	478.45697	51.813995	538.6298	396.0489	110.26347	158.74286	573.7957	8.898919	1000.0	1000.0	665000	96.62148	12.792975	171.0092	-95.800804	-97.31711	2.4534016	5688.217911720276
134	379.5147	115.83212	507.02713	161.28995	611.836	80.30645	731.8176	463.3241	1000.0	1000.0	670000	96.64952	12.752038	168.86002	-38.028446	-97.355835	2.4380374	5742.317806005478
135	327.84708	193.11174	499.97403	-20.151814	693.59625	236.05992	879.38513	30.490076	1000.0	905.6	675000	96.8332	12.769566	170.06679	-33.199257	-97.54378	2.3580031	5794.324631214142
136	473.80103	114.26906	647.933	346.3898	438.3768	388.06073	824.15826	-455.69662	1000.0	1000.0	680000	97.19368	12.732022	170.72581	-78.40894	-97.90178	2.3193321	5847.373775720596
137	253.8822	261.09665	557.6627	-132.09943	311.67575	465.0456	720.55035	-570.86597	882.1667	1000.0	685000	97.44986	12.310308	168.6636	-29.850235	-98.15785	2.3874876	5902.231269359589
138	402.3156	68.88248	469.6004	283.7094	685.7569	111.29947	809.26483	521.0744	1000.0	1000.0	690000	97.27135	12.168977	170.3886	-35.977238	-97.94647	2.3726308	5953.815782546997
139	408.81842	66.263245	463.35306	306.86298	531.1779	256.32846	784.96124	13.441469	1000.0	1000.0	695000	96.8253	11.940292	169.13245	-68.505295	-97.51519	2.426513	6005.472357273102
140	345.30374	74.4801	425.02176	224.67424	629.09406	216.41061	815.0814	208.18979	1000.0	1000.0	700000	96.68909	12.134103	190.92664	-52.431793	-97.37909	2.4819882	6057.611784696579
141	477.8864	70.43795	545.79816	348.18738	783.7975	91.86185	934.70605	607.8306	1000.0	1000.0	705000	96.900894	12.148767	170.19687	-55.235996	-97.607025	2.5292988	6107.937205553055
142	494.82257	54.546894	568.61957	412.20145	400.3505	309.6781	806.88416	-42.436127	1000.0	1000.0	710000	97.26681	12.088815	171.39447	-18.10962	-97.98771	2.4188106	6157.557977437973
143	478.8856	120.34652	589.9239	265.90674	458.80176	398.0012	853.8634	-525.405	1000.0	1000.0	715000	97.814995	12.03872	167.66714	16.432764	-98.53942	2.3079345	6207.496327638626
144	461.51422	22.854593	496.52414	425.44543	577.57245	581.497	947.3554	-979.41095	1000.0	1000.0	720000	98.56462	12.0315	173.99088	-18.134413	-99.30206	2.2849672	6256.478254318237
145	479.4367	50.728638	556.5058	418.64548	555.9497	393.4179	847.1738	-555.7569	1000.0	1000.0	725000	99.54154	11.547885	171.6468	-40.32056	-100.28785	2.405356	6304.805946111679
146	474.3911	82.83183	557.93884	319.43185	330.85138	598.18396	926.8175	-622.00244	1000.0	1000.0	730000	100.03867	11.011819	167.58505	-37.859512	-100.76859	2.314526	6352.577571153641
147	482.34766	49.378803	560.51385	408.86945	691.46	205.38922	814.76404	98.48905	1000.0	1000.0	735000	100.2149	10.79887	170.8195	-14.662496	-100.93579	2.2407582	6398.20956325531
148	518.6569	55.42997	601.09296	438.47888	455.09058	253.77791	811.35675	-26.020876	1000.0	1000.0	740000	100.14832	10.887056	168.7889	-26.185669	-100.85476	2.2589815	6441.95981836319
149	497.5537	78.913185	582.65894	401.19913	624.5628	369.34558	858.35675	-318.51193	1000.0	1000.0	745000	100.056145	10.944648	171.78957	19.76778	-100.779205	2.28454	6486.080893039703
150	464.39795	189.07573	597.3815	93.296074	578.55505	327.94208	881.5962	41.582848	1000.0	1000.0	750000	100.39189	10.9690695	171.51883	-88.05854	-101.11039	2.289093	6530.556398868561
151	426.12363	98.599815	563.7694	296.04898	370.6417	371.3247	880.77924	-56.485416	1000.0	1000.0	755000	100.2115	11.207022	169.89255	-6.803479	-100.91637	2.268772	6575.228204011917
152	474.16016	57.366478	559.4538	387.29483	684.339	240.73828	886.48773	194.04652	1000.0	1000.0	760000	99.92452	11.220686	171.47888	16.040173	-100.631485	2.2156992	6619.388792037964
153	527.30304	64.3608	628.9942	470.70703	769.46106	69.605286	855.8298	616.6702	1000.0	1000.0	765000	99.91599	11.081855	172.96086	-15.4018	-100.62639	2.3289669	6663.044926166534
154	493.36835	61.557938	573.96204	397.1773	545.0976	165.44502	810.91974	291.25882	1000.0	1000.0	770000	100.05993	10.860652	170.35298	-23.500727	-100.77055	2.1622696	6705.959202051163
155	442.5545	78.64083	501.47015	288.26373	739.95233	96.648094	863.6679	520.99316	1000.0	1000.0	775000	100.121414	10.904393	171.07094	-20.120739	-100.83106	2.340002	6748.411332368851
156	455.59674	50.105595	537.09924	383.33078	685.72186	197.24393	876.96686	336.25247	1000.0	1000.0	780000	99.871216	10.89603	173.14587	-48.851547	-100.56684	2.218854	6790.532606124878
157	553.1955	16.38954	575.93024	533.3307	518.5921	441.63983	844.4946	-591.8185	1000.0	1000.0	785000	99.73754	10.851706	168.60815	-58.744198	-100.43309	2.2555637	6832.834450483322
158	513.15173	49.359314	601.4971	452.50803	756.7446	77.07696	829.86957	599.17737	1000.0	1000.0	790000	99.64468	10.597449	164.47078	-5.448022	-100.34965	2.234473	6876.400110244751
159	371.35696	190.70663	572.9232	-14.453926	611.1537	161.91373	809.80444	285.31473	838.0	1000.0	795000	99.96086	10.367632	169.8141	-26.18182	-100.66942	2.1158621	6918.925104379654
160	456.31934	41.58129	512.3816	404.9996	730.42633	91.82821	821.04047	558.6889	1000.0	1000.0	800000	100.11846	10.0449505	171.95926	-10.5330925	-100.82995	2.1141133	6962.972770929337
161	305.78238	316.90085	593.835	-135.05351	546.9005	528.6839	856.18286	-990.9585	1000.0	1000.0	805000	100.047165	9.921394	170.9394	-47.396183	-100.7361	2.10085	7005.742919206619
162	579.6561	13.232612	595.9019	558.8194	809.0791	60.79552	871.79724	666.51984	1000.0	1000.0	810000	100.14359	10.057602	169.03911	-2.9125986	-100.85495	2.1579852	7048.347239017487
163	509.9253	84.3255	639.2326	394.47656	788.3152	65.54438	867.4254	648.9344	1000.0	1000.0	815000	100.461784	9.968132	172.53241	24.858257	-101.18094	2.1533453	7091.950660705566
164	486.21484	187.52763	599.69476	112.32472	605.1429	328.82196	902.7414	-28.688587	1000.0	901.5	820000	100.75604	9.893142	174.10039	1.5163522	-101.46928	2.1593769	7134.8229014873505
165	531.7318	64.60072	620.7129	437.75214	808.4581	49.21968	856.0882	699.4273	1000.0	1000.0	825000	100.850685	10.183808	176.22281	-25.005062	-101.566154	2.300665	7178.136725664139
166	549.23914	24.43236	580.4404	512.7509	669.84814	243.48862	887.7433	35.193027	1000.0	1000.0	830000	101.46756	10.194598	173.11981	-10.340507	-102.19705	2.2358222	7220.901866674423
167	513.50507	228.3595	660.0131	6.6884108	678.2094	314.5955	851.53284	-240.06374	836.8333	1000.0	835000	101.46793	10.271702	174.54175	-71.67493	-102.16207	2.3882182	7264.826067447662
168	504.65048	45.70664	574.02985	447.4463	700.2235	196.26091	870.5354	328.87473	1000.0	1000.0	840000	101.60009	10.420248	173.42131	-50.395298	-102.335976	2.3101113	7308.515570402145
169	445.94824	179.5399	664.9428	119.36934	750.0184	237.84749	920.68445	77.08946	1000.0	1000.0	845000	102.300995	10.553248	173.37085	-36.884228	-103.03759	2.2712765	7351.8632044792175
170	485.27344	227.49103	658.9001	-5.0573254	854.575	38.270172	917.2012	790.3524	837.5	1000.0	850000	102.59279	10.514087	172.73116	8.489186	-103.319214	2.191921	7395.313312292099
171	440.78174	135.64272	579.75775	191.8599	707.40155	179.55801	879.87885	355.1673	849.4	1000.0	855000	102.64938	10.223991	170.84697	4.3674164	-103.362854	2.203335	7435.615988254547
172	524.5568	68.83698	634.3982	450.81107	389.76056	509.50287	919.2515	-667.19604	1000.0	722.0	860000	102.55675	9.82799	170.69054	-10.237951	-103.26811	2.2143126	7475.110473394394
173	604.4114	21.476103	636.8321	577.2641	739.2583	234.17325	877.4344	55.34265	1000.0	1000.0	865000	103.10317	9.62564	173.84761	-19.062374	-103.85417	2.2657688	7518.56316447258
174	542.2148	104.105255	609.84216	335.91696	649.5255	420.12054	904.88806	-399.81583	1000.0	1000.0	870000	103.94357	9.686895	171.83495	-36.01905	-104.69204	2.3453524	7561.668699979782
175	559.85596	177.53276	653.5621	163.87924	651.2512	649.0579	939.0823	-1291.8236	870.5	1000.0	875000	104.49987	10.017933	176.63524	14.432039	-105.23922	2.3103433	7606.6708035469055
176	468.6584	265.8197	646.33215	-43.61201	674.79706	630.12164	913.76447	-1214.1381	946.6	1000.0	880000	104.690384	10.32691	174.5396	-7.5290813	-105.431076	2.2806911	7648.3610663414
177	558.8835	46.25734	640.2425	514.9528	584.4729	145.44618	883.7208	405.70642	1000.0	1000.0	885000	104.8188	10.627607	178.26163	20.168617	-105.55792	2.314768	7691.115721464157
178	561.7367	83.650665	636.12744	417.52902	727.5675	252.06516	926.5618	207.92245	1000.0	931.3	890000	104.82667	10.708367	178.91191	-4.0274644	-105.550026	2.3436909	7733.461491346359
179	589.2874	39.4165	641.55676	524.62524	866.9328	73.27827	943.10406	721.44385	1000.0	1000.0	895000	104.84864	11.045342	177.22787	-83.96211	-105.59214	2.4326172	7777.005365848541
180	480.46042	212.5103	653.06976	17.188444	710.26	307.25534	920.61017	-77.834816	836.5	1000.0	900000	104.79247	11.546497	181.07086	-28.98578	-105.51751	2.3779674	7820.727154493332
181	464.19736	206.69418	633.5932	34.050972	814.16846	78.43274	896.6389	623.91064	840.6667	1000.0	905000	104.49665	11.573123	181.14316	-47.07145	-105.20621	2.430778	7864.614622354507
182	509.84042	53.30207	587.1918	455.9397	592.0156	297.49512	867.505	11.129037	1000.0	911.0	910000	104.21745	11.767183	181.77089	-53.454887	-104.93374	2.4769309	7908.001295566559
183	539.9053	38.019226	579.4392	482.21854	590.0701	491.7713	882.6655	-516.9665	1000.0	1000.0	915000	104.01484	12.046117	178.80957	-49.35203	-104.72018	2.5186567	7951.916664123535
184	522.1453	44.754906	571.74805	444.99924	552.2912	390.34628	903.8214	-280.2058	1000.0	1000.0	920000	103.658195	12.24989	182.22903	-14.223225	-104.37284	2.5914762	7995.4816563129425
185	525.74756	74.665855	620.5496	433.16403	665.722	169.73755	906.01294	435.08167	1000.0	1000.0	925000	103.221176	12.293548	178.10541	-50.981403	-103.92054	2.4325953	8039.3043892383575
186	418.18326	96.27675	509.59613	231.92754	643.5228	167.59407	805.9386	188.64658	1000.0	1000.0	930000	103.074295	12.567045	177.16042	-149.88579	-103.78082	2.5197363	8083.357464313507
187	421.79028	152.16177	571.7134	146.60901	771.7672	127.05381	952.7884	444.81866	1000.0	1000.0	935000	103.061516	12.613978	178.35562	-36.372387	-103.7792	2.501689	8127.2355217933655
188	540.6983	45.404995	617.9266	491.72794	-38.97942	798.966	948.667	-990.02124	1000.0	1000.0	940000	102.97346	12.5258665	179.78241	3.845416	-103.675934	2.7035813	8171.383764505386
189	432.58936	116.989494	551.9542	221.65382	594.44135	241.11436	820.8531	-38.587532	1000.0	1000.0	945000	102.63046	12.914347	179.21725	-12.375125	-103.33139	2.644378	8215.368385076523
190	433.76187	174.58534	592.2974	87.429596	788.97986	124.66812	933.18677	465.09375	839.6667	1000.0	950000	102.425606	13.190533	179.81989	-32.5856	-103.12846	2.6717262	8259.509351491928
191	474.26068	69.25203	558.27655	391.63126	399.45627	300.41592	853.7035	10.314419	1000.0	951.5	955000	102.46844	13.119894	183.53107	-20.127047	-103.17601	2.7631614	8302.72845005989
192	490.02768	105.021996	604.3676	314.36743	756.9208	82.30352	872.4617	560.47925	1000.0	1000.0	960000	102.24576	13.115761	181.0611	-25.25156	-102.930176	2.5817487	8346.742608308792
193	436.8529	201.01169	662.86395	21.04986	595.7977	521.3387	915.48627	-955.32086	837.3333	1000.0	965000	101.91486	12.671891	179.86267	-32.3369	-102.61091	2.44136	8391.359636545181
194	454.97235	56.784622	521.4463	379.02054	529.8358	800.91315	888.6374	-1868.9161	1000.0	1000.0	970000	102.01724	12.6899605	180.29158	-61.176456	-102.72055	2.523473	8435.493680715561
195	497.46442	59.648777	560.3819	385.76956	87.98251	452.4073	641.32855	-924.0852	1000.0	996.9	975000	102.32184	12.592179	179.68039	-43.89657	-103.0289	2.535959	8479.536890745163
196	371.021	141.84842	532.59424	118.59787	854.259	96.22559	986.4791	645.9179	1000.0	1000.0	980000	102.34147	12.3972845	176.48024	-43.05168	-103.0374	2.4882808	8524.180240631104
197	412.5712	71.96277	485.16617	319.98157	528.54407	265.52	812.6098	45.735653	1000.0	845.2	985000	102.24067	12.099437	179.06367	-32.830505	-102.93729	2.4277413	8565.889505147934
198	473.36542	99.070694	582.9612	289.1356	776.38995	122.08734	856.38544	427.737	1000.0	1000.0	990000	102.30267	12.563055	181.27527	-12.596276	-103.002235	2.702802	8610.010920763016
199	510.87543	70.13117	619.7134	422.5205	512.0253	366.31354	883.2906	-349.9391	1000.0	1000.0	995000	102.102325	12.995373	184.02261	-21.681004	-102.78295	2.7134182	8654.255481481552
200	447.42758	28.369663	488.71738	400.85617	602.0687	159.08421	823.2702	383.7835	1000.0	1000.0	1000000	101.98524	13.340995	184.13985	-85.02654	-102.683945	2.727356	8698.07974433899
201	417.4143	38.66218	458.80405	365.75616	661.59344	449.97562	889.7175	-674.3096	1000.0	1000.0	1005000	101.82882	13.069335	178.5853	-16.73295	-102.51422	2.608906	8742.795512914658
202	464.19574	60.65875	540.306	390.99274	541.14014	182.90385	834.16	312.10794	1000.0	1000.0	1010000	101.61588	12.601462	178.11859	-14.054866	-102.28907	2.430845	8787.751319885254
203	485.74774	165.80173	608.98737	159.57695	707.687	124.80551	826.0419	363.64966	1000.0	1000.0	1015000	101.27009	11.98679	176.1509	-2.907394	-101.928566	2.4206488	8833.011769294739
204	458.98383	89.544174	577.29266	327.08725	601.82446	264.5128	814.5085	5.266417	1000.0	901.9	1020000	100.932175	12.031955	174.456	-78.70271	-101.57519	2.4224708	8875.916830062866
205	443.9667	57.737362	521.8746	367.7221	394.8387	245.29652	777.93036	68.74278	1000.0	1000.0	1025000	100.76333	12.067678	176.63844	-14.685884	-101.42311	2.4605892	8920.400929927826
206	383.08685	92.31926	538.52795	268.52972	604.3813	191.56752	893.215	395.03226	1000.0	1000.0	1030000	100.816505	12.422623	175.4942	-125.86813	-101.45895	2.599415	8965.839705944061
207	389.16214	40.248207	464.2675	349.5225	488.1128	237.60034	753.11884	-156.42511	1000.0	1000.0	1035000	100.462166	12.80526	177.60312	-25.072155	-101.10073	2.813303	9010.729237556458
208	446.43555	96.038025	594.4177	328.54416	355.9395	571.9518	851.2646	-441.75653	1000.0	1000.0	1040000	99.987305	12.944932	179.61958	-65.5285	-100.61919	2.6263542	9055.179552793503
209	533.0081	51.31286	616.87524	461.43436	602.2011	218.40587	776.06213	219.77939	1000.0	1000.0	1045000	100.10401	13.162538	180.8925	-15.658314	-100.759964	2.6037493	9100.030875205994
210	511.89673	20.466108	546.9444	490.30087	824.70917	66.30824	903.89417	665.48444	1000.0	1000.0	1050000	100.26267	13.463738	178.9262	-1.098618	-100.91896	2.7361526	9145.747834205627
211	443.31894	108.231926	570.5357	257.19247	464.0976	366.0762	954.3819	30.869356	1000.0	1000.0	1055000	100.30379	13.619889	180.12874	-36.43003	-100.952934	2.7195027	9190.486188411713
212	502.29752	46.123184	558.9997	439.4976	796.77246	57.026657	872.52344	692.04565	1000.0	1000.0	1060000	100.25511	13.6354475	182.05054	-41.106007	-100.89891	2.6968956	9236.1172580719
213	483.5642	40.029312	538.6456	443.97763	630.33435	375.41037	892.06244	-168.1845	1000.0	1000.0	1065000	100.45469	13.776082	178.53957	-45.81625	-101.118515	2.5242298	9280.762593507767
214	486.83633	121.74069	650.7349	287.5667	861.19257	31.657019	898.4452	791.0896	1000.0	1000.0	1070000	100.63096	13.8270855	180.46173	-75.27552	-101.286316	2.7001543	9326.155322551727
215	440.09875	168.35892	586.1074	86.73331	707.6919	248.77065	914.8229	2.178528	865.0	901.2	1075000	100.85867	13.598667	178.0942	-70.734856	-101.513985	2.5518036	9370.447910308838
216	503.44092	73.61655	580.75446	374.73328	633.86975	265.31506	1002.96796	49.485786	1000.0	1000.0	1080000	100.94711	13.631999	182.5144	-13.218062	-101.611435	2.6544535	9415.119705915451
217	451.7354	86.632095	572.9302	331.7681	557.40924	283.31433	1053.86	206.2331	1000.0	1000.0	1085000	101.04056	14.1352005	181.49176	-37.01352	-101.68839	2.7095706	9461.471334218979
218	431.21353	85.804695	545.472	328.06857	580.3626	316.97943	820.07715	35.14446	1000.0	910.2	1090000	101.18184	14.717945	185.07498	-16.794935	-101.84847	2.6348524	9504.781145811081
219	417.05133	226.06122	576.6479	-24.619028	273.0968	438.57486	869.73175	-624.5352	1000.0	1000.0	1095000	101.52175	14.775708	188.80803	-40.665623	-102.1963	2.8234532	9551.05279827118
220	390.28012	118.985535	479.66458	154.43228	608.9614	226.06651	873.5613	166.24472	1000.0	860.9	1100000	101.580536	14.377532	185.81859	-4.4358563	-102.24283	2.8376935	9594.760481119156
221	528.3042	65.164185	614.3343	444.26978	733.09796	110.6493	884.20404	442.51135	1000.0	1000.0	1105000	101.39631	14.238439	187.31036	-24.876722	-102.03756	2.7235448	9639.443370819092
222	485.6313	68.40698	568.1067	377.99875	526.5708	466.59802	890.4005	-242.22577	1000.0	1000.0	1110000	101.36544	14.422021	183.49767	-19.489614	-102.04131	2.8405242	9684.80226612091
223	508.93146	84.95157	602.2023	360.1121	517.76245	409.88287	808.5092	-615.7249	1000.0	922.3	1115000	102.05804	14.996384	188.0212	-6.083645	-102.74113	2.90059	9728.730947494507
224	300.6347	179.09592	461.20087	-46.229904	286.50888	535.40485	755.58734	-879.44135	1000.0	1000.0	1120000	102.6375	15.233276	187.05466	-41.73919	-103.3262	2.9991875	9774.86666226387
225	483.1708	62.425	600.89105	427.2963	345.89313	456.26437	874.1983	-409.98828	1000.0	1000.0	1125000	102.901985	15.267381	189.03224	-40.979282	-103.58286	2.9336245	9820.587214708328
226	465.24057	152.18561	633.9754	196.78313	752.58435	255.995	922.0863	27.74331	1000.0	1000.0	1130000	103.298676	15.876623	192.81375	-11.100861	-103.989685	3.1118104	9866.258707046509
227	447.4026	62.44177	505.69965	338.25192	457.83545	259.52112	880.9161	116.321594	1000.0	1000.0	1135000	103.28954	16.238607	187.91617	-68.405975	-103.9527	3.2381916	9911.139223337173
228	511.07715	51.15197	571.86676	416.93848	741.0438	128.30229	878.7772	449.53418	1000.0	1000.0	1140000	103.131775	16.429783	189.60071	-40.615658	-103.815926	3.165394	9956.63556599617
229	527.04443	36.279953	561.3545	472.7737	730.4894	141.35966	880.6574	353.63354	1000.0	1000.0	1145000	103.48256	16.621994	195.36751	-12.678663	-104.1742	3.1039882	10001.302768945694
230	530.1422	20.766367	555.3398	496.12973	460.18652	407.57236	864.93695	-173.48027	1000.0	1000.0	1150000	103.82759	16.053501	191.78804	-86.052315	-104.51909	2.9439754	10045.686317205429
231	476.71738	75.76474	564.0891	382.6944	423.7881	390.31778	892.12775	-405.12848	1000.0	845.5	1155000	104.15199	15.631425	189.02457	-13.120925	-104.82065	2.7771564	10089.147637367249
232	472.69644	36.719448	511.03598	413.1399	574.32776	125.658936	731.4805	311.12628	1000.0	1000.0	1160000	104.07986	15.528929	188.52957	-89.55751	-104.75784	2.961757	10132.942708969116
233	429.42993	47.99696	511.68164	370.79126	692.3441	204.12498	837.82007	101.54343	1000.0	919.8	1165000	103.95085	15.3071	194.90172	-47.463963	-104.60601	2.904521	10176.226912260056
234	477.67963	46.875168	537.16547	422.16754	719.64166	216.79562	866.53827	98.63045	1000.0	1000.0	1170000	103.4406	15.407694	189.87106	-18.121367	-104.08899	3.0220077	10218.694812059402
235	417.42023	91.49042	510.56265	271.70514	573.8274	287.08792	989.3128	70.55104	1000.0	1000.0	1175000	103.222466	15.059006	188.8974	-32.534454	-103.89004	2.7620456	10259.518435001373
236	281.4404	253.06436	538.5741	-181.3555	561.64386	510.5967	914.23694	-815.1085	1000.0	1000.0	1180000	103.38124	15.092186	190.82494	-6.973746	-104.04271	2.8680024	10300.057774543762
237	452.31342	32.1794	495.01517	399.28976	784.17255	81.40504	889.56714	666.1476	1000.0	1000.0	1185000	103.025246	14.940977	189.76903	-20.518421	-103.68043	2.9309902	10340.044910907745
238	297.37982	199.89932	504.2285	-78.28358	640.4566	381.09882	961.54407	-4.749434	1000.0	921.5	1190000	103.31624	15.328101	195.44598	-27.949148	-104.00167	2.8566856	10379.116974115372
239	424.3369	99.02325	536.3343	297.423	730.5527	115.994804	892.44635	495.4476	1000.0	1000.0	1195000	103.681366	15.647122	190.82745	-9.590567	-104.35327	2.9203463	10419.373285531998
240	453.01376	122.69762	566.2835	225.88898	677.4774	127.3608	839.9671	454.90967	1000.0	1000.0	1200000	103.899925	15.47375	193.11668	-4.12606	-104.561264	2.9727492	10459.354883670807
241	434.9887	48.99285	492.78546	349.77643	508.6835	451.29303	905.4859	-309.32852	1000.0	1000.0	1205000	103.58458	15.532042	195.03839	-20.968342	-104.227974	3.0989425	10499.966616630554
242	504.524	43.001514	547.1795	421.81287	-102.123085	610.5924	890.58765	-676.485	1000.0	1000.0	1210000	103.19434	15.82267	191.17996	-4.0075855	-103.8474	3.0766861	10539.237570524216
243	417.77383	31.345823	460.1498	379.40747	747.3277	104.384766	838.0915	450.62888	1000.0	1000.0	1215000	103.03429	15.991403	192.08923	-11.963583	-103.68989	3.0481372	10579.2403216362
244	506.4475	55.463337	590.28406	429.53607	572.78186	405.4829	850.5322	-526.71094	1000.0	924.6	1220000	103.296165	15.8191	191.3907	-43.628757	-103.96901	3.137404	10619.140273332596
245	499.14868	80.86069	630.1996	406.33517	328.91974	357.61295	817.2802	-273.41977	1000.0	1000.0	1225000	103.21288	15.08178	187.42183	-16.951532	-103.8592	3.0035348	10659.404109477997
246	327.93008	110.81028	434.45676	121.4747	736.73914	169.97568	895.6331	249.58728	1000.0	1000.0	1230000	102.90704	14.400194	188.47136	-31.348011	-103.54139	3.047868	10699.96881055832
247	470.74634	83.28857	578.85486	349.85153	710.7257	284.8302	916.5461	-120.845184	1000.0	1000.0	1235000	102.64892	14.285131	185.47191	-84.27825	-103.3004	2.767407	10740.095449447632
248	436.34286	125.51119	520.15283	186.51419	670.7492	379.8182	835.0395	-459.33987	1000.0	1000.0	1240000	102.90302	14.370865	189.43434	-123.39626	-103.55343	2.7858722	10779.755336046219
249	413.39557	170.32341	527.1936	75.74873	733.84326	71.328186	823.08167	584.53485	1000.0	1000.0	1245000	103.099945	14.231991	186.8522	9.567733	-103.75548	2.894249	10819.93508052826
250	418.89062	189.5734	601.324	94.898285	635.1117	271.5613	855.2457	71.24665	840.5	1000.0	1250000	103.24587	14.780418	187.80258	8.751076	-103.8962	2.8677635	10860.016614675522
251	471.44458	19.654657	504.25598	452.38223	422.4654	377.292	736.20667	-504.12918	1000.0	902.8	1255000	103.174614	14.817097	186.54593	-24.472927	-103.815994	2.8306258	10899.315173387527
252	456.96817	28.467438	483.90338	404.9693	267.57617	260.67822	645.1296	-252.58897	1000.0	1000.0	1260000	102.924576	14.020799	185.15852	-4.0565457	-103.57763	2.7538853	10939.005259990692
253	400.09525	173.41864	567.5987	53.082222	830.048	63.160946	902.81995	678.572	846.5	1000.0	1265000	102.845825	13.884686	187.72815	2.9132648	-103.487175	2.8580856	10980.672360181808
254	452.9702	217.35692	632.60254	-13.523541	568.43414	412.70267	861.2134	-598.2704	837.8333	1000.0	1270000	102.992455	13.999627	185.1408	-17.570347	-103.663734	2.7754	11021.769319057465
255	421.2485	202.74174	628.25934	-7.9800735	636.37036	548.14435	917.58105	-983.3388	878.6667	1000.0	1275000	103.45607	14.060059	187.59508	-5.0387754	-104.11269	2.7555883	11062.623848438263
256	500.20087	74.49276	599.14343	414.73273	218.2194	55.31945	284.3576	120.71318	1000.0	1000.0	1280000	103.23784	14.218498	186.5526	-3.9793372	-103.88256	2.8031237	11103.171304702759
257	349.56714	310.95328	645.3256	-253.88898	715.8925	47.327198	769.3129	606.18036	1000.0	1000.0	1285000	103.16844	14.169892	187.64113	-12.267856	-103.816376	2.742062	11143.926849603653
258	484.09326	46.4905	543.0368	419.805	737.76324	219.05913	910.711	166.9256	1000.0	1000.0	1290000	103.21289	13.8261595	188.5532	-29.588556	-103.8632	2.8510313	11184.277226448059
259	458.31708	75.805824	534.4153	328.37314	328.17197	661.42004	937.782	-516.54834	1000.0	1000.0	1295000	103.313225	13.95629	192.60724	-5.9618125	-103.96195	2.8677702	11225.916471481323
260	447.17538	113.75059	557.5908	231.2745	597.11066	405.02377	940.70355	-254.07416	1000.0	1000.0	1300000	103.30458	14.178656	191.55133	-28.145958	-103.9568	2.934155	11266.49134683609
261	520.0439	24.980234	542.47186	474.4122	582.66583	359.35413	884.9189	2.6219292	1000.0	906.9	1305000	103.666336	14.028855	186.46758	-14.409178	-104.33979	2.732259	11306.70199251175
262	421.2892	102.804665	583.04755	329.88736	101.30097	658.71173	853.92883	-728.52655	1000.0	1000.0	1310000	104.304214	13.7556305	188.81607	-16.44607	-104.9802	2.6236117	11347.474938631058
263	527.9683	34.178947	573.46436	475.96527	546.77795	393.1494	935.50385	-162.70918	1000.0	952.5	1315000	104.517105	13.741988	188.03186	-2.3279147	-105.1848	2.6611354	11388.032465696335
264	465.85162	121.926186	602.0675	255.27626	642.9855	394.09824	910.3494	-147.07825	1000.0	1000.0	1320000	105.25959	13.33178	186.51453	-18.796967	-105.9483	2.7493074	11429.123488664627
265	450.73242	219.45757	620.0624	-15.670414	701.67883	275.6693	945.42206	50.377003	836.0	1000.0	1325000	105.689476	13.671996	187.74469	-70.45648	-106.37191	2.9338782	11469.900056362152
266	399.62195	173.16595	571.9026	94.56138	698.24396	138.96846	839.82214	384.77368	1000.0	1000.0	1330000	106.07176	14.398943	193.51736	-35.157196	-106.75305	2.9318068	11510.476223230362
267	488.95404	72.72844	574.8423	354.19424	640.0663	257.75745	932.95953	105.47564	1000.0	913.9	1335000	106.55252	14.764679	193.93434	-25.19466	-107.27381	3.0205932	11550.941027879715
268	532.0977	84.789	633.5285	410.1991	709.5246	128.64545	861.9161	394.2938	1000.0	1000.0	1340000	107.160065	14.924618	192.55122	-7.086731	-107.841225	3.0475447	11592.201191663742
269	505.73926	93.25112	624.2743	339.37375	753.54425	174.09145	908.5774	315.43716	1000.0	1000.0	1345000	107.03144	15.08493	195.41475	-31.553295	-107.70525	3.0192046	11633.58297419548
270	480.7963	115.36767	644.20764	336.31104	780.109	113.57121	878.0726	503.14902	1000.0	1000.0	1350000	107.0447	15.255173	194.6449	-36.042984	-107.72449	3.0276802	11674.235069274902
271	531.3477	69.73051	629.03284	421.2573	818.4376	48.850853	885.72876	718.0762	1000.0	1000.0	1355000	107.08783	15.359407	192.311	-51.742916	-107.77154	3.033791	11715.078886985779
272	293.7696	436.15997	563.4639	-573.58734	737.2212	311.34027	896.44183	-191.77621	1000.0	1000.0	1360000	107.040726	15.605503	195.31088	-10.332159	-107.7176	2.9661317	11756.506527662277
273	444.22906	45.653572	518.74445	394.92722	594.52246	412.277	899.7744	-153.83286	1000.0	927.9	1365000	106.6886	15.678456	190.249	-28.817478	-107.32953	3.0735006	11797.327829360962
274	324.56506	229.12741	600.7766	-12.288283	519.41956	278.72858	885.0768	138.83162	841.0	1000.0	1370000	105.6929	15.02009	190.91946	-20.224195	-106.32827	2.9463294	11838.185343503952
275	424.56485	69.436104	549.36707	360.3069	506.1587	421.7352	848.31146	-610.77924	1000.0	1000.0	1375000	105.04416	14.562079	188.69638	-26.612202	-105.68241	2.9277084	11878.970417499542
276	480.3964	76.119484	552.5247	340.6732	144.06133	526.6803	511.3019	-1041.1599	1000.0	1000.0	1380000	104.76702	14.08122	186.74055	-16.781315	-105.43405	2.8011408	11919.860331058502
277	433.57462	182.85408	584.94305	77.66094	423.7123	342.5784	867.3964	-71.26835	1000.0	1000.0	1385000	104.691505	14.252553	186.8053	-48.95214	-105.33525	2.8242023	11961.02215886116
278	438.10132	77.49251	531.61816	320.40106	735.0586	78.44815	853.8203	577.47614	1000.0	1000.0	1390000	104.57253	14.518462	191.5935	-27.553467	-105.21918	2.9795737	12001.869636774063
279	436.0739	35.686005	499.21118	397.7847	728.7152	307.9382	919.54004	-176.52618	1000.0	1000.0	1395000	104.376595	14.503744	188.56454	-13.161392	-105.02083	2.9104857	12042.817927598953
280	492.15878	82.672356	600.1214	351.64114	782.69543	116.98474	908.02203	531.1676	1000.0	1000.0	1400000	103.93474	14.176516	186.87279	-56.35169	-104.5761	2.80357	12084.483873844147
281	407.17737	156.54024	596.92773	229.77426	465.62344	516.622	902.3671	-419.21823	1000.0	1000.0	1405000	104.09499	13.776293	188.15176	-56.826103	-104.753685	2.8467073	12127.50469660759
282	478.15967	33.375217	518.0072	428.74295	767.9702	237.35164	925.95984	80.37502	1000.0	1000.0	1410000	104.24263	13.620724	186.2639	-24.588703	-104.886	2.81437	12168.109274625778
283	521.1424	48.83636	584.9286	465.18307	198.83545	274.872	669.0542	-180.48816	1000.0	1000.0	1415000	104.12746	13.876134	190.86716	-35.8664	-104.77551	2.9773254	12209.08721113205
284	319.09326	299.4409	524.58887	-276.8589	782.35	309.4485	1047.6693	-112.38697	1000.0	1000.0	1420000	104.06103	14.254956	185.53009	-29.905472	-104.702736	2.906955	12250.134053230286
285	532.6059	74.48132	610.01544	390.22415	282.7872	512.42706	936.93	-225.74919	1000.0	1000.0	1425000	103.97522	14.148315	189.60977	-79.576836	-104.62553	2.9980652	12291.44851231575
286	535.9077	44.578503	611.26416	488.24622	650.57837	333.29614	914.99854	-284.3401	1000.0	1000.0	1430000	104.27995	14.18683	189.90962	-26.943539	-104.92851	2.7626927	12332.64793229103
287	417.59692	216.51115	588.60474	2.054545	648.3988	333.87308	976.93677	58.02774	837.0	908.6	1435000	104.15264	14.193561	188.49373	-22.270535	-104.7953	2.920999	12373.241790294647
288	292.28595	473.6361	555.5563	-653.93475	579.1606	443.37787	869.7179	-337.1956	1000.0	1000.0	1440000	104.46425	14.0597315	187.75719	-18.484814	-105.12633	2.7682328	12415.021543979645
289	341.46744	216.76517	505.99097	-7.0450335	215.19649	343.94162	669.8777	-530.59766	843.5	1000.0	1445000	104.49255	13.847445	187.65347	-50.28367	-105.14351	2.8470082	12457.02743935585
290	465.76587	35.55361	521.7734	425.8867	295.44308	418.42664	860.1502	-412.3117	1000.0	706.5	1450000	104.6624	13.81203	189.05664	-44.29095	-105.309975	2.8044105	12495.845722913742
291	481.92514	26.152227	514.1143	438.6312	654.6556	159.6726	917.54456	337.0234	1000.0	1000.0	1455000	104.49502	13.850208	186.53635	-21.652771	-105.12649	2.762368	12537.472739458084
292	458.48007	63.24492	558.4387	399.0999	448.33032	529.1841	879.179	-837.3689	1000.0	901.9	1460000	104.40551	13.906777	184.66975	-36.934586	-105.046715	2.7432997	12579.19107913971
293	406.53876	61.377594	476.40555	327.78918	420.96686	473.10068	755.2216	-751.3437	1000.0	1000.0	1465000	104.297195	13.880675	185.96603	-46.71466	-104.935585	2.7554922	12621.275484800339
294	401.3952	55.573093	503.8534	341.7178	626.985	200.81425	1034.7477	328.60297	1000.0	1000.0	1470000	104.35335	14.084884	183.74991	-53.61123	-104.989136	2.9087465	12662.993525266647
295	401.80014	53.668564	479.0537	351.21674	726.1791	140.9098	939.7009	483.92865	1000.0	1000.0	1475000	104.14236	14.173296	192.09608	-9.650013	-104.772514	2.92385	12704.9616689682
296	462.13544	60.74395	507.7484	344.4574	662.4696	381.2151	974.6788	-184.61153	1000.0	902.0	1480000	103.968124	14.032803	185.31981	-9.137873	-104.60445	2.6304946	12745.593873739243
297	532.58044	51.306847	617.1942	464.6725	626.7681	246.32082	932.1097	53.031883	1000.0	907.4	1485000	104.14731	13.875264	186.16673	-7.283796	-104.79619	2.9106672	12785.80996966362
298	470.89023	56.388958	536.9286	380.6759	526.60315	288.00525	826.878	-247.76747	1000.0	1000.0	1490000	104.34429	13.951331	184.94833	-6.965727	-104.997185	2.7718832	12827.252034902573
299	494.4121	40.67821	553.37085	457.00598	662.76324	322.7871	865.86523	-252.09773	1000.0	1000.0	1495000	104.71142	13.881412	181.75879	-20.860611	-105.35716	2.911763	12868.728353500366
300	477.67163	49.8564	557.0694	399.43936	720.68994	170.41768	828.57263	215.25488	1000.0	1000.0	1500000	104.67571	13.933669	188.42256	-19.266094	-105.31634	2.9694464	12910.961423158646
301	418.37735	70.432884	527.2307	334.46542	586.84143	383.66058	903.1079	-455.60867	1000.0	1000.0	1505000	104.745026	13.902042	188.55193	-3.187118	-105.3819	2.8488312	12953.158457756042
302	372.23862	88.30035	522.44305	297.701	582.9872	189.25261	794.59686	79.36202	1000.0	927.9	1510000	104.71102	13.737548	185.02385	-17.267612	-105.34767	2.7035801	12994.376318693161
303	355.67422	176.46153	512.0135	-3.7190871	480.62045	299.33392	818.438	-183.93466	836.3333	1000.0	1515000	104.738266	14.129023	185.31905	-17.776579	-105.38691	2.749305	13036.066320896149
304	385.27856	60.798004	489.79706	317.84232	691.0436	95.18464	812.6476	523.0516	1000.0	1000.0	1520000	104.61236	14.213872	186.31699	-19.149038	-105.22646	2.886433	13078.237112998962
305	364.22357	62.221817	417.99594	255.34705	580.9373	141.25607	804.06744	303.3373	1000.0	1000.0	1525000	104.266235	14.381408	189.94653	-13.733014	-104.8972	2.8689501	13120.285302400589
306	355.20197	44.30189	400.65244	285.66162	494.5022	470.57428	868.59265	-541.7354	1000.0	1000.0	1530000	103.978134	14.56449	186.39403	-22.627186	-104.6051	2.8115835	13163.353711366653
307	331.9607	115.45635	472.98947	169.10484	190.27603	476.33444	703.72015	-526.7352	1000.0	1000.0	1535000	103.60981	14.574626	185.67186	-60.105206	-104.217514	2.848287	13205.045291900635
308	337.62982	39.050087	403.09204	280.6104	450.62115	151.38254	695.72345	265.15625	1000.0	1000.0	1540000	103.0378	14.61503	183.69067	-16.302286	-103.62856	2.7561555	13246.977793455124
309	274.29953	129.19595	401.33057	55.35898	345.53708	286.396	741.32587	-257.5036	1000.0	1000.0	1545000	102.14113	14.5083475	185.71646	-28.946835	-102.72404	2.7256293	13289.055392503738
310	313.76752	76.33263	436.48535	229.5195	-80.27873	478.88098	551.4729	-1164.4445	1000.0	905.3	1550000	101.47767	14.157682	188.46428	-12.149829	-102.110306	3.0052953	13329.95334649086
311	-541.3208	417.05362	-111.46161	-1080.5776	-849.8773	515.5415	-11.634668	-1916.6606	1000.0	902.5	1555000	106.17081	17.51958	250.74118	-51.347157	-107.18243	4.7194176	13371.853970050812
312	-671.91376	272.4697	-372.46906	-1162.1028	-805.5018	644.14667	-46.030197	-1605.8597	1000.0	1000.0	1560000	112.452415	19.329758	222.63808	-18.03184	-113.31939	4.450091	13414.454671859741
313	-225.56906	131.07408	-66.451294	-382.26874	-74.016266	358.15207	561.3433	-635.8651	823.8	1000.0	1565000	112.860794	18.971617	207.50148	-26.40504	-113.561676	3.5390375	13454.468567371368
314	-110.16013	239.00829	192.73494	-371.0919	-110.22069	482.32553	758.93207	-672.49817	1000.0	913.5	1570000	111.160545	17.766705	198.11516	-37.12894	-111.80422	3.3672075	13495.527469396591
315	25.690683	177.72093	261.95303	-262.9559	184.86853	244.28271	507.46234	-204.05235	1000.0	1000.0	1575000	109.07553	17.279448	197.58853	-23.58457	-109.712875	3.067045	13537.562181472778
316	91.10131	69.41382	200.07751	-19.21452	-66.37572	512.8499	333.83957	-1198.5461	1000.0	1000.0	1580000	107.398125	16.542927	193.13945	-31.268719	-108.02878	3.0450997	13580.441041946411
317	14.435059	139.03851	191.49059	-228.86334	227.66814	117.71643	418.23645	7.9287505	853.3333	901.8	1585000	105.786766	15.874872	192.76611	-73.08904	-106.41194	2.8010125	13622.919936656952
318	72.26003	31.747374	132.63525	43.518337	120.13013	611.172	643.89185	-1198.9683	1000.0	901.1	1590000	104.661255	15.492202	188.78334	-20.676552	-105.298164	2.6419725	13664.694553852081
319	74.490135	227.76956	386.79672	-341.2182	400.8622	275.8885	665.2402	-349.41135	840.1667	1000.0	1595000	103.85918	15.080306	185.7207	-40.974716	-104.48967	2.789036	13707.462200641632
320	228.15	86.97649	376.567	131.34886	354.10403	179.80359	554.9414	-52.532475	1000.0	1000.0	1600000	103.05398	14.34167	184.78586	-43.990734	-103.69081	2.7964911	13750.04085445404
321	168.18758	123.59372	383.18118	9.988879	343.7313	219.977	561.5931	-289.84058	1000.0	1000.0	1605000	103.03469	14.126242	186.70357	-63.16483	-103.67209	2.5603886	13793.611638069153
322	170.31699	106.957115	303.8784	52.751183	287.39487	337.45163	682.69836	-512.6724	1000.0	1000.0	1610000	102.66075	13.588927	182.79208	-17.170965	-103.29462	2.4969196	13836.04816031456
323	211.63872	107.56099	333.26685	25.36325	250.22852	329.0632	636.5788	-459.03787	1000.0	1000.0	1615000	102.22727	12.791992	178.96362	-19.24022	-102.856834	2.5906978	13879.63696026802
324	224.40703	88.683014	296.8556	51.621277	429.04266	247.98193	778.8345	82.07538	1000.0	915.6	1620000	102.167206	12.499663	180.35258	-45.70309	-102.81297	2.5079534	13920.576169967651
325	93.03395	391.5057	396.01254	-673.01227	315.91446	261.67368	565.23145	-427.36676	1000.0	1000.0	1625000	102.07118	12.643374	178.00836	-26.315563	-102.71359	2.6832356	13963.300110578537
326	191.02307	160.93935	440.9924	16.529877	582.3345	208.95201	829.00397	273.68478	861.0	1000.0	1630000	102.26349	12.5838	177.01862	-28.012432	-102.92475	2.668891	14005.660642147064
327	297.7703	102.1504	455.8151	140.87328	-34.787304	399.85767	579.12256	-770.08514	1000.0	1000.0	1635000	102.82869	12.758428	178.32779	5.18546	-103.49234	2.5507298	14048.109030246735
328	291.54404	84.719986	459.77698	234.22485	99.836044	429.84326	440.98798	-656.4298	1000.0	1000.0	1640000	102.6717	12.967939	178.86737	-16.615547	-103.32399	2.6516867	14090.157911539078
329	112.7062	184.70236	263.16293	-219.97893	366.45712	327.32425	829.7881	-267.84998	1000.0	1000.0	1645000	102.71163	12.9471035	180.9031	-53.497154	-103.3561	2.7845478	14134.224254131317
330	196.64706	32.027203	255.55606	164.2623	581.9635	122.47867	788.82635	390.9251	1000.0	1000.0	1650000	102.58308	12.848053	178.83287	-51.761024	-103.230576	2.7725637	14176.226855754852
331	208.4497	98.95711	287.88885	28.893211	619.6307	207.92819	826.3177	89.49605	1000.0	1000.0	1655000	102.35166	13.025532	181.4327	-43.29578	-102.988884	2.9719844	14219.266721010208
332	169.90521	182.1969	381.73825	-127.52144	493.3561	392.30646	791.1021	-567.2858	1000.0	1000.0	1660000	102.09189	13.248729	181.96814	-23.354641	-102.73199	3.0237122	14262.180498838425
333	186.71078	249.85478	495.152	-263.96545	331.89575	388.2112	786.01514	-703.1699	1000.0	1000.0	1665000	102.08776	13.509571	184.7492	-4.5434346	-102.751816	2.9962366	14304.942395925522
334	322.60873	148.83261	458.2778	18.558111	560.52484	151.33481	795.61523	295.7399	844.6667	1000.0	1670000	102.576675	13.160265	184.79614	-45.71975	-103.266884	3.034318	14347.527596950531
335	254.31552	267.22577	459.8817	-272.93558	232.05869	462.36597	726.3539	-675.96204	1000.0	916.6	1675000	103.08674	13.386558	186.0348	-37.332767	-103.770874	3.1725795	14389.65263056755
336	261.15338	102.28146	398.97696	111.60655	469.71054	252.97343	687.58026	-64.85481	1000.0	902.8	1680000	103.62655	13.859647	189.15697	-43.37671	-104.31798	3.252175	14432.926534175873
337	130.43422	95.6826	225.44463	-25.856773	371.5602	140.61658	514.36786	14.155378	1000.0	905.0	1685000	104.23798	14.109475	191.44537	-49.977802	-104.93835	3.200076	14474.496200323105
338	250.58847	164.68567	496.75616	75.29467	626.15125	282.84534	867.9024	-95.18147	1000.0	1000.0	1690000	104.349434	14.349531	185.93575	6.170344	-105.02602	3.0951278	14517.539957284927
339	282.64276	52.906273	366.86267	200.64365	658.3396	166.1892	821.22546	277.48645	1000.0	956.6	1695000	104.118126	14.6795845	186.1783	-8.95848	-104.78718	3.1989334	14560.849983215332
340	292.83392	222.55925	462.50668	-137.12881	393.60382	190.31161	668.0463	15.363726	1000.0	902.2	1700000	103.99136	14.88491	189.74487	-11.413561	-104.662315	3.1906419	14603.574123620987
341	341.3002	143.78223	446.24243	58.17359	565.98224	347.61115	847.1877	-329.7581	1000.0	927.2	1705000	103.60155	14.988219	188.86473	-31.426628	-104.25579	3.0663624	14646.542562484741
342	385.16876	78.15525	505.86548	291.23294	305.2301	483.2374	841.4607	-884.2619	1000.0	739.3	1710000	102.90765	14.53615	187.51512	-20.819149	-103.55675	2.9567504	14686.444684028625
343	234.58672	195.98505	472.75507	-91.73525	478.4975	463.03342	782.472	-895.0033	1000.0	1000.0	1715000	102.52326	14.631619	189.48196	-56.510742	-103.18365	2.9518394	14730.269866466522
344	234.97627	57.59317	309.00204	155.78816	411.22632	456.05466	774.6458	-512.95703	1000.0	1000.0	1720000	102.50369	14.623355	183.08894	-58.509495	-103.180565	2.9201384	14773.95922589302
345	253.38818	49.3447	337.13202	186.99182	548.67816	195.34541	771.7802	21.575642	1000.0	903.6	1725000	102.37555	14.805895	185.74892	-40.888428	-103.02192	3.0965219	14815.928482532501
346	175.92784	320.79703	392.39243	-462.4311	445.48373	355.3602	796.6295	-407.31168	1000.0	1000.0	1730000	101.851295	14.511674	184.90869	-50.647522	-102.50656	2.90892	14859.085297584534
347	345.65033	152.57306	510.60144	123.361565	373.98203	536.2916	813.539	-586.50366	1000.0	1000.0	1735000	101.88914	14.13841	179.45265	-45.27619	-102.555145	2.906835	14902.670176267624
348	239.58287	114.00782	381.90878	54.20567	497.4839	214.41466	725.5232	-97.876236	849.3333	1000.0	1740000	101.79655	13.933534	182.40001	-22.581501	-102.452156	2.8883677	14946.070021390915
349	205.50302	93.23102	390.81943	140.94415	275.7211	449.03073	695.6955	-696.1334	1000.0	902.5	1745000	101.88071	13.840658	184.067	-39.1388	-102.56505	3.1374497	14988.141940832138
350	308.96515	53.27479	354.3518	207.67072	256.80038	495.89978	726.3267	-693.65045	1000.0	1000.0	1750000	102.08396	13.690712	179.54655	-38.106457	-102.74777	2.9347577	15032.638319730759
351	391.45444	53.272953	459.4193	305.45444	590.1896	178.84181	822.45636	126.21002	1000.0	1000.0	1755000	101.87462	13.122551	181.03584	-39.60754	-102.53787	2.6873732	15076.973764896393
352	319.21454	91.4891	442.58334	163.99763	585.80743	356.10376	809.6645	-452.06363	1000.0	1000.0	1760000	101.97489	12.691009	178.07124	-5.705631	-102.638664	2.6044476	15120.51335644722
353	401.97592	179.91125	539.95807	24.46521	641.48975	248.6553	853.0406	-60.839268	840.5	1000.0	1765000	101.770195	12.737436	177.6116	-25.568449	-102.42902	2.6793773	15164.430552244186
354	330.6644	111.245285	426.11176	124.36026	624.85895	65.17276	765.2369	522.1222	1000.0	1000.0	1770000	101.89065	12.753841	179.2214	-40.2774	-102.55519	2.7503648	15208.69854426384
355	350.63983	18.841232	371.4897	325.86612	612.895	404.4893	848.3472	-575.2343	1000.0	1000.0	1775000	101.60703	12.398865	174.97696	-65.15249	-102.27009	2.7101586	15253.138436794281
356	290.3929	118.55206	432.1195	62.969242	471.36603	438.66324	675.1597	-838.8642	844.5	1000.0	1780000	101.69529	12.378487	178.86732	-46.837044	-102.359924	2.8044143	15296.557334423065
357	416.34918	63.73024	515.81104	345.65952	717.38416	168.99553	879.06696	352.8534	1000.0	1000.0	1785000	101.68115	12.035925	172.51031	-135.43579	-102.34514	2.518111	15342.321339130402
358	245.257	188.67867	460.52264	-10.083018	672.11633	97.91408	841.6585	522.872	852.8333	1000.0	1790000	101.89772	11.9320965	174.95865	-129.69872	-102.58286	2.6405041	15386.259176969528
359	358.02667	104.2401	530.39056	253.88939	751.92224	53.24021	830.10846	651.24396	1000.0	1000.0	1795000	102.41364	12.279374	178.2863	-42.59916	-103.104675	2.6861691	15430.336430072784
360	375.8966	66.15458	488.20926	297.78772	462.52515	420.3373	828.4609	-400.00732	1000.0	1000.0	1800000	103.030975	12.558167	180.46935	-67.578674	-103.73152	2.711747	15474.219233036041
361	278.51566	307.17883	522.6364	-300.9786	516.93884	649.88965	888.99225	-1369.3247	1000.0	1000.0	1805000	103.57606	12.690627	178.56241	-25.817385	-104.27874	2.6742349	15517.881338596344
362	389.94962	130.88582	557.9255	206.12158	379.0087	628.5822	864.5928	-1173.9908	1000.0	1000.0	1810000	103.66109	12.452492	174.5718	-48.767246	-104.345634	2.6352706	15561.804103374481
363	322.57413	119.5204	430.24026	66.62809	519.0126	355.9691	814.96124	-240.93275	867.3333	1000.0	1815000	103.748055	12.544837	178.55704	-68.83696	-104.43771	2.7613657	15607.058361768723
364	382.7945	55.33082	443.20895	304.73	457.2918	438.19708	842.223	-678.40375	1000.0	1000.0	1820000	103.81926	12.407399	179.64471	-49.92723	-104.51246	2.761646	15651.66048169136
365	256.03604	257.32904	469.44128	-242.05836	56.065807	839.61194	799.1532	-1357.6476	1000.0	1000.0	1825000	104.1233	12.245466	177.7313	-38.24292	-104.84273	2.7585585	15695.306320667267
366	327.0478	166.51471	502.99472	36.088696	672.0739	116.70467	854.3316	500.03244	820.2	1000.0	1830000	104.566986	11.915434	180.31013	-61.596107	-105.26405	2.678003	15737.419726848602
367	321.2591	62.699623	426.99393	229.62712	403.65247	238.93777	633.2706	-247.68228	1000.0	1000.0	1835000	104.610054	12.059282	182.33867	-26.346031	-105.32703	2.9249418	15781.526873350143
368	208.3251	109.74136	315.03073	-1.7328087	461.57895	273.29565	630.465	-345.36438	1000.0	1000.0	1840000	105.00573	12.173656	177.44334	-9.5045185	-105.72343	2.6923316	15826.165423154831
369	294.00253	72.12722	407.40082	214.36052	535.1417	376.2049	847.8081	-235.23409	1000.0	1000.0	1845000	105.28522	12.502414	175.79724	-91.85593	-106.00413	2.6162515	15870.613695859909
370	153.19608	149.44624	373.7834	-53.03439	330.3473	362.60638	775.7306	-372.55344	851.6667	1000.0	1850000	105.50359	12.627774	177.67094	-28.459	-106.211914	2.8096857	15915.450644731522
371	238.30368	117.34735	374.91553	51.224365	305.44965	84.908516	438.0747	185.43103	1000.0	1000.0	1855000	105.172966	12.8350315	181.45538	-62.662033	-105.87005	2.7933695	15960.092190504074
372	218.82126	154.65906	402.5853	15.978785	280.28613	484.08463	832.56555	-799.72284	1000.0	902.2	1860000	104.895775	12.834278	183.66371	-28.463623	-105.601364	2.8034663	16003.513623952866
373	260.93228	59.738182	332.4102	162.24393	340.9602	501.38657	770.7359	-672.3558	1000.0	910.5	1865000	104.77254	12.947311	184.10124	-42.650322	-105.49535	2.8448865	16046.670551538467
374	238.28625	76.84311	329.381	140.44115	607.25085	286.49268	810.82385	22.048521	1000.0	1000.0	1870000	104.73498	13.120068	184.99992	-38.227364	-105.450676	2.6938024	16091.358358621597
375	137.76656	218.34927	354.31595	-256.67117	411.85913	262.01077	661.0619	-204.96725	1000.0	916.4	1875000	104.52098	13.644522	187.60399	-60.24762	-105.22461	3.006047	16135.27821803093
376	94.35702	166.48096	302.23245	-206.76854	376.17297	184.22734	694.6927	67.322914	748.4286	1000.0	1880000	104.24233	14.172669	186.31776	-51.095123	-104.978836	3.174665	16180.950381755829
377	83.534035	171.28795	301.01105	-199.35918	449.86353	147.02899	702.7286	163.0729	1000.0	928.7	1885000	104.38203	14.529631	182.37347	-40.308426	-105.10023	3.2485108	16225.062975406647
378	181.67184	153.63493	304.896	-98.85918	113.27791	470.32086	597.76996	-1029.9519	1000.0	1000.0	1890000	104.07418	14.387095	185.67596	-35.238914	-104.79406	3.1553535	16271.205037355423
379	172.16833	79.0575	269.92883	43.323727	-6.2332153	408.29532	457.98215	-810.0264	1000.0	1000.0	1895000	103.90182	14.453854	184.54665	-29.916512	-104.61188	3.279723	16316.425535917282
380	158.026	96.8885	252.15419	-15.093532	384.03177	117.87408	552.64276	127.24555	1000.0	1000.0	1900000	103.56455	14.728848	184.72357	-51.079144	-104.27226	3.2742915	16361.21053314209
381	192.52722	104.51365	388.0076	73.560005	446.28143	238.37471	769.53766	-152.23926	1000.0	1000.0	1905000	102.72484	14.647617	184.77779	-54.737034	-103.406204	3.1526554	16406.345227956772
382	215.35799	83.68678	327.4684	88.2853	651.0303	56.293358	742.6469	550.8759	1000.0	1000.0	1910000	102.20358	14.333845	185.94997	-76.11182	-102.91418	3.0846817	16451.047504901886
383	224.70572	127.08295	362.7673	-14.233012	403.14893	176.58363	759.21094	62.148594	1000.0	1000.0	1915000	101.96981	14.739838	184.6451	-52.585922	-102.65866	3.2365534	16495.593304872513
384	117.667076	142.66597	335.5706	-53.778206	497.034	135.46211	725.85724	265.61362	837.6667	1000.0	1920000	101.30487	15.093895	185.35417	-73.710205	-102.01218	3.3188598	16540.62658596039
385	248.75883	119.29015	376.35077	98.9974	373.10144	461.41772	814.9477	-918.6463	1000.0	1000.0	1925000	101.44786	15.29854	188.1592	-122.75238	-102.164536	3.3561852	16587.971594810486
386	251.2489	101.1651	421.8616	147.57533	593.49536	121.95614	719.96246	343.68973	1000.0	1000.0	1930000	101.33973	15.415972	185.63689	-108.28057	-102.034515	3.4591718	16632.643800020218
387	114.0463	135.4096	254.50468	-66.469315	263.9222	348.81625	806.5198	-123.27592	1000.0	902.1	1935000	100.84011	15.218617	185.29295	-40.700558	-101.531235	3.2186852	16676.735007047653
388	227.77939	112.35215	410.3514	71.18651	274.99982	342.08646	647.3367	-674.5448	1000.0	1000.0	1940000	100.27147	15.014428	189.13556	-60.459904	-100.95718	3.18322	16722.59520125389
389	107.212585	74.57308	212.81601	-12.899502	215.72595	155.67363	420.71857	-83.36188	1000.0	1000.0	1945000	99.8043	14.850347	184.81273	-99.59863	-100.4828	3.054782	16767.94258236885
390	123.11987	148.2491	291.5495	-89.22937	41.962715	437.27533	700.8864	-384.17273	1000.0	1000.0	1950000	99.42196	14.240943	177.344	-51.064133	-100.09966	3.044908	16812.809655189514
391	52.85952	118.37423	232.97493	-86.2389	-232.36816	926.3401	773.9476	-1762.2596	1000.0	1000.0	1955000	98.89889	14.170529	180.76938	-157.32587	-99.57776	3.2245116	16857.884863853455
392	131.87083	103.37376	254.26956	-2.7324705	100.43256	766.3358	757.5333	-1296.9706	1000.0	1000.0	1960000	98.61914	13.913672	178.69136	-56.124847	-99.30175	3.0478954	16903.88244485855
393	89.900635	129.66437	316.14383	-30.631464	355.097	382.49014	725.0088	-642.83813	1000.0	1000.0	1965000	98.293594	13.783419	175.21642	-29.064983	-98.973114	2.927398	16948.496925354004
394	124.42409	143.22546	307.99615	-49.211227	-27.431568	841.6479	710.841	-1337.5564	1000.0	1000.0	1970000	98.17964	14.2062435	184.00797	-58.217373	-98.87025	3.1907165	16993.083299160004
395	212.71431	244.39348	439.6185	-225.15831	16.060284	426.14645	532.6128	-981.1929	1000.0	1000.0	1975000	98.231415	14.626467	179.14069	-44.32991	-98.943344	3.0884087	17038.51144337654
396	136.66583	134.39548	296.54694	-59.806023	236.74454	278.13608	625.247	-379.92038	1000.0	1000.0	1980000	98.41842	14.487958	180.70247	-17.442987	-99.10193	3.085506	17082.774208784103
397	176.63397	182.01378	455.37747	-16.893686	257.93066	234.2339	542.85614	-377.3672	838.6667	1000.0	1985000	98.30917	14.372191	178.9652	-42.736828	-99.016884	2.9288764	17126.56441473961
398	80.94757	147.42427	251.08006	-137.44295	-745.2049	561.3616	760.7053	-1239.0695	1000.0	1000.0	1990000	98.13196	14.0712595	177.01663	-48.233593	-98.81975	2.8986623	17170.072454214096
399	183.16977	47.779366	250.00444	106.60572	412.07495	98.26851	631.6229	283.01147	1000.0	1000.0	1995000	98.12272	13.971847	180.10544	-66.759056	-98.81511	3.009112	17215.162894010544
400	202.46722	123.057106	445.01495	47.950417	219.61063	342.76428	507.8879	-706.89056	846.5	1000.0	2000000	97.86909	14.113645	180.20319	-49.944748	-98.56681	3.0440397	17259.73713040352
401	151.01585	110.72941	325.18707	-13.158139	373.7862	141.34685	584.3528	89.633514	1000.0	1000.0	2005000	97.51586	14.513144	182.80733	-44.28038	-98.19015	3.258789	17304.936039686203
402	111.27659	55.679142	178.52019	29.462444	194.92487	462.53198	586.9752	-761.6312	1000.0	1000.0	2010000	97.59357	14.386163	180.93478	-62.03323	-98.31449	3.0826724	17349.921901226044
403	97.17747	183.89066	255.5491	-250.56888	342.0567	261.31686	686.49677	-273.22568	1000.0	1000.0	2015000	98.0179	14.501595	181.4665	-18.92472	-98.72694	3.086367	17394.58145093918
404	164.53717	46.410034	246.78516	104.55183	402.56683	128.34991	562.02673	208.19379	1000.0	1000.0	2020000	98.33054	14.451664	182.86366	-32.2492	-99.049965	3.2293773	17439.69043302536
405	87.6776	165.80583	254.37462	-200.42393	203.34264	655.677	792.0984	-1656.4181	1000.0	1000.0	2025000	98.13853	14.562354	185.55692	-65.55183	-98.836914	3.1220798	17483.950434446335
406	121.02852	89.80583	218.6213	-2.6865084	226.50394	325.66925	743.0631	-302.84796	1000.0	1000.0	2030000	97.87505	14.508538	187.34517	-20.646685	-98.571144	3.1179354	17528.62138557434
407	-8.076904	306.3985	193.087	-615.8884	-123.56128	598.94336	419.912	-1365.2147	1000.0	1000.0	2035000	97.545746	14.095859	178.87161	-41.18813	-98.23429	3.0985239	17573.041578054428
408	157.75749	68.2216	239.54433	80.2503	481.5748	236.77849	726.81665	125.96264	1000.0	1000.0	2040000	97.17678	14.011053	179.10063	-24.641659	-97.87318	3.0299845	17617.598042726517
409	39.820953	187.2464	248.06783	-230.91681	195.6272	298.83832	641.76685	-469.66107	838.0	1000.0	2045000	97.22917	14.470846	178.42276	-42.11505	-97.93171	3.111304	17662.010372400284
410	73.97123	135.84706	267.9565	-104.513985	250.5975	564.747	827.2599	-928.5762	1000.0	1000.0	2050000	96.6477	14.627021	182.86282	-33.990677	-97.32057	3.146707	17706.120581150055
411	-50.51374	205.16945	115.01393	-430.16217	134.13551	341.11136	464.36603	-611.3747	1000.0	1000.0	2055000	95.86288	14.229623	180.30058	-20.183765	-96.54449	3.137212	17750.83167409897
412	130.17679	142.1969	318.2654	-80.854164	489.09918	196.7144	749.5902	-6.8519144	1000.0	901.0	2060000	95.90461	13.609746	174.7499	-35.33034	-96.6173	3.1274433	17795.091996908188
413	142.82959	133.0677	265.99695	-111.368355	505.0958	114.04656	741.1972	346.27512	862.0	1000.0	2065000	96.37137	13.553446	179.67738	-38.92813	-97.096115	3.253231	17841.36476802826
414	140.45036	59.34684	255.91095	93.675026	480.4807	127.65372	758.1492	286.30017	1000.0	1000.0	2070000	96.7458	13.365677	179.21243	-38.91026	-97.465034	3.2124689	17885.945959568024
415	84.298325	135.28322	244.18585	-84.43179	356.07416	258.36096	804.24036	1.5722512	1000.0	866.6	2075000	97.232376	13.30826	180.28352	-69.9885	-97.964516	3.1931343	17929.87239217758
416	193.1802	95.59924	280.5174	16.309282	538.962	85.29601	700.872	365.6247	1000.0	1000.0	2080000	97.35123	13.187973	178.07124	-19.484318	-98.062706	3.0212753	17974.162004232407
417	205.49959	43.659107	242.38083	131.75827	-95.73582	407.31393	258.83096	-945.8733	1000.0	1000.0	2085000	97.27174	13.20823	180.34976	-58.021538	-97.99238	3.1264253	18018.76068353653
418	70.33547	55.31516	144.86807	9.405692	303.9547	93.65259	440.46066	149.56009	838.1667	925.4	2090000	97.34918	13.256198	176.0949	-37.86905	-98.07649	3.0590005	18063.005646944046
419	121.01499	69.54278	183.69931	-4.3671184	253.41765	137.1337	437.32996	60.772175	1000.0	1000.0	2095000	97.6726	13.478558	179.16565	-81.911476	-98.4039	3.3445418	18107.56212759018
420	9.742148	132.56644	118.98479	-270.7388	443.10913	217.13715	688.3224	166.9335	857.8333	1000.0	2100000	97.57607	12.925947	176.75854	-33.686012	-98.30969	3.1266084	18153.349341869354
421	257.02206	36.895447	298.35312	194.57379	261.6289	195.52739	497.6364	-68.07984	1000.0	930.9	2105000	97.70492	12.548066	175.858	-100.43227	-98.43427	2.9969494	18197.861465215683
422	-12.470326	181.83868	183.352	-317.4007	220.42488	77.435616	380.41907	120.26827	1000.0	1000.0	2110000	97.7244	12.21343	172.60101	-51.40573	-98.43615	2.9876707	18243.12948846817
423	71.88346	106.41007	187.7831	-95.43087	221.66753	509.74942	539.292	-1277.6	1000.0	1000.0	2115000	97.0403	12.230304	176.04854	-44.817432	-97.72745	2.7676606	18288.057842969894
424	55.893616	106.77919	202.9994	-100.67562	367.51187	198.36546	621.5887	-7.2161164	826.6	906.2	2120000	96.369804	11.905925	171.42136	-50.345207	-97.05795	2.916197	18329.080462932587
425	236.02596	86.14462	353.24393	135.09074	440.80298	105.115814	563.8237	301.23587	1000.0	1000.0	2125000	95.787766	11.973103	170.09012	-103.17392	-96.48786	2.960909	18374.77731537819
426	18.277533	103.47071	175.76747	-131.49652	297.4375	66.35004	394.79858	185.27997	1000.0	1000.0	2130000	95.73793	12.095849	168.6159	-49.33098	-96.468704	2.9537413	18420.648310422897
427	46.348072	133.87479	261.92062	-112.40405	-150.52997	620.2336	526.96094	-1502.4191	1000.0	1000.0	2135000	96.12256	12.27738	170.8058	-41.050957	-96.83603	3.0702984	18466.931042671204
428	68.445755	130.53462	160.78755	-189.52069	234.4625	658.7989	816.358	-1087.6006	1000.0	1000.0	2140000	95.79117	12.123026	172.22049	-90.13893	-96.49459	2.9851294	18512.23246240616
429	182.40842	105.75534	336.56073	23.182531	414.2835	202.39217	704.5213	-35.691906	1000.0	1000.0	2145000	95.288	11.650973	167.15405	-31.28653	-96.00114	2.8530347	18558.02157354355
430	167.95328	158.16582	375.33475	-35.1752	184.56197	269.69086	796.82886	-173.44284	1000.0	1000.0	2150000	95.26084	11.914744	168.43053	-78.34153	-95.97247	3.0110328	18604.738517045975
431	-90.85598	386.89502	265.88718	-821.36346	211.52829	563.39813	894.30176	-957.2398	1000.0	915.3	2155000	95.07215	11.893815	166.21156	-61.633587	-95.7824	2.8610013	18649.596841096878
432	118.847275	138.31966	264.0631	-82.73737	294.94485	413.06192	657.61395	-658.1191	1000.0	907.7	2160000	94.89686	12.473428	167.19603	-54.303337	-95.61349	2.8316875	18693.973243951797
433	147.897	143.34775	374.2509	-3.0052748	-22.849194	614.5425	443.75336	-1318.2229	1000.0	1000.0	2165000	94.617165	12.661341	171.00174	-54.78579	-95.33122	2.8618505	18739.766822099686
434	51.692036	80.48951	192.62917	-58.37907	-38.522633	436.36264	308.59674	-904.30695	1000.0	1000.0	2170000	95.1068	13.1318245	172.46445	-46.371605	-95.861275	3.0735853	18785.86952805519
435	39.384533	237.75734	246.94443	-416.4616	1.6843281	323.57605	281.65192	-896.8649	1000.0	909.2	2175000	95.4419	13.623668	175.62364	-13.820284	-96.18014	3.0971406	18830.71600008011
436	177.07489	274.77567	491.9182	-285.40265	469.15723	343.76358	825.29486	-163.39944	1000.0	1000.0	2180000	95.5136	13.67206	169.03574	-48.546005	-96.24409	2.9147348	18875.926448345184
437	254.0387	127.086174	416.79074	86.04759	459.62494	374.01038	768.39453	-582.6574	1000.0	1000.0	2185000	95.48584	13.499324	174.52086	-32.88173	-96.2187	2.9363317	18921.493135213852
438	111.0615	119.730804	202.02141	-119.54269	81.76256	292.06143	349.34763	-759.32666	1000.0	1000.0	2190000	95.379654	13.617551	172.7054	-41.00902	-96.11277	2.870792	18968.199268102646
439	-44.30125	246.54822	268.20975	-476.9017	166.21567	467.3664	766.7592	-658.5698	1000.0	1000.0	2195000	95.37448	13.457446	172.89622	-52.096954	-96.11034	2.8206942	19013.922362327576
440	111.564186	133.27191	386.1667	-16.695776	199.35698	221.6259	442.3017	-330.56323	878.3333	1000.0	2200000	95.51105	13.517369	173.03798	-34.26221	-96.25986	2.8801112	19061.3205370903
441	5.638736	215.91719	179.78014	-416.67804	287.6446	119.84557	398.35983	-0.79276097	1000.0	907.0	2205000	95.16566	13.619126	174.0663	-52.038544	-95.88043	2.8808603	19106.039989233017
442	182.08508	113.265625	334.59225	3.6337445	234.6639	66.18044	366.32748	118.03893	1000.0	1000.0	2210000	94.86329	13.557815	173.13875	-28.946045	-95.59959	2.9412706	19151.882908582687
443	74.76552	189.00902	362.50055	-181.95491	611.3761	86.18977	768.6654	433.10165	1000.0	1000.0	2215000	94.656136	13.502404	177.66086	-13.09383	-95.38127	2.8883305	19198.067711353302
444	73.88138	104.96443	272.2364	-11.927756	102.21549	138.91202	364.55072	-188.7575	1000.0	1000.0	2220000	94.04374	13.70625	173.1389	-84.58748	-94.74686	2.904584	19244.4588098526
445	199.46158	137.05838	405.32605	48.424786	198.4296	272.3617	422.5509	-582.86957	1000.0	1000.0	2225000	93.5794	13.633774	172.21846	-40.20656	-94.313736	2.9255824	19290.50679421425
446	134.9252	68.1519	220.92308	35.42591	356.78827	460.78964	691.1018	-980.03735	1000.0	1000.0	2230000	93.66866	13.600825	170.30995	-37.953735	-94.409485	2.8443184	19336.568763256073
447	223.13603	152.09166	490.84128	-16.21444	483.53375	303.2542	676.43567	-360.9658	854.0	1000.0	2235000	93.638664	13.641601	173.91098	-184.65936	-94.385414	3.016558	19384.117195129395
448	219.81445	154.43819	347.2695	-79.15739	247.61026	471.43036	514.01855	-1152.3076	1000.0	1000.0	2240000	93.96087	13.934609	174.46274	-51.25423	-94.7068	3.0070634	19429.463780879974
449	218.24597	42.37171	272.11127	161.93788	271.71887	122.91619	423.93918	25.823236	1000.0	1000.0	2245000	94.06987	13.238909	170.4458	-86.68706	-94.80704	2.9721437	19476.013826847076
450	284.1604	56.712193	351.10364	214.55072	328.83392	568.8427	762.9091	-1299.551	1000.0	1000.0	2250000	94.017265	12.890031	166.4089	-37.48864	-94.75603	2.8378274	19522.541915655136
451	126.6615	161.6814	364.92096	-116.10654	302.26996	468.58807	744.0345	-496.9098	1000.0	933.7	2255000	94.10979	12.957115	173.53561	-73.56286	-94.86043	3.0228114	19567.576981067657
452	106.17057	113.99907	303.49146	-1.6131132	186.72316	766.8379	854.362	-1422.3088	848.0	1000.0	2260000	93.72875	13.059501	172.29266	-83.23505	-94.43966	2.962734	19614.08464884758
453	305.92972	124.57729	482.91907	94.25986	170.91238	648.8996	559.6781	-1739.1876	1000.0	1000.0	2265000	93.1205	13.142136	170.42395	-55.605675	-93.84614	2.9205906	19660.618886947632
454	166.59161	140.218	336.91116	-81.76477	609.321	200.37712	886.8368	280.57224	1000.0	1000.0	2270000	93.10266	12.468965	173.9662	-57.2496	-93.84865	2.9881773	19707.645572423935
455	401.32437	47.87318	455.656	339.2952	445.8985	506.32318	812.62555	-605.7689	1000.0	1000.0	2275000	92.927155	12.266534	173.5251	-95.247795	-93.6436	2.8110328	19754.10159611702
456	263.9798	84.49379	372.32193	140.89905	468.76245	338.92346	778.78723	-436.3961	1000.0	1000.0	2280000	92.734535	11.860898	166.34442	-48.052307	-93.46436	2.907966	19800.451340436935
457	219.19157	273.5415	442.92026	-218.72014	690.5226	164.02757	840.6789	346.8064	1000.0	1000.0	2285000	92.849625	11.881611	179.83543	-72.28881	-93.59065	3.0742633	19847.12543654442
458	249.45508	137.10635	453.57684	86.24047	401.606	255.41147	671.3977	-188.63728	1000.0	915.7	2290000	93.1392	11.739215	171.17177	-69.003654	-93.89859	2.9021814	19892.56471967697
459	223.491	115.85965	421.68567	97.904465	257.91544	515.3312	659.8695	-641.2569	1000.0	1000.0	2295000	93.34492	11.537358	171.50504	-30.371048	-94.07071	2.7093694	19939.142917633057
460	257.50873	78.4343	395.409	170.76984	171.09396	308.13303	386.79382	-663.2952	1000.0	1000.0	2300000	93.310875	11.945981	171.25658	-34.057384	-94.0729	2.7430427	19986.15210556984
461	270.69467	129.83119	404.8325	34.394203	564.0973	84.921616	687.0772	421.37292	1000.0	1000.0	2305000	93.608086	11.663998	171.89285	-77.39964	-94.33576	2.8432412	20033.440837860107
462	144.5695	218.029	420.67325	-223.59384	498.77155	115.02295	719.6299	338.20172	1000.0	1000.0	2310000	93.47163	11.946269	171.54376	-66.30909	-94.22505	3.1081305	20080.03653860092
463	246.80064	113.081184	376.27554	26.806364	552.27435	201.18295	746.22003	55.99216	852.3333	1000.0	2315000	94.00299	11.652069	166.27684	-92.281006	-94.771034	3.002697	20126.656918287277
464	237.34644	160.12921	447.4643	-46.10395	470.4944	91.72303	584.3072	327.61542	1000.0	1000.0	2320000	94.68427	11.584649	164.56514	-109.371895	-95.462814	2.8607047	20172.929195404053
465	181.83476	140.27924	292.5341	-93.99758	363.68423	455.76874	759.5467	-466.99414	1000.0	903.9	2325000	95.33359	11.631753	166.57419	-37.406097	-96.1211	2.9631524	20218.68393921852
466	215.20584	110.748375	387.65707	44.92049	481.75668	152.01425	784.61475	286.06763	1000.0	1000.0	2330000	96.164764	11.620933	172.87552	-55.508488	-96.95097	2.9831996	20266.31641435623
467	186.27217	197.9062	346.9022	-186.32906	416.02008	226.10701	711.8032	-213.58037	1000.0	1000.0	2335000	95.921844	11.313078	172.80855	-36.007996	-96.67279	2.846005	20313.285705327988
468	238.54301	57.929554	326.14392	149.96393	377.76898	417.28412	725.19775	-744.7013	1000.0	908.4	2340000	95.57131	11.157794	168.90973	-59.452377	-96.3199	2.8751426	20359.55635857582
469	271.25934	112.73944	409.69247	120.36287	372.4361	323.14682	812.3851	-275.9355	1000.0	1000.0	2345000	95.01017	11.128077	164.49419	-62.11309	-95.74984	2.7336314	20405.745858192444
470	203.30652	111.906876	341.38712	78.37843	448.91754	321.9971	643.7627	-499.907	1000.0	1000.0	2350000	94.6004	10.971617	162.75288	-74.64229	-95.354065	2.8004005	20452.182490348816
471	176.35646	120.50789	346.59027	8.305722	3.2358825	600.42236	524.2161	-1204.7238	1000.0	908.8	2355000	94.34124	10.819928	161.8181	-63.535454	-95.08192	2.6368728	20497.639252901077
472	141.48013	98.142044	259.12076	39.892857	-1.7765884	572.09607	776.9333	-875.3181	1000.0	1000.0	2360000	93.844864	10.958334	164.02808	-98.72166	-94.58276	2.789736	20545.030460596085
473	35.20832	435.80014	316.89948	-832.04364	314.64926	323.2792	776.80554	-191.95018	1000.0	911.5	2365000	93.5328	11.4078	170.43845	-90.488914	-94.28009	2.8453739	20592.32815361023
474	338.12	114.692375	462.6041	192.50052	472.5341	255.58115	857.8987	35.817116	1000.0	915.8	2370000	93.38734	11.814027	169.58702	-60.957054	-94.123085	2.9848328	20638.9774889946
475	301.21796	132.28561	526.8085	147.01898	353.24872	511.0953	857.2657	-1027.3983	1000.0	906.3	2375000	92.88627	11.747752	168.26189	-45.18196	-93.61763	2.9816868	20685.098611593246
476	283.12375	125.97232	471.07474	79.57827	700.8632	117.84378	824.0881	474.30325	1000.0	1000.0	2380000	92.19843	11.860082	163.90578	-49.919975	-92.91299	2.8976848	20731.80547451973
477	219.09799	184.99141	387.02664	-121.2472	6.788867	532.49976	731.2212	-981.53625	1000.0	1000.0	2385000	91.50038	11.8634815	165.23022	-49.86949	-92.212074	2.8276727	20778.518647670746
478	133.01569	73.681946	271.24817	55.372578	-29.029459	720.523	430.3155	-1476.552	1000.0	1000.0	2390000	90.843285	12.079207	164.3309	-43.57357	-91.55481	2.8995385	20825.395966768265
479	206.44055	63.46085	299.85425	123.36863	218.85298	568.2476	701.9051	-1114.9191	1000.0	1000.0	2395000	90.211136	12.088523	165.5458	-17.989288	-90.90529	2.8538451	20872.767108678818
480	-137.04489	403.44174	489.13623	-774.5804	-228.42685	549.50433	152.36855	-1340.9442	1000.0	1000.0	2400000	89.6201	12.426109	166.07031	-39.17888	-90.33397	2.9748755	20921.661177396774
481	-63.6042	123.21912	97.264114	-210.72179	82.09571	387.99744	458.88077	-706.5634	1000.0	1000.0	2405000	88.70336	12.492791	164.28374	-42.67485	-89.36835	2.9984047	20969.242838144302
482	95.488174	171.32957	393.9019	-83.43178	322.6122	123.37728	587.52094	162.80167	1000.0	1000.0	2410000	87.935165	12.01516	160.48558	-27.69043	-88.63726	2.8627203	21016.800664424896
483	291.34576	106.16928	448.2989	139.41565	260.4432	103.74073	462.9772	163.40862	1000.0	1000.0	2415000	87.629425	12.026886	162.17136	-19.185944	-88.333725	2.8134263	21063.831419706345
484	299.73126	203.55684	548.30457	-40.687035	218.68698	410.64316	631.8417	-824.34406	1000.0	1000.0	2420000	87.38453	12.069313	161.71341	-15.770499	-88.087456	2.887167	21110.14399409294
485	293.90475	73.30086	371.13504	173.54172	174.31342	76.86546	292.40915	62.03694	1000.0	1000.0	2425000	87.25054	12.179387	159.12573	-17.916792	-87.96315	2.7074676	21158.31996035576
486	121.21504	189.71996	365.20975	-188.55486	235.67094	74.30371	330.61865	45.450165	1000.0	904.0	2430000	87.58392	12.348774	162.06544	-105.849945	-88.31538	2.8112977	21204.110121250153
487	180.24937	155.50467	469.83707	23.29223	525.54333	152.66322	781.0168	178.92107	1000.0	1000.0	2435000	87.859955	12.334424	161.40414	-101.69963	-88.59405	2.8837059	21252.24716949463
488	155.02573	172.70975	447.6081	-49.49199	322.76978	252.28	502.34842	-417.01834	848.0	1000.0	2440000	88.228745	12.29801	160.19286	-48.595997	-88.9652	2.7423406	21300.042667388916
489	225.17412	89.363304	348.70187	89.57928	633.45306	122.35865	866.6423	465.52942	1000.0	1000.0	2445000	88.29647	12.058322	162.14075	-60.973076	-89.02193	2.9900558	21347.016496658325
490	268.88446	131.79085	494.26218	151.99806	637.9434	123.80466	820.3677	419.95966	1000.0	1000.0	2450000	88.34368	12.046855	165.97884	-69.676414	-89.07449	3.0181882	21393.139662504196
491	175.73923	171.80342	432.7202	-109.00326	555.27246	157.68596	857.4506	328.55225	1000.0	1000.0	2455000	88.141106	11.97461	163.12129	-61.601433	-88.86481	2.8161542	21440.300021648407
492	235.07217	122.118515	448.2399	71.588715	500.07965	207.84537	775.1052	108.771416	1000.0	1000.0	2460000	88.23251	11.62323	160.0601	-61.36408	-88.97061	2.7162938	21487.074211120605
493	146.78984	32.15249	174.76721	101.22189	351.6433	161.53146	471.51675	-120.672066	1000.0	1000.0	2465000	87.99329	11.722988	158.91356	-109.29489	-88.68782	2.7570748	21532.368396759033
494	131.79344	101.594604	276.4093	-10.44132	287.86237	131.23286	495.3218	92.88767	857.8333	1000.0	2470000	87.016785	11.8475685	157.60767	-44.71238	-87.708984	2.739368	21581.91814136505
495	73.65904	110.01435	267.74234	-67.60269	203.35422	97.58873	369.13702	80.36239	1000.0	932.0	2475000	86.613815	12.128497	159.0641	-46.289227	-87.3056	2.759248	21627.086471557617
496	-4.7618117	104.37131	165.33293	-154.34776	149.26746	381.76712	404.1343	-947.1857	1000.0	1000.0	2480000	85.595314	12.283486	157.2201	-116.64385	-86.264084	2.7678826	21673.08340740204
497	56.25249	178.10216	268.3752	-261.86057	70.224495	329.6621	334.87817	-560.6492	1000.0	1000.0	2485000	84.60742	12.514193	158.14165	-69.19708	-85.2875	2.8785508	21718.261269569397
498	145.93478	169.16876	419.85938	-64.15416	322.41803	212.49278	856.92053	79.10172	1000.0	1000.0	2490000	84.303375	12.503401	156.18126	-55.424316	-84.99585	2.949475	21762.00174832344
499	236.06874	148.93965	418.64093	9.05342	428.15912	74.33407	551.9366	289.70486	841.1667	1000.0	2495000	84.25785	12.06461	155.77562	-4.7851706	-84.96413	2.798048	21808.617120027542
