Epoch	AverageEpRet	StdEpRet	MaxEpRet	MinEpRet	AverageTestEpRet	StdTestEpRet	MaxTestEpRet	MinTestEpRet	EpLen	TestEpLen	TotalEnvInteracts	AverageQVals	StdQVals	MaxQVals	MinQVals	LossPi	LossQ	Time
1	-595.1454	60.94607	-486.1034	-649.31116	-1954.2106	83.53299	-1845.1158	-2170.5178	1000.0	1000.0	5000	11.893653	10.441484	65.595566	-8.405287	-14.017522	1.4929672	38.24166202545166
2	-614.01416	22.277834	-595.6664	-648.5262	-1444.7089	904.2398	-27.741987	-2120.2837	1000.0	713.2	10000	60.951393	16.986305	130.08534	18.160807	-64.47032	5.401547	66.37010478973389
3	-1496.0481	496.12924	-741.12646	-2070.1514	-131.54788	62.19747	-33.899887	-271.14355	1000.0	1000.0	15000	92.64588	5.181794	135.53712	73.1618	-94.6171	5.9382668	99.79221940040588
4	-289.99054	238.7544	-88.26896	-743.9555	315.9107	188.03021	499.55313	-176.13503	1000.0	1000.0	20000	88.73046	5.2730966	125.54766	68.84514	-90.17846	3.2447417	133.60764813423157
5	-1.1001685	29.773449	25.933674	-57.318623	312.6317	225.44241	554.36975	-40.427895	1000.0	1000.0	25000	84.02831	4.376551	114.90899	60.17694	-85.387726	2.3779788	167.40139293670654
6	-54.170776	186.0279	167.01392	-325.01212	505.83954	51.783543	584.95306	409.93716	1000.0	1000.0	30000	81.862526	4.5662804	117.49543	53.446827	-83.13411	2.33331	200.66300249099731
7	41.3851	105.826645	162.55472	-119.39622	436.91266	204.48802	603.94666	126.786125	1000.0	1000.0	35000	80.44443	5.119329	122.75642	36.627403	-81.67741	2.663311	234.43653440475464
8	37.612164	31.21984	68.06897	-8.201441	290.24042	65.71575	450.16925	182.24577	815.4	1000.0	40000	80.13954	5.879719	140.43489	34.592514	-81.34827	3.009253	265.97014570236206
9	-58.211864	150.67467	124.45457	-330.8557	181.42229	229.04662	428.90833	-256.55325	1000.0	1000.0	45000	80.65026	7.07157	137.3255	33.490242	-81.86576	3.4408774	301.22934222221375
10	12.710307	62.16955	128.99483	-40.33152	-86.76536	631.6957	400.7514	-1308.5568	1000.0	1000.0	50000	81.787476	8.576131	143.14398	36.872353	-83.013824	3.2109354	337.7922365665436
11	-114.19663	127.31341	5.6486983	-359.2809	261.3144	387.1372	493.83905	-633.59894	1000.0	1000.0	55000	83.28857	10.729496	155.94853	35.026245	-84.529045	3.4314618	373.8519194126129
12	-31.75286	103.12181	132.09988	-171.77295	-160.4291	176.86488	101.92675	-436.5589	1000.0	960.4	60000	85.45781	13.796602	162.26987	20.117453	-86.73394	3.4149337	410.2548987865448
13	-53.290813	67.70107	57.573273	-115.02406	-156.5719	440.52798	304.91003	-952.44196	1000.0	917.3	65000	86.70719	15.719356	167.54076	-3.58596	-87.92637	3.2740805	448.2103364467621
14	-98.444595	72.94514	19.475933	-181.72821	11.50415	461.26944	446.61078	-926.27625	1000.0	1000.0	70000	87.456955	17.310581	172.98604	5.5881743	-88.668015	3.2528443	487.05159044265747
15	-101.199745	140.4777	59.47006	-326.00043	25.771154	596.20306	431.00595	-1690.1814	1000.0	1000.0	75000	87.92654	17.887634	178.82527	-16.273035	-89.11268	3.4237509	527.0915470123291
16	-163.63058	98.612076	4.424444	-314.51117	-20.125761	665.416	364.15027	-1970.7201	857.1667	1000.0	80000	87.748665	18.413574	204.11879	-21.91585	-88.93145	4.066114	568.3732311725616
17	-478.49567	404.4117	-211.05373	-1281.5098	-23.050034	136.20477	200.8596	-273.58832	1000.0	1000.0	85000	88.61364	19.43873	215.05278	-6.254399	-89.83341	5.1781373	609.1487963199615
18	-196.92273	96.082726	-39.82957	-339.78302	-17.66336	321.14328	312.39502	-821.6633	840.6667	711.1	90000	89.438255	20.336306	219.1209	-7.203308	-90.67421	5.2853975	645.8119006156921
19	-237.9046	149.2734	-66.33516	-510.70123	-514.6986	519.9406	137.00209	-1616.7904	842.8333	1000.0	95000	89.9838	21.601429	227.0749	43.401684	-91.22449	5.5283704	687.4657220840454
20	-405.53125	89.10816	-298.0668	-556.12634	-578.5087	254.88005	-242.85211	-1054.7295	1000.0	1000.0	100000	90.30333	24.11803	232.13297	-2.4821472	-91.56397	5.884389	728.1405291557312
21	-540.9581	79.35868	-462.0004	-649.6311	-837.70105	435.71353	-224.11853	-1698.2219	1000.0	1000.0	105000	90.06714	28.008995	257.0562	-14.294367	-91.332756	6.9829154	770.665605545044
22	-809.49554	336.37527	-517.87067	-1444.9701	-610.15955	357.5822	-15.462662	-1225.0198	1000.0	729.3	110000	90.358864	32.34958	282.80222	-2.404471	-91.65905	8.791491	808.7816698551178
23	-769.5778	158.60022	-489.58255	-939.30084	-904.06335	152.46475	-531.3907	-1076.5371	871.1667	1000.0	115000	91.08713	36.806828	289.82123	-19.701826	-92.502594	10.63488	851.5135967731476
24	-1059.9775	131.56598	-859.74677	-1241.9012	-1430.3337	172.84552	-1191.5098	-1702.3733	1000.0	1000.0	120000	91.76099	39.11559	282.53012	-18.602634	-93.16471	11.241378	893.3508148193359
25	-1144.9634	104.433945	-1053.0322	-1319.1023	-1061.7196	421.7367	-614.16534	-2051.9326	1000.0	1000.0	125000	91.30926	42.51596	279.08582	1.1040393	-92.68752	11.564077	935.6118111610413
26	-913.0903	364.77438	-162.99602	-1250.4227	-1090.6583	225.8704	-618.76917	-1293.0237	851.0	1000.0	130000	89.5305	44.018806	310.75885	-21.888174	-90.92105	12.233449	977.2659044265747
27	-1051.9519	220.49545	-774.2462	-1306.2622	-1664.4851	939.93475	-394.7295	-2848.6523	1000.0	1000.0	135000	87.843445	44.495277	302.72815	-10.5060625	-89.23082	13.686469	1018.7844438552856
28	-997.15234	148.25092	-796.6407	-1197.5927	-1282.0543	394.96542	-180.89348	-1750.4272	1000.0	912.0	140000	85.60002	44.755566	293.84177	-52.63565	-86.98451	13.125097	1059.9001405239105
29	-896.2887	149.22269	-712.73773	-1127.9587	-1628.2968	787.87604	-470.96225	-2482.442	1000.0	1000.0	145000	84.08562	44.767277	305.5417	-31.291203	-85.48723	13.15322	1101.6120853424072
30	-1006.74036	196.3022	-787.31433	-1347.7252	-1341.8444	570.70654	-240.95296	-1968.9172	1000.0	919.0	150000	82.045555	45.699566	325.88782	-34.977486	-83.40364	14.338464	1142.546245098114
31	-1022.90875	361.0124	-301.98584	-1411.359	-1554.0872	383.08957	-900.3303	-2120.0564	851.5	1000.0	155000	80.20205	47.382156	327.0363	-31.04808	-81.5734	15.045745	1184.2651057243347
32	-1290.9844	83.35238	-1196.0214	-1433.3248	-1249.4647	584.9247	-523.22217	-2522.208	1000.0	1000.0	160000	77.10725	47.0299	319.3768	-25.643751	-78.450096	15.261453	1226.5176515579224
33	-954.7938	147.3196	-778.2713	-1147.6036	-1153.7391	273.87512	-646.47064	-1724.253	1000.0	1000.0	165000	73.74176	45.078243	308.53867	-76.96053	-75.018814	13.934115	1268.318739414215
34	-1123.4641	82.9752	-1021.2468	-1270.825	-1395.3184	264.59515	-1031.8812	-1825.0956	1000.0	1000.0	170000	70.80522	43.12451	313.93985	-74.02113	-72.13506	14.27089	1309.8772404193878
35	-1278.8141	193.74414	-971.76	-1493.3414	-1036.1865	334.5312	-504.1665	-1885.5065	1000.0	929.5	175000	68.15497	42.11765	312.2945	-18.709452	-69.44305	13.964535	1351.4472832679749
36	-1111.233	210.7103	-779.1885	-1363.6346	-1345.8792	294.29846	-957.4742	-1864.8918	1000.0	1000.0	180000	64.82101	40.609528	339.66537	-38.442852	-66.05305	13.516094	1394.2540936470032
37	-1178.3734	184.73515	-1018.8186	-1439.8605	-1374.4862	457.6662	-818.6284	-2143.7974	1000.0	1000.0	185000	61.842884	37.48463	320.48517	-92.09581	-63.0944	11.605197	1436.9183402061462
38	-1077.5659	130.538	-901.84094	-1264.4584	-1302.2073	132.033	-1062.8353	-1528.2549	1000.0	1000.0	190000	59.200413	34.274937	292.98978	-86.51733	-60.417625	10.142446	1479.052389383316
39	-1159.2014	184.38655	-931.68225	-1457.7375	-1993.3734	219.47287	-1712.4585	-2387.8804	1000.0	1000.0	195000	56.64753	29.535572	280.91162	-73.87577	-57.838696	8.632565	1520.9983112812042
40	-1154.8467	64.341736	-1042.822	-1225.6038	-1527.7728	447.26257	-745.3659	-2205.1892	1000.0	1000.0	200000	54.06845	25.597246	245.19841	-76.393265	-55.255856	7.587788	1562.6910889148712
41	-865.64496	373.17072	-60.479942	-1236.8212	-1420.1321	443.1155	-649.307	-2432.0737	837.0	1000.0	205000	51.56357	22.625828	244.25179	-32.997932	-52.717754	6.652256	1604.6578013896942
42	-726.7043	315.68015	-32.0959	-931.34784	-1135.3629	572.664	-601.57947	-2114.4216	838.1667	1000.0	210000	50.20462	18.627766	214.76564	-38.48152	-51.43066	5.51181	1647.3203978538513
43	-857.6865	146.66112	-637.2187	-1082.5242	-1086.4357	225.31544	-766.897	-1502.0717	1000.0	1000.0	215000	50.80654	14.798033	161.3736	-37.150017	-52.12262	5.1291723	1690.022183895111
44	-664.1959	93.80525	-483.07382	-753.1279	-861.078	379.8011	-226.03351	-1289.2666	1000.0	1000.0	220000	54.303352	11.665879	179.56436	-52.964073	-55.752163	4.1075463	1732.0991723537445
45	-552.26184	41.449596	-488.15842	-614.12274	-1200.1946	367.62857	-455.977	-1794.2562	1000.0	1000.0	225000	59.16588	9.025202	150.85698	-35.412067	-60.6575	3.56945	1774.2030708789825
46	-873.0034	278.1681	-627.17786	-1348.1641	-995.6686	115.80657	-675.0473	-1111.116	1000.0	1000.0	230000	63.818245	7.2696557	146.54028	-36.839962	-65.32394	3.1937046	1816.0589299201965
47	-634.755	220.3716	-348.44214	-982.2483	-1040.5248	288.26453	-389.15274	-1360.4896	1000.0	1000.0	235000	67.24283	6.3468556	139.49673	-36.847767	-68.757164	3.0486493	1858.0447504520416
48	-309.2808	219.39822	23.462801	-672.481	-159.23671	42.450413	-81.60699	-229.92204	845.3333	1000.0	240000	71.66748	6.103606	160.20499	-36.094994	-73.276566	3.2246006	1900.9513506889343
49	-236.03084	89.72114	-87.92164	-344.5013	-683.8056	480.20993	-35.49223	-1503.9135	1000.0	1000.0	245000	76.74979	6.2949553	134.37091	-40.581814	-78.41471	3.255686	1943.3431651592255
50	-229.85217	143.3332	-76.52142	-470.05597	-396.97504	465.2101	222.36093	-1362.7898	1000.0	1000.0	250000	81.48968	6.594117	143.62277	-59.730263	-83.16583	3.3107343	1985.6613779067993
51	-159.8973	141.9672	17.877506	-345.8648	-533.13904	215.2232	-291.62582	-989.4365	849.2	1000.0	255000	85.77497	6.773616	158.37164	-17.11508	-87.48184	3.3455904	2026.1752860546112
52	-506.20905	186.87126	-273.77914	-757.2468	-438.46387	349.833	-73.295815	-1124.4171	1000.0	1000.0	260000	88.904884	6.959849	157.73094	-87.41353	-90.55246	3.4408023	2069.1543383598328
53	-341.43445	173.07637	-14.778314	-598.73517	-313.5564	317.84998	-3.265867	-1213.4585	841.1667	901.5	265000	90.622345	7.2710423	196.1537	-6.7309494	-92.23591	3.670359	2110.5976433753967
54	-301.6615	177.80103	-23.939714	-529.2974	-11.292997	321.69287	357.93924	-824.9565	837.0	722.3	270000	90.54936	7.2861395	188.97528	-34.316566	-92.088974	3.5505626	2148.024011850357
55	-338.1704	127.92584	-125.63534	-470.09848	-617.6666	445.87268	-112.537056	-1497.328	1000.0	1000.0	275000	90.44316	7.285421	164.5043	-53.59992	-92.03881	3.008915	2188.971524000168
56	-401.86536	182.98383	-91.73001	-651.96106	-712.8712	202.77327	-566.47736	-1064.1843	878.8333	1000.0	280000	91.30227	7.0256867	141.3036	-19.118341	-92.88427	3.0270307	2230.367249250412
57	-361.65814	208.19315	-97.18904	-647.40356	-139.1398	503.38727	455.4949	-947.62463	1000.0	1000.0	285000	91.10969	6.6878467	142.9679	-47.408333	-92.64887	2.8817434	2271.0509815216064
58	-171.33157	148.81831	58.617912	-400.3585	43.842724	726.0684	529.964	-1983.8494	1000.0	1000.0	290000	90.92165	6.917562	141.13051	-36.91192	-92.46389	2.9913692	2312.314829826355
59	-291.55853	64.44143	-182.94643	-380.62198	-265.18088	319.0575	48.869305	-747.58594	1000.0	902.0	295000	90.51837	6.623912	143.1077	-39.19928	-92.00165	3.1210673	2352.517930984497
60	-222.4437	212.4831	25.616282	-513.21277	-897.57666	217.56804	-391.22357	-1241.6134	1000.0	1000.0	300000	88.7474	6.1478205	152.7717	-60.858883	-90.18205	2.8870232	2393.205044031143
61	-266.4148	130.79834	-99.8996	-407.09335	28.960155	426.52374	307.80307	-955.60693	1000.0	1000.0	305000	87.236855	6.0054607	150.39684	-39.750053	-88.66999	2.9083893	2434.3794026374817
62	-194.82817	170.50665	22.054989	-419.35245	210.61172	229.99611	582.42676	-107.6183	1000.0	803.4	310000	86.761894	6.1405196	149.64345	-25.535381	-88.23571	2.8017535	2472.7912123203278
63	-172.18192	102.29138	-51.40367	-344.97733	-424.49316	504.94565	548.64966	-1116.8303	1000.0	1000.0	315000	87.01449	6.1519947	152.30782	-41.0904	-88.48944	2.7872353	2514.198827266693
64	-42.890648	94.118996	96.709564	-159.74823	-214.54851	218.52977	213.25116	-510.43326	1000.0	1000.0	320000	87.90172	6.3109593	143.85585	-19.845116	-89.43671	2.6025734	2555.4180402755737
65	-133.63538	178.55415	206.87076	-294.37286	254.46109	479.39514	683.7256	-715.0882	1000.0	919.4	325000	89.976425	6.1645317	144.743	-77.95761	-91.52941	2.491829	2595.3622059822083
66	9.712976	112.52499	143.37245	-187.02899	-63.743523	462.81702	825.06067	-660.84937	1000.0	1000.0	330000	91.96623	6.1883383	147.53125	-47.594437	-93.55013	2.6797178	2636.9371659755707
67	-91.526726	84.74556	15.915286	-234.75536	528.5951	136.25319	676.4707	164.89699	843.0	1000.0	335000	94.64093	6.648866	157.49495	-35.626	-96.27445	2.5539672	2678.5212240219116
68	65.662346	80.35737	157.8438	-74.585144	152.81723	402.61508	496.9473	-632.55646	1000.0	1000.0	340000	98.59809	7.001718	161.51045	-108.32061	-100.27679	2.6595254	2719.8426175117493
69	-14.215521	182.16748	217.24431	-210.94589	-310.38458	368.08817	256.91327	-920.46027	1000.0	1000.0	345000	101.25919	7.4168863	159.30133	-146.33537	-102.90962	2.6723692	2761.2647280693054
70	3.6032505	141.51566	218.64291	-238.74696	-356.21765	561.4242	409.58722	-919.516	845.6667	1000.0	350000	102.97386	7.638007	153.91402	-62.32196	-104.58248	2.6524012	2802.7413413524628
71	-104.99463	118.257935	126.40027	-188.54504	260.6197	224.8638	513.43695	-182.04286	1000.0	1000.0	355000	103.30687	7.5392647	162.69403	-68.00841	-104.88937	2.658925	2844.669684410095
72	-60.008698	144.75365	109.49526	-252.05655	-443.04526	588.99634	491.00302	-1054.0853	1000.0	932.3	360000	103.70589	7.670778	157.25682	-36.890686	-105.2932	2.490271	2884.974190711975
73	-42.411537	144.69426	165.26236	-244.65192	185.33162	493.3244	566.49896	-970.38513	1000.0	901.9	365000	103.98565	7.8324986	149.19455	-44.62715	-105.55326	2.579775	2926.037659883499
74	-63.945934	125.301575	180.55191	-150.91612	12.641622	272.57965	382.17722	-442.02847	1000.0	901.6	370000	104.09602	7.4446735	161.05072	-44.48147	-105.65545	2.8323495	2967.1329202651978
75	-159.9636	70.43014	-56.691235	-237.85637	-218.30847	297.9921	74.785904	-806.9151	1000.0	705.3	375000	103.402794	6.8720016	154.99638	-28.353601	-104.90257	2.4439363	3004.568925857544
76	-226.83249	120.33929	-76.3397	-417.7105	-49.706726	351.71893	398.58746	-831.5144	1000.0	905.4	380000	102.17086	6.7351084	155.58005	-64.65808	-103.65719	2.414817	3045.016717672348
77	-74.56428	120.1634	65.40069	-300.77444	-115.11143	283.74887	348.02267	-445.4126	856.0	1000.0	385000	100.990364	6.5244613	155.77876	-66.93777	-102.46777	2.2997582	3086.711025953293
78	-143.30667	149.0342	106.00631	-355.84525	-17.570002	326.32663	302.26947	-907.72504	1000.0	1000.0	390000	100.07379	6.4739385	157.80478	-34.552197	-101.53842	2.1340528	3128.906269788742
79	-252.08614	136.50876	-86.793465	-489.04443	-136.58618	121.46144	-11.349919	-401.89395	1000.0	1000.0	395000	98.62656	6.252532	154.45366	-28.121277	-100.04137	2.1254196	3170.9124126434326
80	-147.76022	117.814316	49.674908	-297.49838	-25.110073	275.0413	167.29492	-762.13495	1000.0	1000.0	400000	97.2774	6.041454	143.75229	-37.20191	-98.71892	1.9698625	3212.8441705703735
81	-5.996329	154.76045	185.88103	-220.79373	-283.87213	112.83521	-47.948536	-502.8211	1000.0	1000.0	405000	96.76636	5.8248906	145.30376	-35.864967	-98.1978	1.9431204	3255.5006291866302
82	-234.7607	139.06778	-9.562271	-399.4696	-558.0715	512.32086	92.18523	-1138.6401	1000.0	1000.0	410000	96.65467	5.8852363	153.1515	-35.712795	-98.10918	2.0411901	3297.2923007011414
83	-329.0044	68.30267	-231.74301	-426.00418	-56.73818	148.03123	220.24947	-288.39496	1000.0	1000.0	415000	96.75763	6.223912	154.81421	-54.87137	-98.235374	2.0448182	3339.817056655884
84	-266.51505	178.66286	33.49855	-501.39838	0.019465685	30.78679	47.210224	-74.964615	1000.0	1000.0	420000	97.46748	6.2460766	157.2568	-12.000572	-98.95846	2.0373113	3382.1338863372803
85	-232.1196	84.39835	-125.091606	-352.4676	-249.70161	161.35524	-32.25235	-648.2555	1000.0	1000.0	425000	97.88384	6.544211	156.2486	-20.263334	-99.32424	2.1063256	3424.012147426605
86	-302.25015	93.60419	-186.88258	-411.8966	-255.47432	136.16414	50.71281	-396.78598	1000.0	1000.0	430000	97.293755	6.784217	151.83823	-50.458153	-98.68589	2.1035266	3466.436381816864
87	-212.60388	93.25043	-56.05679	-335.70428	19.09809	253.39557	296.45587	-424.01172	1000.0	1000.0	435000	95.14751	6.9678607	152.28415	-27.164673	-96.47061	2.1679184	3508.640994310379
88	-217.4804	120.65756	-19.458817	-359.8436	-169.03789	296.75034	171.52075	-726.71185	1000.0	1000.0	440000	92.76839	6.8855996	147.09642	-49.219566	-94.084885	2.2094266	3551.090161085129
89	-335.87128	58.09431	-284.7501	-447.6441	-394.47125	213.86975	-122.21177	-783.98175	1000.0	1000.0	445000	90.36398	6.766233	152.07161	-67.423294	-91.64542	2.1426735	3593.7627046108246
90	-235.15509	162.67764	-10.003563	-538.3436	-638.5162	321.24863	-189.59694	-1157.4454	839.3333	1000.0	450000	88.17872	6.7127256	146.9349	-32.27569	-89.4497	2.1233594	3635.8142857551575
91	-419.06015	134.937	-297.83896	-653.8201	-92.379196	247.5999	213.992	-708.36615	1000.0	812.0	455000	85.93151	6.3859835	144.65639	-64.03244	-87.18235	2.0333898	3675.8242530822754
92	-284.86075	84.69973	-190.10963	-413.6347	-161.95012	328.03284	238.54639	-865.8686	1000.0	1000.0	460000	83.98317	5.9922314	138.13582	-44.477592	-85.22775	2.0070078	3718.5858306884766
93	-202.9107	242.74689	114.612686	-615.09534	83.613625	379.94556	462.85556	-996.9348	1000.0	901.5	465000	82.79786	5.683232	135.90578	-53.134686	-84.04503	2.0237246	3759.876081466675
94	-229.32211	200.21	131.76224	-414.22412	-443.30853	277.88928	-10.034885	-1169.3011	1000.0	901.7	470000	81.7819	5.2920856	133.1567	-10.003337	-83.04427	1.9039693	3800.762835741043
95	-273.5901	162.3195	-97.41044	-571.82294	-150.71751	187.04485	34.80674	-678.5555	1000.0	902.9	475000	81.517914	5.062507	132.30676	-43.285004	-82.78064	1.8761297	3842.4020009040833
96	-302.8481	182.26434	-120.5221	-629.9427	-264.1085	302.27264	134.07695	-765.91693	1000.0	1000.0	480000	80.89277	4.94708	131.06912	-32.842937	-82.16776	1.8336666	3886.0660791397095
97	-512.7061	134.58116	-340.49142	-743.2856	-252.26468	249.8304	123.7711	-594.41815	1000.0	1000.0	485000	81.20193	4.8889008	132.63515	-46.308968	-82.5236	1.8534263	3928.4587907791138
98	-265.0307	158.34521	-70.33615	-470.2883	-263.36993	227.60999	97.903366	-630.61127	1000.0	1000.0	490000	83.43415	4.818771	132.12471	-34.037457	-84.87974	1.7934088	3970.947432279587
99	-279.6679	73.79258	-179.13422	-367.01373	-319.07776	216.2605	-67.02535	-594.5644	1000.0	1000.0	495000	87.19945	5.161087	139.10316	-34.174313	-88.67489	1.76593	4013.465989589691
100	-315.2281	69.46841	-233.04462	-414.15475	-409.9724	278.88644	-130.3927	-782.9255	1000.0	1000.0	500000	89.865234	5.4287605	138.96747	-39.026695	-91.30037	1.7928437	4055.9687144756317
101	-262.8381	154.1318	-71.146255	-464.66458	-408.99207	300.09708	-107.745445	-941.4815	1000.0	1000.0	505000	90.96605	5.7163844	143.31937	-25.033678	-92.385994	1.925237	4098.43306684494
102	-187.16159	63.64073	-105.37467	-277.37753	-383.28763	307.912	171.09427	-774.6361	1000.0	1000.0	510000	91.86737	5.745795	174.6815	-45.147198	-93.27369	1.9580629	4141.020182609558
103	-383.51715	179.07787	-217.33148	-689.85785	-206.79768	197.77003	128.26149	-456.02853	1000.0	1000.0	515000	92.50138	5.8634105	176.01419	-63.795086	-93.9205	2.0265098	4184.295022010803
104	-316.16827	107.52788	-199.89487	-507.7877	-416.06314	158.67535	-194.3397	-698.368	1000.0	1000.0	520000	93.44701	5.7362566	162.21399	-39.62168	-94.88919	2.03363	4226.768180608749
105	-386.29364	70.92437	-273.76346	-484.87283	-218.2167	450.47763	262.38556	-820.0022	1000.0	1000.0	525000	93.778885	5.5635734	155.68835	-30.812899	-95.160286	1.908308	4269.443306684494
106	-239.68788	127.631134	-43.802967	-440.53024	-287.91043	207.35631	165.4465	-517.63544	841.3333	1000.0	530000	92.699066	5.545268	165.84691	-34.316605	-94.042145	2.0021238	4311.937785863876
107	-338.94534	142.20964	-28.402605	-448.0507	-248.93936	173.87683	-91.29591	-536.735	844.6667	1000.0	535000	92.97273	5.3044405	159.6589	-50.475418	-94.37955	2.0577514	4355.022873401642
108	-303.89203	96.15029	-198.42065	-427.53564	-256.23694	225.93555	-80.13641	-864.30505	1000.0	1000.0	540000	92.30297	5.2096114	150.44588	-80.370094	-93.60123	2.0842724	4398.001690387726
109	-374.50848	155.0449	-94.79622	-536.0495	-560.53595	108.25373	-379.7397	-655.42194	1000.0	1000.0	545000	90.117645	5.1480722	158.56285	-59.645184	-91.39853	1.9232817	4440.747719526291
110	-536.5149	94.796745	-375.53745	-651.777	-233.64987	77.18762	-69.005295	-307.57465	1000.0	1000.0	550000	87.85883	4.9747267	142.19429	-52.69347	-89.0811	1.7560309	4485.291888713837
111	-509.64395	67.150406	-397.4797	-602.9956	-364.68524	110.510025	-245.5315	-602.90106	1000.0	1000.0	555000	85.48864	4.8887186	137.21736	-67.010414	-86.714424	1.8505309	4530.890721321106
112	-510.9489	24.26651	-477.91052	-541.61194	-128.54243	111.45471	141.63954	-298.82788	1000.0	1000.0	560000	84.00071	4.726238	135.52112	-42.51009	-85.249466	1.7574152	4576.5220239162445
113	-482.15607	51.256844	-411.028	-563.37244	-366.07938	107.944786	-176.67982	-565.4914	1000.0	1000.0	565000	83.30652	4.7246356	135.47289	-37.16488	-84.600464	1.7150276	4624.898438453674
114	-395.43408	94.41941	-235.03722	-527.47833	-249.41512	142.25789	-124.472885	-597.53375	1000.0	1000.0	570000	83.75968	4.803617	148.0701	-14.563578	-85.05548	1.8152336	4675.380409955978
115	-359.9077	88.01472	-243.58777	-475.77057	-257.21014	93.11024	-24.19327	-337.51157	1000.0	1000.0	575000	83.25886	4.8900557	143.53587	-42.225933	-84.4985	1.8748858	4727.336472272873
116	-452.00488	36.8973	-404.843	-507.97318	-655.8313	136.56924	-455.94083	-971.01154	1000.0	1000.0	580000	82.23882	4.9456906	147.29056	-21.160568	-83.46975	1.8634737	4779.490886211395
117	-388.4424	224.50092	-73.2613	-700.31683	-475.9179	470.49573	-107.99994	-1230.6215	1000.0	1000.0	585000	80.70497	5.008796	135.57736	-41.697464	-81.92795	1.7691541	4834.7134437561035
118	-242.83963	196.28796	-14.872054	-606.8348	-314.40836	193.65358	76.12383	-637.5904	1000.0	1000.0	590000	79.87419	4.772288	139.71275	-24.55844	-81.09351	1.7324641	4889.284608364105
119	-362.29938	182.26062	-56.509605	-557.757	29.098843	186.82101	218.01033	-452.51456	1000.0	1000.0	595000	78.84489	4.884847	143.24574	-57.019436	-80.04376	1.8601087	4943.737672805786
120	-391.21802	189.42213	-182.3808	-707.94653	-347.18768	331.6751	267.18802	-862.19763	1000.0	1000.0	600000	77.32754	4.8496957	146.66309	-59.34961	-78.48273	1.7518184	4999.85412979126
121	-250.00058	129.82133	-36.145416	-383.74744	-139.00069	207.99808	67.75074	-664.9457	1000.0	1000.0	605000	75.72882	4.7607822	131.391	-37.00321	-76.90118	1.6790375	5055.051995038986
122	-327.6075	198.47768	-16.39996	-649.37164	-379.27646	288.64676	-167.43211	-1142.785	838.0	1000.0	610000	75.24361	4.863023	135.71675	-24.859581	-76.433426	1.6866741	5111.369383096695
123	-356.71802	176.24147	-131.86006	-517.37683	-169.44978	294.0416	211.35292	-801.89166	1000.0	1000.0	615000	75.21262	5.0364475	139.20908	-15.39411	-76.43973	1.749966	5167.469242572784
124	-221.38806	81.3127	-123.73587	-323.7912	-48.036774	137.60611	113.70817	-309.2477	1000.0	902.8	620000	75.643875	5.303229	140.96979	-34.56521	-76.87549	1.8381733	5220.183755874634
125	-376.3322	133.74753	-120.40049	-492.94446	-154.61923	68.964935	-37.76992	-286.50674	1000.0	905.2	625000	76.62804	5.1538067	139.7525	-62.125866	-77.88925	1.7359478	5273.973252058029
126	-414.21695	38.66621	-363.33014	-465.74542	-43.713646	156.10913	242.28687	-220.99965	1000.0	1000.0	630000	77.12561	4.908069	147.02394	-21.517447	-78.337036	1.6624793	5327.504563570023
127	-289.6108	142.5063	-127.65415	-551.3914	-431.02792	341.4045	-55.71339	-880.80273	1000.0	1000.0	635000	76.71635	5.190701	155.87596	-24.82506	-77.91325	1.7740105	5381.274980545044
128	-364.14008	126.365875	-204.38147	-513.00464	39.25254	395.90927	594.66376	-609.93616	1000.0	1000.0	640000	76.154915	5.2939105	131.69623	-49.761127	-77.357124	1.6723652	5436.298764467239
129	-199.18872	79.47963	-101.68485	-340.8351	-83.312904	200.52724	147.06413	-405.13403	1000.0	910.3	645000	75.7714	5.0499325	140.79059	-44.69359	-76.95635	1.5755875	5489.33490896225
130	-301.1592	229.0658	48.98199	-530.85223	-90.77907	141.54544	154.81683	-317.5369	842.3333	1000.0	650000	74.8712	4.7587714	136.2848	-18.247126	-76.021736	1.575337	5545.0143077373505
131	-314.9477	123.264336	-111.21352	-497.58292	261.3729	121.840294	378.6001	7.004467	1000.0	1000.0	655000	73.95406	4.9347653	128.3876	-26.78131	-75.09734	1.6321754	5599.912682056427
132	-186.37291	202.14563	2.6327403	-602.8105	44.311073	239.84126	498.18567	-524.8765	729.1667	905.2	660000	72.84112	5.1601014	132.67303	-33.18676	-73.979485	1.5582803	5649.847958087921
133	-161.64447	91.89146	10.741717	-265.6489	63.64908	160.20921	201.36049	-339.05072	1000.0	903.4	665000	72.04395	5.122717	137.37509	-20.759985	-73.1839	1.6269494	5702.399385690689
134	-266.98297	211.48424	2.1349285	-572.1635	76.12248	201.86183	298.20056	-428.71942	1000.0	1000.0	670000	71.385124	5.129492	136.5601	-17.67367	-72.516014	1.6418843	5757.581159114838
135	-340.5387	56.435555	-280.48508	-414.3836	52.526062	523.98206	722.4478	-627.5309	1000.0	1000.0	675000	70.262276	5.20481	128.37296	-31.573147	-71.356834	1.5511492	5811.121242046356
136	-220.52844	194.52678	-0.23115642	-505.81522	114.936356	161.21307	276.30438	-147.83928	836.6667	1000.0	680000	69.20405	5.1567793	128.08441	-23.411	-70.29808	1.5030726	5865.152227163315
137	-176.54648	153.03105	108.68431	-323.83514	-57.579567	341.0302	580.7898	-519.20325	1000.0	1000.0	685000	68.23631	5.1764097	134.83841	-34.983917	-69.32876	1.6822941	5918.227522134781
138	-283.5213	113.07028	-107.71184	-406.3128	-232.11826	95.479866	-111.73024	-474.35492	1000.0	1000.0	690000	67.453705	5.3661466	131.12238	-45.84955	-68.53364	1.667407	5970.854919195175
139	-501.8929	84.48202	-408.58496	-638.88666	290.43317	283.5591	640.84296	-195.73196	1000.0	1000.0	695000	66.817314	5.5906086	125.628174	-26.966589	-67.895294	1.6571723	6021.504586696625
140	-289.91632	235.23077	164.38339	-457.3137	67.59104	252.86578	525.05396	-156.0515	1000.0	808.3	700000	65.73191	5.623901	133.48236	-35.53867	-66.804184	1.7117021	6070.506004810333
141	-461.7015	280.35583	19.922153	-769.1106	-522.2412	255.02853	-281.09564	-1045.308	1000.0	1000.0	705000	64.93984	5.584633	136.2156	-26.94141	-66.002846	1.6061809	6120.634270906448
142	-394.93515	305.7996	58.93455	-702.8621	66.4257	159.88481	161.40742	-403.0171	1000.0	1000.0	710000	64.17894	5.732266	122.54625	-32.89994	-65.23189	1.6224961	6170.6927189826965
143	-362.64642	90.623985	-268.6026	-527.3978	-189.50673	320.48822	293.9215	-847.43665	1000.0	1000.0	715000	63.55694	6.088178	122.307915	-29.937021	-64.60464	1.608678	6221.183626174927
144	-414.51822	215.66733	-42.140324	-699.938	-350.39023	141.42427	-184.66225	-655.415	1000.0	1000.0	720000	62.94058	6.1784415	123.18678	-22.3467	-64.01553	1.6893302	6269.963806390762
145	-369.42615	203.32841	2.010299	-577.6357	-287.783	135.05339	-14.241827	-564.07776	838.3333	903.1	725000	63.593674	5.849043	123.134575	-37.166725	-64.71913	1.6665668	6317.278466939926
146	-410.47455	90.83977	-256.95132	-517.38403	-172.09215	420.92587	170.11623	-1402.5153	1000.0	1000.0	730000	64.81737	5.4774017	123.34711	-31.44005	-65.941765	1.7529672	6365.62824845314
147	-363.34024	133.01038	-198.73311	-542.65094	233.91162	280.6341	610.0368	-219.44675	1000.0	1000.0	735000	66.201416	5.677868	126.878265	-62.541992	-67.39192	1.6133271	6410.857658147812
148	-242.36467	190.2663	3.6280296	-509.06802	-20.778831	181.70839	193.91501	-394.97626	837.3333	1000.0	740000	68.616974	5.6412625	132.8262	-69.49105	-69.83319	1.6534634	6455.421234369278
149	-370.37488	37.01051	-318.77316	-413.7396	85.45078	155.79701	250.68483	-197.73425	1000.0	1000.0	745000	70.37421	5.5164223	133.28319	-27.731352	-71.567474	1.6686766	6499.940878391266
150	-234.8697	163.33556	-36.743526	-422.31943	-95.44426	160.88614	17.532028	-544.4854	842.1667	1000.0	750000	72.39031	5.602988	133.73254	-24.965405	-73.65899	1.7222477	6545.000148057938
151	-366.24777	43.30405	-310.21973	-417.0191	-258.95966	37.61821	-197.99864	-309.73077	1000.0	1000.0	755000	74.74139	5.6649365	135.33638	-42.487103	-75.99074	1.7990597	6590.25928068161
152	-379.43915	71.74225	-242.91797	-438.8356	-201.63432	21.814474	-176.02878	-245.84995	1000.0	1000.0	760000	76.26985	5.5411963	139.29819	-34.908344	-77.53403	1.7493016	6634.609919786453
153	-294.04395	174.29924	-51.207108	-444.03882	-88.92426	123.02943	146.33757	-270.3026	1000.0	1000.0	765000	77.3693	5.729126	146.98557	-30.420334	-78.59223	1.923081	6678.905216217041
154	-217.16461	99.910225	-45.847115	-357.57217	-34.73295	166.69176	161.44151	-453.60883	841.3333	804.9	770000	77.43554	5.8179355	138.61789	-19.218693	-78.65439	1.7164651	6719.259484291077
155	-328.50897	73.65076	-262.09265	-458.93002	136.87642	204.04103	394.18195	-318.09357	1000.0	1000.0	775000	77.589615	5.8718567	141.46922	-35.301003	-78.82986	1.7669393	6762.511409044266
156	-184.93199	102.837975	-30.269258	-334.1928	-203.13109	173.27016	23.354816	-575.1588	838.1667	903.8	780000	78.19047	5.818149	138.90019	-27.729298	-79.44351	1.7435522	6804.650744199753
157	-201.4952	166.9923	15.811788	-419.6013	-26.877811	259.88916	312.17395	-486.73553	746.1429	1000.0	785000	79.26688	6.0947313	147.72293	-76.11776	-80.542625	1.9173523	6848.595794439316
158	-196.15964	159.34373	-1.3003436	-397.11386	-84.72098	158.31781	217.63823	-364.7373	719.1429	910.9	790000	80.16161	6.2786584	144.85385	-39.101147	-81.415924	2.0177672	6890.742980003357
159	-291.22803	126.4944	-42.626083	-385.37897	-225.56161	309.80307	353.386	-830.1749	1000.0	910.4	795000	80.76084	6.3451066	149.74187	-24.758772	-82.0432	1.8725123	6932.768406867981
160	-200.94955	91.59889	-71.87084	-326.77478	154.91501	227.75543	528.64496	-293.34525	1000.0	1000.0	800000	81.00027	6.5464034	147.16551	-42.546673	-82.2184	1.8412887	6976.4981145858765
161	-236.34521	94.95357	-109.05506	-392.80392	-271.03754	97.15484	-165.26407	-537.81165	854.6667	1000.0	805000	80.25438	6.5210967	148.03348	-22.413198	-81.45927	2.0170462	7020.119941949844
162	-243.12134	48.478756	-176.14862	-324.83542	44.984318	172.1865	180.26321	-406.5162	1000.0	903.2	810000	79.053986	6.8609734	143.7008	-11.574453	-80.2127	2.0321891	7062.139475822449
163	-250.66002	129.76482	-21.147827	-410.9434	-321.0216	175.87167	105.229065	-675.70544	840.8333	1000.0	815000	76.60278	6.812498	145.87886	-60.553185	-77.7054	1.8849983	7106.235438108444
164	-345.15826	153.63974	-160.85849	-561.94244	-117.79728	106.68064	25.796473	-281.97598	1000.0	828.9	820000	74.362144	6.8064604	136.93237	-54.994797	-75.46744	1.8180944	7147.690302610397
165	-397.8096	102.978195	-219.77544	-482.53622	-106.49442	140.15977	127.14479	-324.8663	1000.0	1000.0	825000	72.540184	7.1914945	134.88097	-43.002052	-73.63107	1.9272199	7191.199729681015
166	-224.39246	108.21359	-65.259094	-371.2074	-225.01974	64.946175	-89.97646	-294.04245	1000.0	1000.0	830000	70.688286	7.117925	134.52051	-28.861544	-71.74218	1.7086359	7234.711309671402
167	-336.4379	138.91965	-188.31966	-507.97632	-237.73257	200.20485	69.52783	-668.924	1000.0	853.1	835000	68.60204	6.6507945	142.68849	-29.472013	-69.642685	1.7379646	7277.080934286118
168	-380.34933	99.192764	-260.1345	-541.14734	45.509296	134.13588	191.80986	-238.46362	1000.0	1000.0	840000	66.99595	6.484134	137.84187	-35.858173	-68.03118	1.8242221	7320.609130859375
169	-299.1421	59.003807	-192.85728	-361.57214	21.075012	103.45018	151.91043	-221.50227	1000.0	1000.0	845000	65.39157	6.5662985	129.81134	-36.52462	-66.42397	1.8004934	7363.732356071472
170	-262.01364	189.90482	0.45319834	-602.28845	368.11316	147.54366	535.8182	124.08899	835.3333	1000.0	850000	64.06965	6.6350436	130.74242	-47.06472	-65.084656	1.8137673	7407.860318899155
171	-279.6955	227.26611	62.39211	-565.9101	-52.813526	78.33439	43.777565	-192.8118	1000.0	1000.0	855000	62.54384	6.483292	126.42602	-18.612465	-63.544937	1.6878351	7451.930425643921
172	-30.109701	146.9882	148.72656	-290.86954	65.84802	190.08281	284.52783	-236.88649	821.8	1000.0	860000	61.422062	6.484707	125.90277	-35.790173	-62.413345	1.6699389	7492.378113985062
173	-267.6972	122.080444	-100.64646	-453.5052	-166.2939	189.02913	130.63208	-443.21902	1000.0	1000.0	865000	60.244064	6.566958	131.26546	-41.111553	-61.226746	1.7535498	7535.770375967026
174	-225.74673	52.264404	-173.75539	-318.572	-483.08234	293.69217	-128.57823	-803.4363	1000.0	1000.0	870000	59.25071	6.4522223	122.69462	-53.17711	-60.252438	1.6343774	7579.615057229996
175	-253.28366	192.933	24.207859	-484.8609	30.480762	101.615746	186.52814	-173.05733	1000.0	1000.0	875000	58.87409	6.359076	130.63768	-48.24809	-59.8758	1.654377	7623.754547595978
176	-206.04306	164.28346	3.9762955	-423.40298	73.41117	151.79906	331.41635	-247.70665	1000.0	1000.0	880000	58.75286	6.570048	134.76863	-34.241764	-59.77621	1.7197367	7667.384314537048
177	-358.74316	109.93621	-235.21045	-536.5535	165.53944	328.90213	542.8741	-332.4981	1000.0	905.2	885000	58.96866	6.469473	118.542336	-34.80651	-59.98454	1.7483351	7709.380474328995
178	-189.44083	108.53969	-70.74452	-352.30637	-336.555	106.25464	-106.163124	-453.80173	1000.0	1000.0	890000	58.987537	6.6556582	124.41208	-32.754707	-60.00892	1.8438109	7753.45719742775
179	-282.55133	152.20145	-107.11768	-501.8235	3.595021	271.32343	261.80887	-429.08972	1000.0	1000.0	895000	59.20549	6.9854727	132.58722	-27.400578	-60.229225	1.7943523	7796.796140193939
180	-360.97583	102.26189	-172.67769	-474.40176	-269.2796	276.79343	56.71661	-618.0095	1000.0	1000.0	900000	59.0555	6.6792345	123.17383	-37.050594	-60.072487	1.7210191	7840.168016672134
181	-285.71133	108.82592	-132.09734	-452.94415	-200.10385	137.9535	-51.341	-591.2046	1000.0	1000.0	905000	59.428368	6.4935055	127.82259	-20.449614	-60.46307	1.851881	7883.849869251251
182	-360.44028	80.864975	-261.12607	-465.54776	-117.70274	184.1557	116.290054	-612.22455	1000.0	1000.0	910000	59.654076	6.331163	121.63312	-35.814034	-60.682537	1.809048	7928.365129470825
183	-164.64314	134.84026	-24.997738	-416.72253	-128.78773	143.01009	133.9398	-352.89612	1000.0	1000.0	915000	59.79373	6.5156245	132.21608	-45.91617	-60.810226	1.8232642	7972.565668821335
184	-423.65704	117.05206	-201.48035	-550.56976	-257.3499	314.0407	92.778915	-1056.8037	1000.0	1000.0	920000	59.447956	6.7358174	129.38672	-26.289953	-60.433655	1.8320762	8016.386883497238
185	-298.63654	122.64352	-88.58598	-472.72995	-49.82781	191.73045	198.97964	-375.58447	1000.0	1000.0	925000	58.21376	6.7467017	125.73517	-19.632162	-59.177193	1.7699113	8060.991434574127
186	-333.6202	109.39205	-149.68578	-482.45557	-37.43667	160.5492	178.27322	-371.72067	1000.0	1000.0	930000	57.404575	6.409669	125.019104	-24.397306	-58.369812	1.7028531	8104.862326622009
187	-425.03595	94.54429	-262.97208	-521.21216	-270.076	145.48592	-71.94694	-556.0221	1000.0	1000.0	935000	57.16457	6.2590065	121.09791	-41.336086	-58.168392	1.7698411	8148.820756435394
188	-218.95306	148.31027	-0.8480928	-381.73016	-388.6233	115.442505	-152.9823	-498.4567	852.6667	1000.0	940000	56.818565	6.3084292	123.80802	-43.86116	-57.7802	1.8137223	8192.979084253311
189	-306.62006	122.26557	-125.62655	-434.58063	49.017532	314.86807	427.5395	-499.45544	1000.0	1000.0	945000	56.211098	6.418125	120.63577	-29.414452	-57.184277	1.7069367	8238.676182985306
190	-227.84663	86.87304	-113.66058	-355.9593	-471.55615	160.63016	-157.81644	-668.8032	1000.0	1000.0	950000	55.575504	6.7269707	123.18801	-26.673643	-56.506454	1.6723539	8282.357120513916
191	-420.2016	94.86379	-274.82196	-517.00977	-41.737915	320.40753	536.5869	-338.8828	1000.0	1000.0	955000	54.48365	6.7019434	120.296036	-22.527058	-55.411617	1.6821508	8326.916515111923
192	-291.58298	64.11225	-196.58572	-395.49796	-137.77304	198.94539	166.58562	-366.19293	1000.0	1000.0	960000	53.47915	6.6241107	129.6866	-43.291466	-54.401	1.6419935	8371.274845600128
193	-247.05154	176.55986	-28.765152	-459.342	-373.20035	186.2711	-87.19404	-631.26227	1000.0	1000.0	965000	53.053467	6.6154194	115.373886	-37.8229	-53.99385	1.6585332	8415.397963047028
194	-384.71768	80.54604	-286.36212	-529.6717	-43.041008	137.74709	160.80186	-247.39458	1000.0	1000.0	970000	52.609703	6.7270656	118.64526	-39.19439	-53.54469	1.6653823	8459.77458024025
195	-361.33716	123.11899	-147.91592	-522.3677	4.1078806	125.520454	292.70682	-178.24066	1000.0	1000.0	975000	52.6047	6.4886265	115.6516	-58.070145	-53.541306	1.61216	8503.886916160583
196	-337.00278	76.45326	-213.10094	-433.11902	-77.62962	280.75586	579.05023	-476.9555	1000.0	1000.0	980000	52.75091	6.213852	116.60468	-35.704586	-53.706226	1.6446453	8549.504663467407
197	-435.51337	130.37311	-235.1874	-596.3804	-221.33499	411.87195	243.57092	-1299.495	1000.0	1000.0	985000	53.09853	6.279389	115.753265	-45.63944	-54.058	1.6331147	8594.17587518692
198	-476.0083	129.14088	-233.90845	-616.48663	-622.06433	454.59265	-14.354532	-1599.4694	1000.0	906.9	990000	53.50885	6.29101	120.03549	-44.044827	-54.49953	1.7124412	8637.284967184067
199	-525.84625	56.98604	-414.12924	-570.4948	-465.9112	151.19617	-263.0709	-694.5662	1000.0	1000.0	995000	54.96881	6.7143908	122.10219	-50.922634	-55.999386	1.8074765	8681.774338960648
200	-478.21564	74.13103	-346.00708	-566.71313	-215.0229	111.85807	10.353243	-427.05817	1000.0	902.3	1000000	55.95241	6.663217	121.24159	-77.79029	-56.95958	1.7658906	8726.341053247452
201	-339.79926	193.0583	6.0245714	-526.18536	-124.90019	265.0284	291.96463	-484.54764	1000.0	1000.0	1005000	56.91946	6.593424	125.14596	-31.973413	-57.942787	1.6882178	8771.017733812332
202	-286.15057	145.8786	-120.52869	-486.4399	-20.012562	511.9591	306.48096	-1517.8901	1000.0	1000.0	1010000	57.65697	6.5096884	126.93357	-30.779186	-58.687374	1.7338767	8815.62595653534
203	-216.0955	83.983185	-83.243065	-329.20456	-260.20618	272.58557	325.96182	-599.071	1000.0	914.7	1015000	58.34897	6.4628415	130.0824	-39.305298	-59.356068	1.7085367	8859.939909219742
204	-145.9883	84.006035	-70.58879	-297.46786	-217.18176	552.0979	207.526	-1326.3646	1000.0	901.4	1020000	58.437508	6.5226326	132.8303	-23.188023	-59.42581	1.749393	8903.058067560196
205	-336.25168	163.99106	-56.548836	-487.4232	75.47413	321.49445	481.9063	-470.1657	1000.0	1000.0	1025000	58.341408	6.5807085	120.178085	-38.09288	-59.3304	1.6595801	8948.88965177536
206	-327.3849	146.02353	-48.34349	-450.32675	-534.05945	195.91673	-196.92557	-830.494	1000.0	1000.0	1030000	58.45589	6.561775	129.39192	-22.047632	-59.458862	1.6829602	8993.101117610931
207	-300.4624	122.26622	-111.04972	-491.70975	-231.58218	208.11679	68.978836	-484.6673	1000.0	1000.0	1035000	58.15467	6.215371	128.32092	-45.46544	-59.131313	1.6596055	9037.783668279648
208	-429.94385	191.07361	-160.34486	-701.2195	-113.61792	403.8681	236.9219	-1161.0935	1000.0	906.8	1040000	58.032696	6.4062266	130.96443	-11.278261	-59.042927	1.7655164	9081.68842124939
209	-360.27106	158.74013	-150.38219	-542.32446	-1098.9697	16.040113	-1077.5172	-1130.1599	1000.0	1000.0	1045000	58.255848	6.97175	124.53498	-22.88618	-59.2638	1.8200508	9126.095799207687
210	-396.6501	175.06184	-144.9555	-634.0839	-407.34497	388.19778	123.9861	-892.1755	1000.0	901.7	1050000	57.91689	6.836856	129.356	-33.17684	-58.904243	1.7222371	9170.516523361206
211	-373.09277	131.79715	-199.74994	-515.47363	-86.192505	297.68442	284.12277	-517.9419	1000.0	905.2	1055000	57.538025	6.665591	124.32262	-25.113787	-58.528107	1.6870373	9214.35913324356
212	-479.74185	155.2486	-193.92943	-617.8372	-39.675495	167.05272	119.818436	-399.93616	1000.0	901.8	1060000	57.337296	6.6661677	123.948006	-29.289104	-58.322113	1.6601074	9257.690697431564
213	-265.498	178.60031	-26.793736	-599.56274	-120.81439	160.81201	143.1511	-358.55887	837.1667	1000.0	1065000	57.14959	6.7946343	126.79831	-30.607635	-58.136387	1.6403621	9301.772913455963
214	-376.11926	60.947052	-312.91898	-453.69272	-403.6934	320.85184	216.48268	-767.04535	1000.0	902.6	1070000	57.303215	7.1084666	125.94595	-21.300571	-58.317345	1.7399973	9345.696754217148
215	-395.16388	123.08155	-163.9525	-520.4359	-304.48764	316.42453	32.59554	-1074.6262	1000.0	1000.0	1075000	57.75067	7.2526875	124.42356	-43.566124	-58.7657	1.7883093	9391.098769426346
216	-281.38205	91.38972	-140.23062	-360.77966	-183.53995	247.23323	38.532677	-754.88354	1000.0	611.0	1080000	57.798923	7.356463	132.83044	-76.60454	-58.8067	1.8307414	9431.339481830597
217	-389.8895	87.18767	-262.8095	-533.40924	-197.09933	272.49005	-0.3612724	-966.1314	1000.0	900.9	1085000	57.75228	7.775017	134.06856	-28.406786	-58.748177	1.9099109	9476.339831590652
218	-227.62115	186.16238	-1.1903121	-499.3921	-141.02206	75.55473	-6.143816	-242.61656	660.375	1000.0	1090000	57.23471	7.308263	131.76637	-46.187973	-58.222908	1.9183542	9522.24394249916
219	-396.69824	91.382324	-258.80347	-530.0643	-216.13066	159.94896	-5.433572	-583.49536	1000.0	805.2	1095000	56.98987	6.802399	123.640396	-30.968925	-57.97626	1.7132442	9566.140060424805
220	-295.38165	95.301254	-197.0937	-431.03522	-67.77109	310.05188	293.32364	-836.15393	1000.0	1000.0	1100000	57.108265	6.7808685	128.1207	-41.11194	-58.118526	1.7949133	9611.413707971573
221	-328.11642	50.972374	-265.03247	-391.9752	-21.684855	270.02014	250.37589	-558.07056	1000.0	902.7	1105000	57.58688	6.723128	131.21281	-56.020138	-58.608173	1.7697598	9655.093893766403
222	-326.81116	174.00584	-79.88753	-503.2724	-164.63387	159.50217	119.79538	-495.6752	1000.0	1000.0	1110000	57.53638	6.412649	124.91044	-23.80778	-58.532726	1.6451383	9700.921853780746
223	-225.1528	184.82053	8.428042	-514.6867	-13.508542	190.80031	288.032	-469.4259	1000.0	1000.0	1115000	57.783993	6.42695	129.82037	-37.06164	-58.791176	1.6675735	9746.471449613571
224	-369.66632	133.15994	-181.36314	-491.06015	-118.21118	401.2034	370.5884	-829.5668	1000.0	909.0	1120000	58.12466	6.20382	130.77553	-45.27711	-59.145737	1.6830819	9791.160933732986
225	-437.88727	127.54967	-242.39772	-637.8505	-228.02986	124.81744	-112.04852	-528.56055	1000.0	1000.0	1125000	58.71409	5.9940457	132.90155	-38.454212	-59.73205	1.6719543	9836.806292057037
226	-358.70364	173.14764	-11.655534	-509.46332	-592.6561	274.721	-58.38429	-1004.483	838.1667	1000.0	1130000	59.40914	6.079447	129.37735	-39.48989	-60.433773	1.623969	9882.20631146431
227	-271.73987	178.03706	-51.63449	-551.1475	-580.28314	306.61942	-10.494387	-966.67474	847.3333	909.5	1135000	59.683	5.905048	122.02377	-99.7875	-60.67514	1.5123605	9925.781138181686
228	-314.45428	175.85013	8.273265	-513.88257	-464.16943	262.50833	-140.97006	-877.98694	737.1429	1000.0	1140000	59.549015	5.965772	130.86398	-33.95435	-60.536434	1.6799442	9971.467495441437
229	-412.802	47.22392	-358.31863	-482.17966	-361.9328	221.24245	-77.029175	-772.9247	1000.0	1000.0	1145000	59.485085	6.26708	131.788	-44.302326	-60.4801	1.7379872	10015.997110128403
230	-342.37103	24.549398	-309.99478	-378.46387	-205.99202	172.73146	20.265114	-525.1576	1000.0	831.1	1150000	59.527653	6.116044	136.84729	-43.555084	-60.522125	1.7535479	10058.576792478561
231	-420.4709	45.9027	-375.86124	-501.24728	-632.53625	243.15495	-249.23465	-989.84564	1000.0	1000.0	1155000	59.511314	6.17455	132.1214	-35.97459	-60.483227	1.676649	10103.120488643646
232	-353.3055	86.18505	-190.13837	-438.74878	-220.67493	60.639915	-123.01824	-324.2772	1000.0	1000.0	1160000	58.7726	6.4609737	127.24357	-23.37919	-59.7266	1.7349111	10147.19744849205
233	-337.52243	108.16997	-134.01204	-456.96942	-163.02234	224.95558	221.62834	-591.21466	1000.0	908.8	1165000	58.88527	6.47628	132.89124	-31.89988	-59.869804	1.6563886	10189.721032857895
234	-353.19873	81.583244	-206.09396	-435.45276	-255.27776	70.94281	-200.38159	-416.03513	1000.0	1000.0	1170000	58.96858	6.8079376	139.2531	-26.559595	-59.927914	1.7099422	10232.478747844696
235	-453.8499	70.627144	-366.34836	-564.3585	-327.09433	61.759636	-271.30573	-501.4939	1000.0	1000.0	1175000	59.099224	7.2669387	149.99535	-58.656628	-60.073624	1.8028941	10272.983130693436
236	-475.89673	128.53044	-316.96375	-707.16223	-1032.4625	210.06963	-509.09225	-1420.0648	1000.0	1000.0	1180000	58.74675	7.44458	130.70338	-59.244225	-59.682205	1.7337414	10313.142129898071
237	-568.169	87.41628	-404.24878	-657.6766	-147.3104	103.24863	-52.987812	-430.84927	1000.0	1000.0	1185000	57.762337	6.763642	135.88422	-45.327812	-58.68595	1.571813	10353.04477071762
238	-227.66695	131.45422	-48.73061	-388.12112	-1075.7798	199.65462	-479.87436	-1156.6248	1000.0	1000.0	1190000	57.369053	6.578914	129.36632	-36.09298	-58.3142	1.6323804	10393.828689336777
239	-262.48276	164.35733	-90.8745	-465.96634	-102.87929	381.30005	282.36258	-717.089	1000.0	1000.0	1195000	57.70772	6.496842	127.316025	-30.042469	-58.66183	1.613244	10433.200919866562
240	-266.95547	152.45514	-98.7205	-472.07083	-118.04714	205.69048	133.58086	-653.1232	1000.0	1000.0	1200000	57.85023	6.3737903	133.17372	-23.344427	-58.79975	1.6043968	10472.725314855576
241	-316.9839	175.67932	-98.432495	-567.8272	-442.06363	677.60034	743.06537	-1094.0944	1000.0	1000.0	1205000	58.281815	6.527049	133.86436	-85.28699	-59.22443	1.6727756	10512.402800798416
242	-387.72925	121.91662	-206.75613	-534.5631	-242.74634	61.8819	-110.891266	-315.3938	1000.0	1000.0	1210000	58.107487	6.394745	133.08298	-74.82841	-59.03555	1.616348	10552.375451087952
243	-400.79724	166.59369	-212.03947	-610.1703	-269.85663	150.7223	-96.529305	-565.4455	1000.0	1000.0	1215000	57.51074	6.2573924	129.75304	-25.773052	-58.399483	1.612655	10593.05852651596
244	-425.0795	180.87671	-120.9325	-635.08203	41.69283	148.16519	355.1367	-117.84223	1000.0	1000.0	1220000	56.694283	6.2916646	132.20619	-32.721485	-57.59477	1.5900329	10633.497220993042
245	-334.55853	190.15858	-90.07032	-579.44525	-269.0258	95.30785	-97.78973	-439.03568	1000.0	1000.0	1225000	57.052624	6.438389	133.05614	-45.49282	-58.02061	1.6160234	10673.004571199417
246	-237.04683	177.1736	33.92529	-544.51526	-0.9005249	279.72183	294.85297	-715.4894	836.8333	905.8	1230000	58.292564	6.976211	138.01077	-76.54442	-59.283546	1.7680234	10712.40107536316
247	-246.51518	127.43213	-76.23784	-454.2823	-194.95125	168.13222	-51.58893	-685.994	1000.0	1000.0	1235000	59.6622	7.243343	131.87073	-50.83753	-60.666332	1.6846312	10753.266558170319
248	-361.61343	52.935444	-287.79715	-448.17236	53.900745	251.81963	285.132	-594.6722	1000.0	1000.0	1240000	61.09771	7.491531	134.85612	-19.795946	-62.121086	1.6468992	10793.72064089775
249	-318.46393	138.31258	-183.36182	-562.52905	-56.19878	82.955185	102.44779	-171.3988	1000.0	903.1	1245000	62.389004	7.325341	131.92393	-60.274185	-63.399418	1.6760117	10833.468917131424
250	-243.17538	121.715034	-135.58305	-420.00476	-213.09016	201.0819	116.48431	-627.9559	1000.0	1000.0	1250000	62.867104	7.1030073	134.96117	-27.353422	-63.865894	1.6190265	10874.119376182556
251	-368.3176	108.30618	-171.35725	-484.0123	-343.44006	118.56414	-183.76605	-518.0023	1000.0	1000.0	1255000	63.752724	6.8130116	139.02675	-42.490555	-64.7798	1.5734096	10914.419577121735
252	-416.6227	56.034603	-338.2658	-496.6784	-210.03934	289.85483	279.03738	-852.783	1000.0	1000.0	1260000	64.41603	6.6888137	140.15256	-25.148027	-65.41955	1.5585836	10954.649803638458
253	-331.2011	55.063725	-243.48273	-382.88635	-588.4879	144.24782	-219.52666	-718.7086	1000.0	1000.0	1265000	64.891205	6.9728613	140.78105	-46.525173	-65.9046	1.555144	10995.429726839066
254	-269.51562	90.95396	-107.40742	-370.17242	96.61687	214.66417	336.2588	-356.82666	1000.0	1000.0	1270000	64.96478	7.310809	145.75395	-44.29677	-65.95882	1.6698184	11035.857405662537
255	-399.93115	114.98936	-209.18176	-569.7123	-230.8813	121.46912	2.4748535	-467.03293	1000.0	900.9	1275000	65.47187	7.338244	145.0257	-48.407104	-66.49334	1.7923262	11075.593668937683
256	-266.81995	189.74054	18.810476	-590.848	-122.36855	114.68126	99.47046	-319.18463	835.5	1000.0	1280000	64.810585	7.8362336	166.07487	-52.885265	-65.79472	1.8618724	11116.476297855377
257	-329.28955	186.08887	7.9437428	-518.2484	-203.46106	175.43042	-46.916134	-674.3103	835.0	1000.0	1285000	64.95224	8.647987	195.23882	-49.318382	-65.972664	2.0900824	11157.224383354187
258	-353.77362	44.7041	-304.35275	-421.3108	-176.32198	229.97643	152.20096	-558.4017	1000.0	1000.0	1290000	64.68092	8.947066	159.8204	-35.619385	-65.661835	1.9235562	11197.747793197632
259	-322.421	30.025513	-286.27814	-375.1008	-364.44992	99.58134	-178.1189	-531.4507	1000.0	1000.0	1295000	63.950928	8.7820835	154.78146	-28.793112	-64.91579	1.7501141	11238.663847208023
260	-229.16989	131.47604	-111.23997	-443.42218	-116.95825	327.85464	275.16354	-639.5662	1000.0	1000.0	1300000	63.10502	8.555589	139.43573	-48.756493	-64.05749	1.8724898	11279.970037460327
261	-195.779	134.78879	-6.766392	-368.8619	-237.153	219.41545	166.50966	-505.05328	838.8333	1000.0	1305000	62.36214	8.278513	138.48804	-19.86062	-63.314674	1.7007449	11321.649451494217
262	-478.3789	52.627888	-428.70233	-565.4657	-214.62541	99.48295	-25.125362	-387.14136	1000.0	915.2	1310000	61.4582	7.897925	132.29634	-47.038563	-62.371838	1.6713579	11361.110778808594
263	-463.5438	99.7137	-354.12317	-615.7785	-350.3682	126.291	-21.587936	-499.4617	1000.0	915.1	1315000	60.247955	7.543995	138.93669	-28.774298	-61.154613	1.657991	11400.922678947449
264	-471.13092	31.134771	-410.53375	-497.77414	-133.0021	676.11896	417.46765	-1275.7559	1000.0	1000.0	1320000	58.677113	7.6355166	143.3016	-28.350403	-59.542725	1.7018801	11441.070019483566
265	-381.24942	104.09566	-280.1078	-532.15686	-219.16089	186.84763	223.53891	-470.7686	1000.0	1000.0	1325000	56.977028	7.667423	131.1407	-35.202095	-57.84878	1.6333393	11482.215334892273
266	-430.93384	112.863594	-315.96008	-645.45435	-267.19882	143.47253	-9.000616	-519.01843	1000.0	1000.0	1330000	55.440018	7.5703893	132.0889	-33.366207	-56.29339	1.5642065	11523.365041017532
267	-449.3748	222.62675	-3.4477232	-713.7932	-771.1747	15.152809	-756.1082	-799.7157	837.0	1000.0	1335000	54.027473	7.4045286	132.13005	-33.713108	-54.863426	1.6103315	11564.034555196762
268	-361.59824	87.4257	-265.33365	-508.00925	-148.35066	213.93121	32.10248	-727.1068	1000.0	901.3	1340000	52.030136	7.6802816	129.87416	-26.929457	-52.82407	1.6002492	11603.81881570816
269	-344.72775	113.610054	-181.17908	-530.1807	-253.81808	281.6442	12.882967	-887.8546	1000.0	1000.0	1345000	50.237827	8.201776	126.88326	-11.978006	-51.04243	1.622932	11645.412562608719
270	-313.279	98.360344	-163.67804	-440.26654	-72.66353	226.66582	287.4991	-394.38776	1000.0	804.1	1350000	48.825535	8.401416	139.70236	-5.332761	-49.626656	1.5773246	11684.658629179
271	-368.69843	129.93437	-214.46986	-570.5873	-92.65062	153.9921	129.29286	-321.4713	1000.0	1000.0	1355000	47.537758	8.657592	138.73468	-16.354904	-48.336575	1.5933912	11726.205713033676
272	-267.45087	139.36215	-114.99204	-529.9515	-376.23663	325.24075	130.28406	-1015.5984	1000.0	1000.0	1360000	46.287197	8.867888	148.13405	-36.435734	-47.079155	1.6694149	11767.199642419815
273	-473.31635	56.519848	-396.43588	-545.20197	-360.76312	109.85245	-193.28291	-534.86914	1000.0	1000.0	1365000	45.24687	9.300674	153.7394	-27.736652	-46.028492	1.775002	11807.948795318604
274	-432.09024	142.41054	-198.58662	-579.81274	-560.2516	377.93704	231.47072	-1125.1896	1000.0	1000.0	1370000	43.984024	9.76047	135.30438	-20.888561	-44.75427	1.7724848	11849.270180225372
275	-494.8559	189.4741	-241.23918	-776.0414	-511.00507	228.03415	-8.373827	-935.4682	1000.0	901.0	1375000	42.33937	9.385265	128.52446	-41.70051	-43.083336	1.6438276	11889.431035041809
276	-593.425	117.79364	-491.5779	-820.3335	-543.1287	382.16534	-165.0595	-1561.2533	1000.0	1000.0	1380000	40.753532	8.928564	120.70159	-16.11225	-41.471943	1.5852504	11931.686575174332
277	-453.99298	105.99358	-322.06454	-640.36786	-296.46234	230.03517	139.30725	-647.6317	1000.0	1000.0	1385000	39.26608	8.815851	121.5806	-33.4663	-39.99807	1.5899398	11972.41780424118
278	-407.29025	230.79292	-23.075031	-614.63574	-684.609	192.98593	-322.42886	-911.1381	727.8571	1000.0	1390000	38.69103	9.067247	115.59814	-59.094822	-39.451	1.6484379	12013.759944200516
279	-595.1229	86.840675	-510.91614	-744.0323	-474.39874	100.59476	-323.64798	-733.821	1000.0	1000.0	1395000	38.34185	9.118384	124.666916	-38.56314	-39.109993	1.5893395	12055.156821250916
280	-511.55792	222.475	-70.95072	-675.44904	-725.4428	449.52292	41.609875	-1405.4326	815.4	1000.0	1400000	38.37105	9.134027	117.326614	-33.949875	-39.140224	1.7452073	12093.875601291656
281	-433.70236	171.18515	-125.37092	-655.5676	-375.7718	359.33145	26.151836	-936.11487	867.3333	1000.0	1405000	38.186733	9.352768	125.62943	-43.280083	-38.952408	1.6741768	12136.908467531204
282	-426.9996	66.98959	-327.26157	-514.6887	-358.2603	53.739067	-236.52042	-435.15167	1000.0	1000.0	1410000	37.975548	9.042375	119.29687	-39.463074	-38.755577	1.6054263	12178.214297533035
283	-425.16794	160.21333	-127.70634	-654.3016	-356.8797	204.3665	-176.19772	-763.2719	842.3333	1000.0	1415000	38.52414	8.528735	116.73497	-38.560867	-39.330566	1.510639	12219.597304344177
284	-474.35638	30.772099	-439.12787	-520.64026	-436.67255	195.17458	-212.80254	-773.112	1000.0	1000.0	1420000	39.199554	8.471084	120.424	-37.50329	-40.017242	1.605217	12261.405837774277
285	-572.94336	72.5372	-431.76367	-637.96826	-672.1681	222.90341	-273.40137	-1067.5813	1000.0	1000.0	1425000	40.01376	8.053634	122.01275	-38.506863	-40.834126	1.5589242	12302.588128328323
286	-388.17038	276.90448	25.252054	-675.8098	-336.20523	148.83908	-190.91621	-758.7326	724.2857	1000.0	1430000	40.47843	7.9453044	118.83496	-39.27813	-41.27182	1.6579413	12344.603747606277
287	-493.41635	73.428505	-417.74274	-629.05255	-328.76758	33.972157	-261.75668	-380.57007	1000.0	1000.0	1435000	40.21203	7.8589635	115.576485	-69.99994	-41.014675	1.5312492	12386.571108102798
288	-558.64514	67.08116	-496.37067	-642.40936	-333.7901	102.479065	-177.56198	-496.69904	1000.0	1000.0	1440000	40.909374	7.701716	114.35175	-56.109253	-41.748127	1.484825	12428.95457482338
289	-547.39124	36.611233	-494.34583	-595.2125	-388.3457	37.168064	-352.94254	-453.6456	1000.0	1000.0	1445000	41.20372	7.731701	114.32886	-57.831173	-42.01652	1.5334338	12471.574897766113
290	-362.03702	186.98372	-0.54866093	-598.5513	-330.62357	285.34268	-185.24388	-1179.9396	836.5	1000.0	1450000	40.83338	7.6965117	114.864456	-25.505978	-41.597515	1.547719	12513.395019292831
291	-314.853	178.90182	22.086014	-475.9098	154.47394	475.39026	554.213	-1190.4174	839.0	1000.0	1455000	39.893932	8.1947975	117.01313	-22.447083	-40.663387	1.540357	12555.920599937439
292	-374.53842	173.61737	-66.73282	-554.3903	-428.93033	471.20706	-139.9927	-1389.2369	1000.0	1000.0	1460000	39.338642	8.685332	118.802666	-16.917328	-40.122383	1.6586214	12597.869642019272
293	-522.6696	129.804	-352.2221	-705.6247	-140.25249	304.10425	313.2637	-680.1035	1000.0	1000.0	1465000	38.98889	9.3708725	119.39896	-42.257675	-39.771015	1.7242166	12639.939335107803
294	-400.94687	219.48398	20.924276	-631.2029	-614.81647	465.52313	-122.99293	-1444.5411	852.3333	1000.0	1470000	38.14993	9.241464	123.606384	-49.726772	-38.894333	1.5697632	12683.05231142044
295	-528.9829	123.57053	-394.4789	-754.8008	-366.11935	296.0365	72.30524	-1006.8439	1000.0	1000.0	1475000	37.51876	9.3609295	122.839294	-23.627071	-38.280437	1.6743675	12725.254105091095
296	-541.528	45.466988	-476.74506	-608.30457	-520.01086	385.55777	393.13232	-1163.0314	1000.0	1000.0	1480000	36.66991	9.664967	116.06443	-26.574223	-37.399693	1.6546549	12767.964819669724
297	-505.24487	89.95094	-396.30673	-647.34503	-665.22015	313.32452	-306.8031	-1200.6816	1000.0	1000.0	1485000	35.476532	9.343234	117.21033	-66.199814	-36.225094	1.6169629	12809.499782800674
298	-492.96307	108.19574	-371.45584	-626.2869	-125.364	230.37596	81.70529	-595.39105	1000.0	1000.0	1490000	35.10462	9.42103	112.50475	-32.32158	-35.862946	1.5821192	12851.540827989578
299	-412.11075	242.71977	-168.77652	-870.9428	-409.55145	308.83932	7.1746197	-963.046	1000.0	833.0	1495000	35.414436	9.336945	116.4523	-13.789919	-36.209015	1.5725161	12892.280008077621
300	-458.33722	145.76433	-227.64153	-636.07184	-583.2002	260.66113	-359.64368	-1277.7412	1000.0	1000.0	1500000	35.80677	9.358334	123.32164	-38.920013	-36.58849	1.6002481	12933.876631259918
301	-523.2599	178.30125	-322.4359	-812.9805	-222.82336	641.75165	533.79254	-1148.0499	1000.0	1000.0	1505000	35.819508	9.3148985	114.77566	-27.248302	-36.593292	1.681141	12975.823150873184
302	-394.45474	204.02917	-105.914276	-735.9339	-582.5573	486.47266	-145.66444	-1424.9313	894.8333	1000.0	1510000	35.409023	9.25552	115.254074	-57.60625	-36.17021	1.6500716	13019.073628902435
303	-507.46265	130.43452	-367.58762	-742.3609	-815.3749	67.74378	-656.15125	-927.53705	1000.0	1000.0	1515000	35.243687	8.921357	110.237686	-28.345299	-36.005882	1.5349011	13061.660432577133
304	-675.3349	150.63374	-431.53693	-882.0479	-704.46924	361.59982	97.834145	-1193.114	1000.0	1000.0	1520000	35.02366	8.5981045	112.680626	-19.150633	-35.770493	1.5666602	13103.983698606491
305	-452.3751	183.5105	-328.00507	-815.9466	-370.11578	335.40323	-8.4673815	-1065.5538	1000.0	904.6	1525000	34.321793	8.145046	111.367935	-52.71299	-35.067207	1.5144585	13145.065847158432
306	-327.84766	136.94301	-127.53762	-511.5336	-215.40991	444.55972	244.93945	-1387.5239	1000.0	1000.0	1530000	34.10795	7.8968253	111.89059	-34.46486	-34.85826	1.4445906	13187.58436512947
307	-308.60437	159.52132	-157.26845	-519.9435	-707.7495	796.56433	340.41696	-1703.3231	1000.0	906.2	1535000	34.118885	8.031712	115.735344	-30.323969	-34.890003	1.5697224	13228.586183071136
308	-454.45108	121.160126	-252.95447	-607.2613	-264.6618	171.2626	179.80705	-517.87756	1000.0	1000.0	1540000	34.208694	8.392236	114.32711	-37.031086	-34.965405	1.6673605	13271.990515470505
309	-311.37213	53.070133	-208.70445	-356.32422	-641.9376	481.10748	5.3046813	-1470.2397	1000.0	808.0	1545000	34.02948	8.178616	119.59327	-21.473217	-34.77693	1.5583899	13312.35802435875
310	-327.92734	242.58432	1.2674395	-643.2686	-187.53136	171.04797	123.413216	-494.77548	718.5714	901.1	1550000	34.08466	7.7296333	113.53781	-44.42759	-34.861805	1.6254486	13354.392751932144
311	-469.7359	107.435524	-307.72437	-596.2103	-236.57523	285.56595	11.202185	-1074.7086	1000.0	903.6	1555000	34.748306	8.273358	104.595856	-58.849483	-35.523758	1.7268672	13396.117686748505
312	-545.4665	156.10239	-367.80045	-818.2457	-49.513626	61.24192	5.863849	-168.96274	1000.0	1000.0	1560000	34.31527	8.212797	111.62328	-24.305353	-35.060104	1.6951644	13438.200158596039
313	-321.90292	182.86823	-84.28851	-636.4206	-465.37183	405.25803	-144.63335	-1269.4314	1000.0	1000.0	1565000	34.250374	7.9075956	104.499146	-51.59105	-35.01323	1.5819187	13481.42549085617
314	-418.05966	105.34358	-271.17188	-524.74396	-249.05815	101.36966	-87.560486	-402.11267	1000.0	1000.0	1570000	34.313534	7.993861	105.60114	-33.003536	-35.061604	1.6793219	13523.48497390747
315	-402.1187	190.87642	-43.181393	-603.7024	-356.99103	62.61567	-250.60109	-436.80603	807.4	1000.0	1575000	33.808586	8.256208	109.697136	-20.543839	-34.532883	1.6910256	13563.22982263565
316	-389.38986	277.47568	5.244603	-860.0388	-805.48486	26.889206	-732.787	-836.32184	843.5	1000.0	1580000	32.935078	8.748795	112.47246	-68.48558	-33.639645	1.6655085	13604.832026958466
317	-475.2068	76.626305	-334.50345	-565.4271	-198.09778	343.49548	186.26852	-656.7972	1000.0	1000.0	1585000	32.269485	8.855694	116.66294	-32.469883	-32.993458	1.7144809	13648.765573740005
318	-237.17033	100.48367	-112.547195	-337.9156	56.100048	367.45596	332.89673	-1005.3404	1000.0	909.1	1590000	31.561563	9.204371	113.3806	-24.75797	-32.264454	1.8271326	13690.659450054169
319	-370.97687	168.2106	-137.63293	-530.3689	-278.2237	196.31035	-115.03051	-855.07446	1000.0	1000.0	1595000	30.7993	9.002461	107.944954	-32.94451	-31.5214	1.7060312	13734.149413824081
320	-486.46695	107.22322	-320.76907	-634.8352	-341.77078	196.89925	-60.406105	-621.26984	1000.0	1000.0	1600000	30.758907	8.923517	111.49271	-25.958813	-31.48205	1.6935818	13776.038790941238
321	-321.26846	206.78545	-32.70441	-560.20496	-361.12476	115.62661	-192.37086	-572.72186	737.0	1000.0	1605000	30.512335	9.023512	112.308334	-41.40586	-31.222418	1.6867701	13819.853302955627
322	-440.15244	88.531746	-270.9297	-523.3946	-873.08215	658.2087	15.471386	-1552.257	1000.0	911.2	1610000	30.234003	9.286249	108.972916	-60.859814	-30.946257	1.8275878	13862.071482181549
323	-504.20035	172.4369	-284.49377	-788.4011	-218.30522	185.6216	136.87434	-602.8049	1000.0	1000.0	1615000	29.605694	9.249506	104.07838	-80.14358	-30.308413	1.7695891	13906.059252262115
324	-449.51434	164.51118	-192.18146	-666.19995	-362.7342	136.96251	-63.156414	-497.40265	958.6	1000.0	1620000	29.392307	9.046823	114.8324	-35.038982	-30.10674	1.7817597	13948.14734172821
325	-406.42023	130.7992	-157.64528	-528.6253	39.92463	63.00717	188.97037	-26.420637	1000.0	1000.0	1625000	29.199436	8.949988	120.5608	-49.706863	-29.90465	1.8916974	13991.29274559021
326	-361.06512	148.4381	-222.23857	-553.10187	-554.8414	401.4059	188.22162	-941.9447	1000.0	902.2	1630000	29.273966	8.968827	111.805405	-23.446377	-30.013128	1.8189355	14033.369675636292
327	-330.71426	32.35653	-299.44144	-391.34473	71.565216	110.01393	369.23563	-26.550625	1000.0	903.1	1635000	29.486986	8.922331	111.62301	-25.716515	-30.201038	1.8166935	14075.005313873291
328	-490.5191	335.7897	-102.040375	-895.8979	-258.79468	198.87247	22.408926	-608.566	1000.0	903.6	1640000	29.218145	8.787696	113.51912	-27.219366	-29.906357	1.7153847	14118.073081493378
329	-281.61832	157.25635	-12.160321	-459.41617	-286.52023	174.53224	119.83249	-565.43555	838.8333	1000.0	1645000	28.467316	8.798959	107.85069	-19.077747	-29.153189	1.74204	14161.328825235367
330	-453.3022	59.379265	-353.53088	-526.29175	-203.72058	266.85986	176.84506	-739.6484	1000.0	1000.0	1650000	28.40027	9.336998	112.502785	-14.926859	-29.102169	1.8758012	14204.872671365738
331	-349.39078	180.78651	-114.19028	-587.5883	-125.91874	275.62958	162.0393	-684.4055	1000.0	1000.0	1655000	27.751705	9.416348	106.98573	-69.08209	-28.425253	1.8595328	14247.98817205429
332	-498.0385	253.71179	-219.80765	-943.83215	-585.15344	361.19226	-60.09842	-1286.6595	1000.0	1000.0	1660000	27.033867	9.471876	112.163506	-40.18105	-27.701902	1.8455381	14290.972511291504
333	-434.82944	117.49446	-275.489	-544.73395	-575.9927	214.30006	-223.32025	-945.44904	1000.0	1000.0	1665000	26.121971	9.434671	113.44095	-29.161865	-26.773926	1.854609	14334.161144971848
334	-250.89581	146.06715	-12.583672	-395.92374	-535.43164	172.35788	-193.90971	-837.88257	839.3333	1000.0	1670000	25.347486	9.096512	110.224335	-44.958836	-26.008595	1.7316755	14377.956755638123
335	-620.8449	73.27705	-508.26782	-691.0509	-444.09164	285.0742	22.338434	-1073.9979	1000.0	903.9	1675000	25.034262	9.272065	106.08091	-42.324837	-25.700735	1.6975207	14421.28701043129
336	-364.39178	185.79224	-82.39946	-628.66956	-97.60112	133.79813	48.052036	-417.45654	1000.0	1000.0	1680000	24.655155	9.608455	104.55647	-43.45354	-25.318537	1.7351909	14466.05102276802
337	-416.2127	78.254684	-321.55914	-524.7995	-257.2492	160.23634	-12.728588	-487.823	1000.0	1000.0	1685000	24.671066	9.773149	107.60631	-28.281338	-25.350296	1.7750852	14508.570357084274
338	-456.42203	203.05586	-17.947775	-614.09674	-224.87383	180.223	81.674904	-488.83545	839.0	810.7	1690000	24.347073	9.816677	108.948944	-28.78371	-25.010464	1.78317	14549.235963821411
339	-381.73862	237.59076	0.5358606	-652.02246	-439.88916	344.69766	-47.414326	-1367.0321	835.5	830.2	1695000	23.811108	9.78608	109.297035	-18.14285	-24.468779	1.8008997	14591.119969367981
340	-535.4031	121.31192	-363.83252	-697.1945	-293.7563	162.23386	-7.567459	-504.59406	1000.0	1000.0	1700000	23.444578	10.18896	118.022514	-43.41976	-24.10218	1.8152586	14635.03606724739
341	-440.22183	121.18797	-269.51584	-572.33044	-196.21628	177.59314	11.020075	-497.75372	1000.0	808.3	1705000	23.190102	10.353415	105.66069	-77.73536	-23.856054	1.9748492	14676.156768083572
342	-553.0094	73.69332	-445.8193	-635.257	-217.26653	232.54272	169.79263	-502.62018	1000.0	1000.0	1710000	23.157196	10.109482	113.69415	-19.715034	-23.828596	1.7606446	14720.363042354584
343	-334.13876	107.032166	-211.82132	-526.83746	-181.20464	359.40225	400.7523	-856.4797	1000.0	902.8	1715000	23.291014	10.191346	106.49588	-34.308125	-23.971775	1.832954	14763.508610963821
344	-253.94382	101.20143	-38.097034	-378.92984	-78.0885	166.68872	189.15257	-372.74594	775.2857	841.3	1720000	23.448563	10.178451	107.83275	-33.49743	-24.126213	1.7273928	14806.82687163353
345	-452.18393	125.42916	-210.7075	-563.45306	-209.8948	92.500725	-31.605213	-327.79132	1000.0	1000.0	1725000	23.864153	10.1383705	103.88454	-42.340897	-24.566525	1.792564	14851.425411939621
346	-446.75565	191.38208	-58.352913	-676.0642	-230.74585	278.32745	191.31972	-838.8114	842.5	908.1	1730000	24.382954	10.086546	108.96424	-45.954918	-25.080097	1.8452287	14893.966250896454
347	-416.813	222.93246	3.5754526	-728.8859	-34.65138	207.62717	261.79218	-471.72562	839.1667	1000.0	1735000	24.956123	10.009278	113.05831	-34.44349	-25.663094	1.7668437	14938.555294752121
348	-285.5395	79.320206	-187.7255	-421.51797	-2.066785	191.10487	236.10506	-341.8225	1000.0	920.4	1740000	25.228802	10.105717	111.06142	-30.379791	-25.921932	1.8179402	14981.85468840599
349	-356.73047	239.50085	-2.0070899	-667.9953	-346.49313	142.66231	-164.32852	-715.72186	740.8571	1000.0	1745000	25.487518	10.215485	108.212944	-35.51014	-26.19646	1.9021494	15026.448776960373
350	-583.6007	87.4543	-450.6285	-708.8162	-79.46447	381.48532	118.71831	-1163.2334	1000.0	1000.0	1750000	25.746578	10.202598	115.2497	-42.743446	-26.441969	2.0025723	15070.796261787415
351	-392.5883	166.38373	-136.27876	-574.9968	-75.63082	181.15501	186.98758	-505.34653	1000.0	807.0	1755000	25.686483	9.683793	109.85935	-39.1325	-26.389591	1.9381373	15112.723758459091
352	-398.51602	108.77489	-204.37189	-504.49194	-460.58868	388.71732	-18.123028	-1252.9158	1000.0	904.8	1760000	26.036505	9.5105715	110.82315	-32.217606	-26.744576	1.795873	15156.2605946064
353	-256.70264	187.91351	1.8523372	-453.6092	-366.04657	229.34178	97.180084	-719.65247	725.8571	1000.0	1765000	26.269793	9.434053	121.16933	-25.158405	-26.989557	1.8105792	15201.233830213547
354	-287.38824	136.19685	-81.948456	-448.04355	15.337477	164.65285	207.29977	-274.94287	1000.0	1000.0	1770000	26.663376	9.83681	107.368454	-21.522177	-27.37565	1.8460277	15244.558680534363
355	-353.3803	99.99301	-217.12547	-457.68826	-520.9992	252.14705	-88.53361	-1005.3778	1000.0	1000.0	1775000	26.943047	9.962843	107.327995	-45.043785	-27.671438	1.9091733	15288.476425886154
356	-318.2112	184.96074	3.2179785	-558.00464	-431.20346	400.62628	210.50327	-837.75604	838.6667	1000.0	1780000	27.156052	9.714378	113.79522	-19.409706	-27.866934	1.8224828	15333.099195957184
357	-402.0674	98.711334	-274.65564	-562.54565	-72.92463	213.87561	294.56534	-388.15857	1000.0	901.1	1785000	27.033236	10.237817	123.44674	-26.98375	-27.740204	1.9184998	15376.670018911362
358	-306.9161	143.96286	-109.40681	-529.38	-293.54437	139.41742	44.604603	-441.9906	1000.0	1000.0	1790000	26.974844	10.567479	116.46269	-28.027683	-27.6785	1.9508791	15420.745673418045
359	-439.7471	207.53139	-12.409769	-686.8133	-335.86963	230.6182	168.72142	-737.7422	838.3333	1000.0	1795000	26.784922	10.786819	114.02576	-27.139246	-27.487053	1.9360008	15464.8076338768
360	-436.4515	148.71178	-250.51443	-652.85455	-191.60226	439.80453	176.66896	-883.93414	1000.0	1000.0	1800000	26.476767	10.860145	108.61727	-23.89274	-27.180134	1.9089601	15509.700519800186
361	-443.0228	74.71951	-355.67792	-528.7692	-421.49933	257.0235	-0.7106035	-912.5464	1000.0	901.0	1805000	26.340706	10.309294	110.4179	-25.208439	-27.037762	1.8851169	15552.845791101456
362	-397.53888	112.67826	-241.74731	-591.0873	-349.96368	528.7399	449.1926	-1736.5812	1000.0	1000.0	1810000	26.047598	10.012446	113.98736	-27.8439	-26.739275	1.8370717	15597.443742752075
363	-266.4395	145.87215	18.873386	-463.6185	-272.45667	523.39575	195.48611	-1532.4238	837.0	902.3	1815000	25.746407	10.362353	109.7504	-35.233944	-26.441843	1.7938683	15640.660786151886
364	-329.9914	241.03667	-35.768578	-670.7826	-108.54087	408.0109	240.2318	-1234.8329	806.8	909.1	1820000	25.832699	10.3406105	112.31937	-38.606503	-26.549366	1.8736709	15682.858043670654
365	-384.47427	101.666176	-273.07285	-553.4444	-267.84818	421.1918	325.772	-878.95013	1000.0	1000.0	1825000	25.735197	10.111035	110.8592	-39.597656	-26.425356	1.9173703	15727.22682094574
366	-401.78116	137.64029	-222.28017	-607.1064	-494.6898	442.16464	157.29007	-1146.8802	1000.0	921.5	1830000	25.349691	10.036099	110.998184	-69.77318	-26.042822	1.9287425	15770.462113142014
367	-298.7909	72.5791	-172.4612	-387.3137	-279.84204	303.52316	134.19884	-1016.27686	1000.0	807.1	1835000	25.264523	9.884038	109.188866	-67.05116	-25.964619	1.8062123	15812.799463748932
368	-427.16733	98.912415	-252.54213	-531.3131	-364.50995	227.43118	-120.712944	-825.159	1000.0	1000.0	1840000	25.60806	9.95343	112.28349	-24.427694	-26.334091	1.8217703	15856.877882242203
369	-334.29153	204.99336	-39.161148	-639.7675	-12.307605	318.36118	316.23898	-668.6704	839.6667	1000.0	1845000	26.099337	9.936269	108.5099	-84.186966	-26.822958	1.8589001	15902.220367193222
370	-357.3855	85.998146	-246.6947	-458.4814	-129.92717	118.812355	20.675247	-271.85007	1000.0	624.9	1850000	26.490242	9.611479	103.6512	-71.70495	-27.210056	1.777055	15942.804079771042
371	-302.5433	181.14902	-75.98815	-619.3079	-304.61795	462.2734	229.76395	-1112.5327	862.5	901.2	1855000	26.51854	9.839999	110.983925	-43.179302	-27.235588	1.8572094	15987.370415449142
372	-353.09015	165.1016	-126.9336	-620.00604	-693.39624	377.5085	104.736855	-1094.8433	1000.0	1000.0	1860000	26.743858	9.6638975	108.24202	-17.276245	-27.46503	1.8681449	16031.206395626068
373	-359.53247	147.51305	-164.08711	-548.9192	-292.6197	511.13306	361.7816	-1076.4177	1000.0	1000.0	1865000	26.93163	9.596115	114.59243	-33.632786	-27.656143	1.8870198	16074.841713428497
374	-367.9411	157.95863	-83.44291	-554.96857	-424.14105	441.04538	-4.095794	-1684.1569	1000.0	903.3	1870000	26.97206	9.290013	116.76966	-19.973503	-27.6898	1.8571365	16118.04467535019
375	-217.2615	202.43672	39.45625	-523.89996	-168.56728	383.53598	84.36419	-1162.0089	724.0	808.6	1875000	27.004866	9.396235	113.13785	-20.391804	-27.726717	1.8779775	16161.15345788002
376	-338.4727	143.67784	-93.086945	-502.6636	-387.53577	324.29578	-44.490078	-1042.8616	880.1667	1000.0	1880000	27.03179	9.432695	114.35237	-17.237188	-27.746151	1.8459367	16206.863260507584
377	-486.2085	80.42205	-336.794	-579.4824	-249.72461	247.4908	127.130295	-589.4969	1000.0	1000.0	1885000	26.99867	9.2637415	113.28529	-29.346022	-27.727293	1.9566838	16251.021154642105
378	-392.31964	84.06065	-272.44064	-503.73703	-137.3545	113.442154	45.055664	-288.20462	1000.0	906.2	1890000	27.419586	8.982499	112.26218	-33.77517	-28.163103	1.8742055	16295.499032020569
379	-416.059	54.65589	-358.31592	-515.9081	-357.90863	257.02307	-167.15024	-874.0069	1000.0	1000.0	1895000	27.593138	8.834997	106.64683	-26.716831	-28.309725	1.8484502	16339.892528057098
380	-279.80423	138.34007	-2.8096993	-431.22806	-244.4388	235.09941	-101.8265	-910.9568	839.1667	1000.0	1900000	27.676422	8.818496	103.51667	-21.45169	-28.406448	1.8227257	16384.62031507492
381	-359.71344	68.33106	-288.6679	-441.6789	14.58372	88.639725	217.6863	-139.04787	1000.0	1000.0	1905000	27.482693	8.697402	104.2818	-29.203148	-28.20218	1.6911848	16428.885787963867
382	-315.81537	50.38722	-247.30577	-385.4386	-114.55399	288.71567	315.90088	-766.0768	1000.0	901.0	1910000	27.595955	8.324201	103.818085	-25.078041	-28.320774	1.7408432	16472.232629299164
383	-365.96622	83.63011	-263.28247	-480.63892	-156.99557	452.8515	358.72833	-1067.7714	1000.0	901.7	1915000	27.804955	8.240617	99.662445	-22.94329	-28.54291	1.6806723	16515.817706346512
384	-257.28467	110.67558	-110.35427	-438.00653	-261.27402	198.94072	-0.8172344	-735.91986	1000.0	913.1	1920000	28.171825	8.359106	107.1731	-17.42714	-28.915272	1.7531692	16559.14519882202
385	-365.92413	70.00228	-244.89017	-451.96133	89.45936	152.28142	377.59702	-90.80169	1000.0	900.9	1925000	28.662905	8.896529	107.825035	-19.696712	-29.416622	1.8793826	16603.955590724945
386	-359.01758	83.24157	-240.43483	-429.68427	-581.77966	499.87347	-220.46098	-1500.0045	1000.0	1000.0	1930000	28.904491	8.623424	111.81872	-33.26824	-29.664413	1.851949	16648.30708551407
387	-480.82812	267.6164	-243.54662	-995.18353	-380.93732	466.14188	-54.119705	-1600.2137	1000.0	1000.0	1935000	29.843754	8.60945	110.82461	-31.840565	-30.628675	1.8444066	16692.728142261505
388	-427.29715	265.80963	-27.321184	-699.7431	-330.19672	444.33633	221.25131	-1253.3663	727.5714	905.0	1940000	30.580156	8.780133	117.5596	-40.09509	-31.357029	1.9158738	16737.0603556633
389	-464.53897	153.73509	-305.4414	-730.0991	-339.03467	175.74849	-167.01086	-847.63196	1000.0	1000.0	1945000	30.803253	8.666915	113.18801	-38.16768	-31.562819	1.790175	16782.224514722824
390	-449.31564	230.4997	11.350004	-726.5891	-394.72293	190.0791	0.9473504	-814.14453	835.3333	900.9	1950000	31.05168	8.656979	112.44801	-48.727764	-31.834728	1.8222951	16825.132976293564
391	-394.32214	177.13623	-172.99937	-620.5384	90.80005	511.24097	377.31903	-1428.1953	1000.0	1000.0	1955000	31.172516	9.038728	115.467	-48.954895	-31.9348	1.9506762	16870.16234588623
392	-267.35895	109.373695	-179.64082	-445.79156	-384.85684	242.76772	-0.2806726	-868.0134	1000.0	807.7	1960000	31.495514	9.559529	113.807495	-35.34214	-32.291187	2.0431466	16914.148603200912
393	-270.39688	172.92978	-10.655184	-551.6155	-164.20624	436.8884	378.38403	-953.7463	839.5	1000.0	1965000	31.806984	9.394072	113.57475	-21.61355	-32.57803	1.9946842	16959.121429920197
394	-314.27408	157.7348	-119.20736	-581.31555	-132.49612	316.2037	157.68939	-754.85034	1000.0	1000.0	1970000	31.645908	9.067935	113.79637	-35.733948	-32.40604	1.991888	17004.76151418686
395	-363.1665	160.38594	-202.17009	-650.7981	102.23564	293.90097	398.42606	-504.907	1000.0	1000.0	1975000	31.542847	8.556364	118.69589	-21.710732	-32.32693	1.9000645	17050.289877414703
396	-212.26926	114.061195	-60.11918	-405.92154	48.236206	264.98083	279.26886	-590.38904	1000.0	1000.0	1980000	31.631163	8.422592	114.506096	-44.144516	-32.3911	1.8433348	17095.29776072502
397	-270.08923	117.667854	-144.9355	-457.0045	-338.63028	502.90485	23.161123	-1349.2786	1000.0	901.2	1985000	31.43585	8.17006	122.2395	-33.733315	-32.190968	2.0167143	17138.706468582153
398	-355.649	268.88113	-4.043471	-778.0431	-376.67825	646.7558	451.83942	-1298.5597	726.4286	816.6	1990000	31.490372	8.563327	149.58504	-42.66651	-32.271023	2.4033918	17180.821525335312
399	-767.0081	401.32355	-44.12061	-1194.7406	-1005.5834	368.05328	-654.00397	-1928.0779	1000.0	1000.0	1995000	35.176136	12.471372	249.97913	-31.233028	-36.309887	7.0264783	17226.117067337036
400	-777.74646	160.23766	-563.9608	-1047.5933	-218.379	477.85956	126.705124	-1373.7924	1000.0	904.6	2000000	40.973213	15.904284	268.68317	-50.05555	-41.97676	7.309076	17268.895474910736
401	-561.9363	160.09145	-288.56937	-780.8826	-407.7889	320.89777	169.2137	-967.5961	1000.0	1000.0	2005000	40.493755	14.293412	191.22345	-81.76672	-41.275803	4.1205993	17313.5681681633
402	-452.47403	232.38597	8.483818	-725.42285	-446.4427	260.93903	-120.12381	-780.6798	835.1667	1000.0	2010000	37.502914	11.390943	133.10939	-77.45457	-38.24487	2.7736504	17358.474945306778
403	-313.32477	163.33885	-136.42902	-557.64087	-28.423273	261.17163	334.90674	-665.17346	1000.0	1000.0	2015000	35.439384	9.213791	120.8181	-31.103436	-36.185837	2.0945656	17402.711573839188
404	-231.98788	131.91748	-49.118465	-399.69406	-135.78432	239.80661	331.90802	-512.8488	1000.0	901.6	2020000	34.241215	8.416	115.384705	-50.190765	-35.00464	1.9285824	17446.233942508698
405	-502.84854	60.6651	-386.47437	-556.49994	-370.93088	198.93698	-176.79709	-831.3706	1000.0	1000.0	2025000	33.31679	8.041672	111.02289	-31.491592	-34.06533	1.808759	17490.672305345535
406	-445.85565	54.196964	-356.08337	-527.08124	-400.90576	335.8193	-20.480597	-1244.7994	1000.0	1000.0	2030000	32.59782	7.9511323	109.8647	-52.158546	-33.362816	1.8419851	17535.563688516617
407	-377.15524	182.33092	21.409477	-492.6288	-299.15	303.35748	-22.29227	-1026.825	853.5	1000.0	2035000	31.971344	7.997104	109.795074	-49.681065	-32.724155	1.8985656	17579.913219213486
408	-398.37595	37.03966	-336.99615	-445.1602	-369.47458	402.94888	110.09191	-924.1625	1000.0	1000.0	2040000	31.204058	8.007133	116.73608	-31.048477	-31.95192	1.8758737	17625.045156002045
409	-228.12997	137.52606	-65.68108	-471.8621	-156.50856	208.57407	146.61299	-605.96545	1000.0	1000.0	2045000	30.607626	7.773418	105.63407	-29.346174	-31.339746	1.7841103	17669.65933561325
410	-279.08063	202.70586	3.504835	-519.8509	-119.77904	83.41817	9.487932	-225.22234	806.4	805.8	2050000	30.11126	7.9789267	106.4666	-28.681911	-30.84891	1.9073037	17710.173329353333
411	-416.3217	64.40305	-290.18872	-467.37607	25.652527	222.69235	246.58765	-576.852	1000.0	1000.0	2055000	29.622683	8.026514	111.42246	-42.60124	-30.358988	1.8423897	17755.112951755524
412	-331.07336	91.09828	-173.11699	-431.08975	-251.27048	269.64328	-10.075956	-914.5035	1000.0	902.8	2060000	29.300177	7.760183	107.58502	-37.161423	-30.035263	1.7901801	17798.691489458084
413	-276.6228	141.37018	-85.53554	-520.2808	-93.43825	309.10287	294.94254	-769.56384	1000.0	1000.0	2065000	28.964947	7.5422015	109.07751	-34.120853	-29.706556	1.7016332	17844.817544221878
414	-247.89302	134.18275	-44.811985	-455.9499	-87.92687	391.28534	140.7435	-875.8141	1000.0	1000.0	2070000	29.026598	7.7307296	107.077225	-30.854382	-29.777025	1.6449685	17889.59713244438
415	-242.91028	164.81915	7.4954405	-504.72424	-59.625336	299.07336	274.44672	-547.9789	836.3333	1000.0	2075000	29.176495	7.878305	106.41907	-86.75799	-29.92081	1.7349106	17934.947322368622
416	-278.0436	34.092308	-226.39053	-314.03253	-159.21487	481.71396	299.99182	-1454.6792	1000.0	903.2	2080000	29.119844	7.834503	105.24704	-30.165953	-29.8681	1.7155012	17978.707951068878
417	-445.97226	44.73867	-386.8621	-512.5555	-263.61163	357.7217	254.89697	-765.06024	1000.0	903.8	2085000	29.516405	7.666244	102.410355	-35.06014	-30.288515	1.7642146	18023.151294469833
418	-185.24284	161.20148	12.4497175	-362.04977	-67.49785	95.01549	149.06897	-158.81378	732.0	905.5	2090000	30.095343	7.585545	107.5312	-44.26185	-30.860094	1.7228717	18067.367923736572
419	-284.05038	107.9536	-148.94028	-425.242	-154.57169	155.55746	4.596133	-577.36554	1000.0	1000.0	2095000	30.244587	7.4362206	109.24504	-29.895336	-31.008675	1.6331053	18112.18903040886
420	-312.25708	152.75313	-40.467403	-503.17163	-44.139565	280.12555	181.35875	-570.0214	1000.0	1000.0	2100000	30.40241	7.3235054	109.6278	-37.83037	-31.158726	1.6923871	18158.937131643295
421	-232.22147	61.3861	-164.8903	-346.30243	101.93845	279.17004	375.4793	-644.9892	1000.0	905.7	2105000	30.466038	7.1289067	106.066864	-37.227932	-31.223013	1.6519201	18203.87502026558
422	-158.41609	124.67926	6.071225	-382.65558	-180.68738	283.0799	15.604838	-1014.2852	835.1667	1000.0	2110000	30.734077	7.297985	103.82748	-32.8675	-31.517162	1.6588506	18250.629824876785
423	-378.208	71.508995	-283.41022	-504.6437	-102.99687	135.55188	41.755608	-410.7137	1000.0	618.6	2115000	31.363861	7.672778	101.593994	-47.207077	-32.130054	1.7138559	18291.859417676926
424	-429.34662	61.972633	-310.63083	-492.6011	-397.2165	423.97684	110.18731	-1166.2456	1000.0	1000.0	2120000	31.295551	7.6432757	103.8649	-35.63782	-32.052277	1.6845257	18337.913521528244
425	-290.36792	124.99168	-47.180115	-384.3799	-137.91359	440.5409	276.1229	-1243.3622	1000.0	1000.0	2125000	31.08593	7.7446094	112.06545	-40.179447	-31.841694	1.734925	18384.055371046066
426	-226.09042	113.204445	-57.739017	-349.6628	-247.6232	184.76797	7.468117	-599.79834	1000.0	1000.0	2130000	30.88968	7.7108493	107.17822	-43.414074	-31.651432	1.7326257	18428.798295497894
427	-260.34598	168.11116	-12.700623	-491.34134	-115.7404	385.92798	365.29736	-853.6862	839.8333	1000.0	2135000	31.189293	7.7646646	105.58533	-44.233955	-31.967125	1.7255919	18475.41587948799
428	-325.6622	86.38921	-187.53586	-445.6605	-113.955124	180.33936	98.20253	-491.814	1000.0	1000.0	2140000	31.637144	8.1589985	104.514404	-39.40464	-32.4177	1.8400108	18521.849509239197
429	-378.47168	86.67416	-274.41467	-502.8762	-235.72556	388.50342	360.17572	-1053.914	1000.0	901.7	2145000	31.749607	8.0970955	103.961044	-28.842196	-32.51453	1.7952642	18566.324453353882
430	-340.8261	36.991676	-286.8919	-398.9169	-231.29631	336.40424	7.8398952	-902.0362	1000.0	1000.0	2150000	31.379185	8.194155	108.96768	-32.45887	-32.12039	1.5982798	18613.39400076866
431	-189.2382	101.699265	-25.764406	-305.10342	196.91286	180.92378	340.1518	-308.9068	1000.0	1000.0	2155000	30.978333	8.309807	104.657875	-38.739716	-31.727121	1.7249279	18659.33427119255
432	-340.4507	81.30259	-198.91107	-452.71255	-121.07109	193.8463	132.26183	-521.0665	1000.0	905.2	2160000	30.762419	7.9711804	172.8898	-22.86655	-31.5185	1.6946473	18704.64496088028
433	-399.71533	58.03158	-311.3498	-471.16904	101.13612	322.991	363.8929	-646.85785	1000.0	1000.0	2165000	30.817177	7.9463086	168.65097	-53.659283	-31.571962	1.7771418	18751.707593917847
434	-126.26654	107.28649	4.405176	-280.53427	-74.28469	184.59142	131.38829	-581.72046	720.5714	708.2	2170000	30.86375	7.9591537	116.00741	-53.260834	-31.62146	1.694269	18794.492530107498
435	-269.17328	88.090256	-195.45969	-437.87778	-761.4313	829.77545	317.7896	-1829.3309	1000.0	901.2	2175000	30.9302	8.064232	105.33624	-37.86339	-31.698675	1.7066907	18839.824333906174
436	-282.8653	94.7093	-158.06429	-449.62177	-175.24011	312.61737	56.76028	-1000.83496	1000.0	1000.0	2180000	31.293743	8.00217	107.308556	-56.38143	-32.0761	1.6773922	18886.301750659943
437	-372.44824	100.47282	-199.44063	-499.73584	-203.26405	291.7329	11.820814	-1020.88135	1000.0	902.5	2185000	31.657532	8.074486	109.454865	-63.334923	-32.435844	1.7414672	18931.075637102127
438	-242.41513	124.91115	-89.53654	-423.52124	150.78532	204.63097	359.8404	-392.4157	1000.0	1000.0	2190000	31.845861	8.05731	105.58957	-53.148327	-32.611477	1.7013153	18977.8257958889
439	-206.39241	101.81133	7.221025	-312.97342	9.52182	208.41783	262.63293	-369.36987	844.1667	1000.0	2195000	31.995684	8.076096	113.199394	-32.596638	-32.7778	1.6865296	19024.592084884644
440	-278.78928	136.3487	-22.326601	-457.67834	39.139256	134.64375	250.61282	-180.72128	848.5	904.1	2200000	32.32132	8.120182	108.83407	-18.230122	-33.08855	1.6969177	19070.849453926086
441	-313.63684	57.303646	-232.04161	-406.09378	-378.4389	528.16595	304.87347	-1231.21	1000.0	1000.0	2205000	32.292393	8.04069	104.911026	-28.983164	-33.072006	1.6619335	19116.237559080124
442	-287.68466	207.99982	37.942112	-631.671	-351.33102	206.05138	-167.15704	-826.2441	837.8333	1000.0	2210000	32.533043	8.201842	110.29831	-48.81437	-33.310596	1.7306128	19162.87361907959
443	-427.53677	35.488564	-363.77213	-467.6394	-202.52968	296.2119	-4.8641253	-1063.2476	1000.0	903.1	2215000	32.509777	8.285851	108.30936	-36.815376	-33.267044	1.6866063	19207.465015649796
444	-272.14206	115.371666	-137.01512	-409.94482	-337.41147	398.61417	-52.841194	-1226.612	1000.0	1000.0	2220000	31.836832	8.458894	106.897964	-30.349333	-32.576668	1.7510762	19254.16519355774
445	-360.75803	66.89377	-266.12585	-465.9005	-186.09692	75.18623	-2.7622797	-293.84775	1000.0	903.4	2225000	31.366856	8.637171	108.058426	-44.51764	-32.11764	1.7945771	19299.318617105484
446	-446.3915	44.71517	-391.41022	-508.25104	-88.10415	158.64941	89.089325	-387.4889	1000.0	1000.0	2230000	31.429976	8.333998	110.70981	-37.321625	-32.18902	1.6494164	19346.113230466843
447	-281.05746	192.99539	-18.641188	-512.97766	-161.80185	200.36734	50.478355	-714.5832	836.8333	905.1	2235000	31.291796	8.223983	111.86765	-42.562206	-32.05025	1.6857178	19392.252400159836
448	-266.72214	196.64058	34.72202	-478.06268	-215.39604	298.69785	20.80592	-967.1725	839.5	1000.0	2240000	30.994188	8.384973	109.024765	-40.858295	-31.732796	1.7310194	19439.439452171326
449	-283.63516	119.67356	-74.57718	-421.53436	-486.88257	371.43292	-139.2297	-1098.0367	1000.0	1000.0	2245000	30.594519	8.244697	108.97925	-41.120728	-31.328405	1.7073207	19486.35893368721
450	-510.6819	34.58345	-451.44864	-552.6479	-299.0229	135.76547	11.984007	-507.20337	1000.0	901.2	2250000	30.163485	7.9804096	99.49265	-37.099365	-30.900663	1.6768707	19532.09615778923
451	-242.31677	165.00728	-18.161282	-500.41592	203.04968	168.65999	377.93912	-233.57463	1000.0	1000.0	2255000	29.854118	8.483658	107.33191	-44.855152	-30.576788	1.7684895	19579.210114479065
452	-259.50406	199.44867	12.114135	-540.56964	-223.85945	405.4027	412.32266	-946.00256	848.8333	1000.0	2260000	28.913836	8.630614	109.84895	-37.968403	-29.62142	1.7710545	19626.56069946289
453	-410.6456	77.53161	-309.93362	-513.2348	-69.04651	28.975935	-8.418733	-117.76966	1000.0	908.1	2265000	28.154726	8.3699255	107.48694	-32.830273	-28.852068	1.7111728	19672.86643767357
454	-237.15828	112.62542	-78.68497	-379.32886	-240.30649	304.96484	14.698386	-1089.4818	852.6667	1000.0	2270000	27.233952	8.328545	107.6393	-42.525684	-27.924698	1.63454	19721.151418685913
455	-312.175	181.0285	-13.80702	-484.27515	-293.95926	242.6041	-120.81644	-943.696	835.5	1000.0	2275000	26.655554	8.749725	104.10976	-42.055367	-27.347284	1.756287	19767.827257871628
456	-410.7998	66.610214	-331.9065	-497.36246	-426.20673	356.24945	-167.48586	-1144.3524	1000.0	1000.0	2280000	26.06519	8.605508	104.86729	-37.250153	-26.752535	1.6363987	19814.697503089905
457	-445.74042	53.877686	-341.95065	-498.7287	-336.17645	257.50162	26.90991	-931.0885	1000.0	1000.0	2285000	25.759665	8.725022	105.983765	-29.779123	-26.45424	1.6941185	19862.393137454987
458	-462.3587	92.88275	-315.63794	-581.3026	-90.54249	187.36322	181.8869	-383.7179	1000.0	1000.0	2290000	25.155363	8.735709	107.05905	-44.124107	-25.818571	1.7118895	19909.87749004364
459	-375.41257	99.787674	-200.52173	-498.61304	-469.5537	566.8267	215.54752	-1281.2415	1000.0	1000.0	2295000	24.233934	8.862079	159.15245	-40.31946	-24.90085	1.7202718	19958.037173509598
460	-322.43845	104.19568	-179.22209	-493.84006	-152.01389	395.85925	247.11797	-690.8421	1000.0	1000.0	2300000	23.73125	8.846277	109.80311	-40.291042	-24.394527	1.6775872	20005.54507303238
461	-317.97217	143.77943	-168.84502	-504.00916	-289.67374	548.80164	266.03494	-1119.7783	1000.0	1000.0	2305000	23.272	8.8351755	107.9079	-32.771404	-23.930191	1.6506379	20053.144777297974
462	-289.24884	137.382	-96.29398	-459.3919	139.1701	186.51546	405.64734	-308.29608	1000.0	1000.0	2310000	22.887856	8.411145	116.9561	-57.57616	-23.566284	1.7068483	20099.596973657608
463	-312.0407	105.839294	-202.5096	-442.0123	-73.63151	478.59534	341.4197	-1267.3684	1000.0	902.8	2315000	22.943827	8.442524	96.96613	-54.909332	-23.616566	1.671282	20146.15164399147
464	-286.84326	71.60831	-169.59358	-384.30948	-3.7081566	225.77896	295.37778	-486.30508	1000.0	904.8	2320000	23.006535	8.439999	118.13105	-32.575947	-23.68165	1.7140826	20193.14077949524
465	-191.69656	84.243286	-60.79442	-284.5722	-63.58593	361.06757	224.18796	-1112.0386	1000.0	803.6	2325000	23.009523	8.292019	135.46002	-36.30971	-23.688696	1.7230028	20237.855365037918
466	-249.70126	114.62809	-75.44901	-379.4559	-57.49242	263.7409	264.4734	-647.47516	1000.0	901.2	2330000	23.276731	8.097456	101.04048	-36.680965	-23.960545	1.6210049	20283.3327357769
467	-247.60855	87.96076	-98.13038	-340.65048	-428.67596	451.30048	197.11401	-1234.4491	1000.0	1000.0	2335000	23.55728	8.034756	114.80373	-34.632423	-24.24719	1.6268256	20331.663363456726
468	-425.51825	57.911346	-322.14008	-498.60217	-261.10797	99.93541	-141.36885	-441.9655	1000.0	1000.0	2340000	23.876122	8.045342	133.3411	-35.95926	-24.564802	1.7025614	20378.864465236664
469	-268.89044	153.59338	-19.798988	-449.62488	-132.1102	318.78427	225.27222	-979.21533	1000.0	903.6	2345000	24.242292	8.231619	98.569595	-31.3919	-24.939545	1.6369416	20424.146377563477
470	-420.4122	69.10284	-331.85834	-496.54297	32.876724	298.2091	385.6816	-513.5522	1000.0	1000.0	2350000	24.750902	8.232098	121.03484	-29.727245	-25.457233	1.6546422	20470.884471178055
471	-275.4675	211.14249	31.543398	-570.89185	-35.087627	77.732056	81.22451	-158.2629	1000.0	1000.0	2355000	25.018639	8.203923	102.70187	-28.079838	-25.72286	1.6835396	20519.104573488235
472	-457.1408	118.69142	-248.86693	-610.2707	-395.3504	255.08989	-146.60599	-834.4382	1000.0	1000.0	2360000	25.560875	8.205015	97.6412	-47.881504	-26.289984	1.7250261	20567.638286352158
473	-452.1805	42.880184	-395.0119	-507.18338	-258.79688	202.97346	-88.91508	-833.15625	1000.0	1000.0	2365000	26.195461	8.320495	96.10437	-28.576735	-26.921782	1.7353473	20616.481858491898
474	-286.46512	153.07457	1.888776	-457.35153	-155.47446	134.28322	10.226405	-370.7401	835.1667	807.0	2370000	26.536827	8.55295	110.29007	-27.653889	-27.253668	1.6948091	20661.207706212997
475	-288.72107	96.18138	-139.86673	-440.7431	-77.83452	160.86275	241.85237	-345.3118	1000.0	1000.0	2375000	26.712805	8.52254	108.91673	-39.767113	-27.432606	1.7088593	20709.2298681736
476	-236.80447	71.817604	-113.60491	-322.8149	-232.70622	324.96222	84.170975	-936.35114	1000.0	1000.0	2380000	26.788172	8.242114	105.26312	-36.6962	-27.505432	1.6603484	20757.028007268906
477	-256.37518	123.05037	-4.954068	-393.96695	-81.16271	259.16797	263.95316	-511.61038	838.8333	1000.0	2385000	27.021542	8.521202	102.84511	-37.464863	-27.744167	1.793	20804.289727926254
478	-189.02924	103.85593	-24.075144	-274.6742	20.818737	252.87025	330.6418	-562.8159	1000.0	1000.0	2390000	27.435549	8.745961	105.189995	-32.370445	-28.175562	1.748845	20851.972245693207
479	-180.3484	76.91544	-45.243313	-267.83282	53.809486	238.4821	299.4746	-569.9305	1000.0	1000.0	2395000	27.972275	8.496056	109.03334	-25.429298	-28.709866	1.7883406	20900.097102880478
480	-172.03894	115.68023	12.855584	-334.2369	163.46004	147.35423	324.75674	-51.19969	729.1429	806.2	2400000	28.825472	8.511574	112.90823	-31.126411	-29.588924	1.7523949	20946.556443691254
481	-264.86197	122.244064	-84.28572	-465.6679	-12.833651	334.16003	275.5825	-827.53534	831.6	905.6	2405000	29.541561	8.446935	107.982544	-23.40857	-30.296877	1.7312311	20990.860890626907
482	-256.79843	28.861439	-202.47923	-289.26385	-69.8932	289.33493	377.66846	-661.19836	1000.0	1000.0	2410000	30.152395	8.315379	102.28727	-30.383728	-30.90695	1.7378457	21037.843944311142
483	-224.96191	128.34259	-44.890526	-405.3172	-13.661677	326.77118	386.71304	-824.49384	1000.0	827.9	2415000	30.878757	8.215979	114.52106	-30.028576	-31.648697	1.7129228	21082.754997730255
484	-274.80746	88.84832	-166.69237	-394.20746	-15.982843	279.66388	338.7984	-475.58914	1000.0	1000.0	2420000	31.47701	8.223788	119.266426	-38.57966	-32.238094	1.7220402	21130.654985904694
485	-203.33235	110.62484	3.9092827	-367.23157	7.3522468	448.3787	350.80527	-1299.097	835.1667	905.6	2425000	31.805454	8.02715	114.17914	-27.190147	-32.565086	1.7425344	21177.87403535843
486	-262.46442	142.14174	-124.76893	-489.5241	127.66811	200.95644	342.09653	-261.73856	1000.0	904.5	2430000	32.23443	7.8600936	129.90034	-34.00776	-33.002632	1.803706	21224.226442098618
487	-133.75662	56.497498	-59.089657	-234.22652	85.4466	173.1922	338.09674	-179.28033	1000.0	1000.0	2435000	32.787937	7.59231	106.50224	-36.841057	-33.56443	1.763161	21274.21936249733
488	-222.77094	165.6053	6.6408076	-504.11322	4.485269	209.71407	335.28436	-305.19043	835.3333	1000.0	2440000	33.489586	7.5796485	108.67375	-31.15964	-34.275867	1.6661913	21322.261509656906
489	-270.10727	81.67679	-129.59828	-353.41312	-138.04175	145.19102	-25.254955	-531.6785	1000.0	1000.0	2445000	33.878323	7.497211	113.05664	-27.611408	-34.642788	1.6347258	21370.35311484337
490	-151.29208	126.13441	-71.01391	-397.91504	-26.898777	473.09344	320.52762	-1389.3745	1000.0	929.6	2450000	33.84817	7.639077	104.65686	-19.120092	-34.6028	1.6568592	21416.75635433197
491	-296.8744	40.16653	-224.94649	-340.3419	148.27249	124.08508	319.53015	-96.99879	1000.0	1000.0	2455000	33.934464	7.788537	111.92465	-27.274292	-34.70255	1.6514449	21463.20522046089
492	-165.53462	126.83921	14.852109	-367.55725	117.81966	211.33762	360.4324	-371.51334	719.1429	1000.0	2460000	34.10536	7.8189826	117.726715	-23.969189	-34.869774	1.7167004	21511.114550590515
493	-205.66434	161.61276	-18.850819	-404.76804	136.94278	168.95648	371.82864	-133.63815	1000.0	847.4	2465000	34.221443	7.933219	118.07265	-28.461954	-34.988155	1.7015692	21555.81780052185
494	-238.73364	121.90824	-104.08255	-385.51675	-89.88947	70.55677	-5.708903	-211.82123	1000.0	1000.0	2470000	34.368572	7.7791386	111.829285	-22.78635	-35.13888	1.7205594	21602.87531900406
495	-218.48108	216.08664	10.072693	-610.2514	-11.6130705	105.72582	145.42552	-249.12645	836.5	1000.0	2475000	34.679802	7.875541	115.28	-30.875023	-35.44547	1.6859994	21649.396368265152
496	-182.59348	81.69191	-119.17945	-338.0225	264.48926	135.48187	394.21884	-79.8367	1000.0	1000.0	2480000	34.77041	8.110604	114.57552	-30.676556	-35.533783	1.7609365	21694.99975681305
497	-233.72116	122.31947	-66.71678	-376.5904	-156.91171	126.729774	25.37825	-438.88535	1000.0	1000.0	2485000	34.861282	8.16448	112.412865	-30.704517	-35.62908	1.7239176	21739.277187108994
498	-324.8791	127.71989	-111.394485	-443.27246	-23.542759	145.85796	224.75195	-351.11536	1000.0	1000.0	2490000	34.803093	8.155834	118.19562	-26.997335	-35.56164	1.7254485	21783.752463817596
499	-129.2278	94.7111	-1.7974882	-257.5136	-157.65355	304.19574	11.95115	-1056.6318	843.0	1000.0	2495000	34.701897	8.043588	114.56154	-23.46638	-35.45281	1.6720742	21827.33280158043
