Epoch	AverageEpRet	StdEpRet	MaxEpRet	MinEpRet	EpLen	AverageVVals	StdVVals	MaxVVals	MinVVals	TotalEnvInteracts	LossPi	LossV	DeltaLossPi	DeltaLossV	Entropy	KL	Time
0	-2262.7395	71.53809	-2147.6665	-2367.7847	1000.0	-0.0109218005	0.4736898	1.5892371	-1.4916742	5000	-0.097428456	42498.113	-0.013745345	-5517.785	7.49809	0.12181709	13.448240995407104
1	-2151.9368	83.94965	-2085.6558	-2311.8606	1000.0	-14.137911	0.51175416	-8.397148	-14.646293	10000	-0.0708757	34432.723	-0.01232706	-2524.9941	7.467367	0.16415378	20.831488370895386
2	-2092.9983	63.324062	-2035.738	-2207.1855	1000.0	-21.284815	0.095078655	-19.750387	-21.35015	15000	-0.11393243	29328.627	-0.009644449	-1845.0566	7.4353094	0.109999806	27.71192479133606
3	-1662.5471	569.00964	-529.1687	-2030.2388	859.4	-26.94033	0.049498443	-26.068398	-26.969316	20000	-0.11081409	23627.535	-0.007925779	-1456.6914	7.471316	0.14459601	34.82222509384155
4	-1993.3512	79.74325	-1854.1594	-2090.34	1000.0	-31.954094	0.037285537	-31.05433	-31.975006	25000	-0.03680761	24017.533	-0.009367347	-1473.1836	7.4726157	0.13286531	41.83708572387695
5	-1898.3098	61.291496	-1806.0642	-1994.7102	1000.0	-36.991245	0.03226935	-36.06755	-37.004944	30000	-0.12587912	19821.928	-0.008788109	-1241.4473	7.3770127	0.11229702	49.0295774936676
6	-1872.6924	90.72558	-1732.328	-1959.3468	1000.0	-41.67989	0.026228484	-40.9924	-41.69082	35000	-0.11025098	17811.709	-0.0055039525	-1131.9531	7.4941626	0.09895855	56.120020151138306
7	-1861.3391	35.86293	-1797.9022	-1906.9851	1000.0	-46.200012	0.019010663	-45.65276	-46.208744	40000	-0.1190677	15956.96	-0.006777957	-1031.1377	7.4330015	0.102542676	63.1625452041626
8	-1868.7688	73.606995	-1776.7397	-1984.2333	1000.0	-50.571644	0.017260656	-50.02182	-50.578712	45000	-0.11046344	15572.978	-0.004908569	-1002.2656	7.4819283	0.107129835	70.22775101661682
9	-1721.0701	39.189198	-1664.4384	-1769.8541	1000.0	-54.928425	0.015734896	-54.356297	-54.934425	50000	-0.10088547	11203.816	-0.004760526	-765.4883	7.4396014	0.1050532	77.45223450660706
10	-1700.6293	36.904682	-1658.3698	-1758.3561	1000.0	-58.822926	0.014649948	-58.347244	-58.828407	55000	-0.15402448	10281.845	-0.004153982	-695.6572	7.3989415	0.0733917	85.00611472129822
11	-1710.015	110.123	-1613.946	-1922.5663	1000.0	-62.5774	0.015150943	-62.11272	-62.582897	60000	-0.10838695	9499.162	-0.0050648674	-657.0801	7.436035	0.09018488	92.31210136413574
12	-1671.1824	54.267532	-1589.9685	-1752.4515	1000.0	-66.286224	0.0106288	-66.008194	-66.290565	65000	-0.14400277	8443.917	-0.0049310774	-602.21387	7.438052	0.08016295	99.46258997917175
13	-1569.167	108.29596	-1384.1703	-1685.0107	1000.0	-69.898964	0.010005194	-69.61947	-69.90278	70000	-0.1394397	6580.937	-0.004413277	-465.02197	7.3927984	0.066041015	106.44275069236755
14	-1563.2494	62.608746	-1467.6456	-1654.1915	1000.0	-73.1477	0.010304134	-72.86393	-73.1515	75000	-0.073775254	5690.1484	-0.0047418103	-415.80615	7.4387507	0.11693057	113.59440112113953
15	-1532.2601	19.511627	-1509.3696	-1557.6891	1000.0	-76.263245	0.008313191	-76.020805	-76.26663	80000	-0.13043779	4914.347	-0.0032405257	-359.97363	7.413517	0.09098932	120.68204498291016
16	-1519.8909	48.17501	-1463.3065	-1597.4628	1000.0	-79.22178	0.00814226	-78.976616	-79.22476	85000	-0.06974724	4261.641	-0.0030323714	-312.48462	7.4585166	0.08878162	128.06818008422852
17	-1506.411	68.228195	-1407.4247	-1621.9369	1000.0	-82.031334	0.00865691	-81.768715	-82.034355	90000	-0.09607046	3814.8464	-0.002590783	-273.7036	7.4000626	0.08840109	135.2541663646698
18	-1415.9182	53.42334	-1327.8987	-1476.3932	1000.0	-84.71236	0.008543935	-84.42675	-84.715096	95000	-0.11153062	2824.7168	-0.0042415857	-204.17236	7.363339	0.11016559	142.42361426353455
19	-1395.0251	22.179367	-1364.9562	-1420.4329	1000.0	-87.08706	0.007463528	-86.84426	-87.089905	100000	-0.13597673	2443.5112	-0.0021634102	-166.03735	7.471158	0.11541394	149.43933773040771
20	-1349.0226	78.370636	-1220.2456	-1442.2112	1000.0	-89.267456	0.0072223977	-89.07531	-89.2698	105000	-0.099946536	2006.9045	-0.002646722	-125.75769	7.3621516	0.08026548	157.116681098938
21	-1383.015	51.924427	-1323.7513	-1460.7788	1000.0	-91.21028	0.0073356326	-90.90442	-91.21264	110000	-0.08524304	1854.607	-0.003039591	-124.8988	7.452975	0.10415154	164.17410707473755
22	-1351.5338	46.4972	-1306.7227	-1433.4125	1000.0	-93.17126	0.006529153	-92.962585	-93.17364	115000	-0.07786328	1764.541	-0.0027390718	-105.59192	7.4229484	0.08152515	171.50888395309448
23	-1289.2966	38.18667	-1237.0688	-1337.1605	1000.0	-95.02259	0.0060886648	-94.824776	-95.02472	120000	-0.08321262	1179.3798	-0.0032306388	-58.826904	7.3473763	0.07470799	178.90553450584412
24	-1267.674	54.441154	-1188.6503	-1340.0463	1000.0	-96.454185	0.00621703	-96.27319	-96.45621	125000	-0.15904917	1104.7876	-0.0033949614	-44.829346	7.425014	0.11378766	186.33815503120422
25	-1284.1487	38.61617	-1231.6802	-1330.5221	1000.0	-97.71634	0.0056842524	-97.576675	-97.71842	130000	-0.08616505	1053.657	-0.0025045723	-34.079407	7.343378	0.07981926	193.79387545585632
26	-1271.6998	79.76408	-1183.3285	-1376.1824	1000.0	-98.84236	0.0063459533	-98.62483	-98.84439	135000	-0.07171489	1056.6555	-0.0033640712	-31.2052	7.3988767	0.08743089	201.25556540489197
27	-1251.4176	42.587456	-1208.5149	-1327.2665	1000.0	-99.9372	0.0074386685	-99.64088	-99.93928	140000	-0.11725253	864.8264	-0.0032476336	-24.621216	7.341747	0.06966542	208.8501799106598
28	-1204.5094	63.004295	-1124.4583	-1269.527	1000.0	-100.93589	0.0065660467	-100.724144	-100.938065	145000	-0.070228845	734.084	-0.0034592226	-11.154968	7.4086776	0.08227922	216.43966388702393
29	-1207.847	22.338514	-1187.9312	-1250.593	1000.0	-101.63695	0.0053554936	-101.47388	-101.63878	150000	-0.09002969	710.5975	-0.0029474944	-5.6538086	7.3706827	0.107498825	224.1194007396698
30	-1183.9368	44.13122	-1111.966	-1235.76	1000.0	-102.14362	0.0053617586	-101.93429	-102.145515	155000	-0.13518673	637.34906	-0.0030287504	-3.0494385	7.36334	0.09437094	232.30853724479675
31	-1216.4135	58.272003	-1142.3097	-1315.234	1000.0	-102.52319	0.004866315	-102.411964	-102.525154	160000	-0.066255495	918.406	-0.0034993365	-3.7512207	7.337034	0.086116366	239.700519323349
32	-1128.8287	34.311966	-1061.6688	-1156.3282	1000.0	-102.94273	0.0060574184	-102.802635	-102.944824	165000	-0.052642968	560.8704	-0.0026036017	-0.024353027	7.384275	0.109227665	247.16296362876892
33	-1158.7756	6.636584	-1150.4642	-1170.2463	1000.0	-102.92776	0.0054094754	-102.7645	-102.92956	170000	-0.07198552	690.0101	-0.0035406053	-0.678772	7.429361	0.107816115	254.6796543598175
34	-1136.3877	72.10621	-1049.5671	-1265.1339	1000.0	-103.10077	0.008195486	-102.89195	-103.10318	175000	-0.08329493	606.3454	-0.0035761371	-0.032287598	7.3743873	0.08110347	262.34602212905884
35	-1121.9421	32.911972	-1086.0747	-1172.7919	1000.0	-103.07178	0.005433834	-102.92165	-103.07371	180000	-0.14412273	624.9201	-0.003241077	-1.1276245	7.424029	0.1101475	270.0658905506134
36	-1120.1794	93.58222	-1037.8851	-1283.4722	1000.0	-102.82975	0.0059634983	-102.60965	-102.83176	185000	-0.107222214	601.87195	-0.0026483908	-2.0811157	7.4316936	0.09946368	277.8293249607086
37	-1066.5055	75.72288	-999.23346	-1198.3745	1000.0	-102.484	0.0067572524	-102.22665	-102.48606	190000	-0.0842636	618.0729	-0.0025326982	-9.374939	7.3493795	0.06578581	285.5021300315857
38	-1070.4236	98.254326	-963.6042	-1237.8297	1000.0	-101.74677	0.0056254202	-101.59232	-101.74867	195000	-0.09163219	680.7982	-0.0025277734	-6.800232	7.365577	0.08856735	293.52319145202637
39	-857.7051	379.92438	-98.87237	-1071.1456	813.6	-101.07979	0.007204213	-100.87957	-101.08195	200000	-0.12064983	660.4568	-0.0018571019	-16.234375	7.3484373	0.08765354	301.950651884079
40	-1006.9331	31.657225	-961.3082	-1038.2639	1000.0	-100.05885	0.021724135	-99.30076	-100.06252	205000	-0.112916626	553.20874	-0.0027340949	-18.257263	7.3430233	0.082877114	310.68261194229126
41	-976.90155	43.50877	-922.9487	-1054.7693	1000.0	-98.90809	1.0666515	-27.394356	-98.951866	210000	-0.11071406	599.7025	-0.0025443807	-54.18689	7.377997	0.08949612	318.4332594871521
42	-1008.2552	49.69154	-945.24615	-1072.7981	1000.0	-96.13086	4.3459764	-11.270125	-97.663124	215000	-0.09361781	551.9883	-0.0026998073	-66.16913	7.3328986	0.06990841	326.0044615268707
43	-998.7749	54.687477	-937.64484	-1095.8561	1000.0	-90.895256	3.32193	43.055347	-95.301544	220000	-0.081066005	494.61716	-0.0028296933	-30.763855	7.336844	0.085550785	333.82123923301697
44	-1014.4049	34.081856	-962.2475	-1051.4722	1000.0	-90.44737	3.2276683	-0.68260026	-95.91498	225000	-0.041130953	544.7681	-0.0023446195	-58.22818	7.374552	0.07402342	341.5657699108124
45	-929.8125	46.21956	-860.1952	-989.8797	1000.0	-89.8755	5.4768376	-10.989018	-96.81582	230000	-0.112570316	474.9895	-0.0020141304	-120.9931	7.291656	0.09527684	349.16465425491333
46	-971.3802	42.29462	-892.6778	-1010.1017	1000.0	-82.5441	5.3203497	-32.51562	-96.50595	235000	-0.101020865	491.9424	-0.0032144114	-86.98218	7.36608	0.08204899	356.9223699569702
47	-966.90936	50.56613	-897.2065	-1020.9553	1000.0	-87.42031	5.3621554	-21.370113	-96.60588	240000	-0.12494539	448.3348	-0.0016170591	-54.10257	7.383139	0.08680271	364.9581859111786
48	-911.62354	61.389225	-804.2266	-978.0623	1000.0	-86.81851	5.321848	5.735765	-96.748314	245000	-0.099493735	530.24286	-0.0022924766	-68.49112	7.3182774	0.071281604	373.02763319015503
49	-914.4043	35.235054	-875.6914	-960.6537	1000.0	-82.27313	4.5867996	-35.840797	-96.65543	250000	-0.08083672	405.2107	-0.0022636726	-43.223267	7.3216734	0.077980846	381.0140287876129
50	-931.77747	38.588036	-885.07837	-988.4232	1000.0	-82.25721	5.569457	-0.9455374	-96.66717	255000	-0.13444245	433.6508	-0.0023003519	-58.674744	7.318281	0.07844613	389.74014949798584
51	-951.14197	50.404358	-878.0011	-1008.31494	1000.0	-84.134674	5.8538413	4.250493	-96.71651	260000	-0.12336492	437.1555	-0.002077125	-47.994568	7.335017	0.08922283	397.86579155921936
52	-922.5918	31.27113	-878.52734	-971.6817	1000.0	-85.19543	6.4992185	-19.051329	-96.789734	265000	-0.07497517	428.3714	-0.001634799	-66.37814	7.340168	0.087475605	405.89425230026245
53	-908.1532	55.384895	-851.1587	-989.1474	1000.0	-83.09294	3.9298687	-36.326008	-96.786476	270000	-0.09002218	389.00174	-0.0022240728	-51.192383	7.2969546	0.049705785	413.9660804271698
54	-886.2293	31.950098	-836.28937	-931.60425	1000.0	-84.040924	5.4673896	-34.55843	-96.70988	275000	-0.086056314	388.0176	-0.0018095896	-71.66031	7.326458	0.09534821	422.02429842948914
55	-722.73914	330.1715	-63.320015	-915.2438	810.2	-79.8527	5.060917	-11.851438	-96.36227	280000	-0.12630059	381.92813	-0.0015389919	-25.744019	7.368356	0.09237769	430.27159690856934
56	-739.1522	284.3452	-179.99928	-960.279	848.8	-80.16441	4.315257	-31.921404	-96.504654	285000	-0.10218806	382.5625	-0.0010195374	-42.20758	7.3285327	0.086003006	438.3704824447632
57	-887.991	59.339836	-807.2798	-988.46045	1000.0	-79.277534	3.4842262	-37.17234	-96.50182	290000	-0.12062977	382.81705	-0.0022175089	-44.62549	7.3014455	0.090119876	446.3284447193146
58	-855.1927	46.8985	-788.9505	-908.8815	1000.0	-79.158875	4.9726887	-37.28681	-96.45892	295000	-0.12850028	441.2732	-0.001688242	-72.147156	7.3206377	0.08928416	454.3906922340393
59	-882.1882	66.12357	-768.9628	-971.1748	1000.0	-77.24045	7.2092295	-9.4208975	-96.150475	300000	-0.12418623	503.618	-0.0014259219	-84.671326	7.3474813	0.095317416	462.4048912525177
60	-886.5757	51.260056	-807.907	-950.3266	1000.0	-78.02821	7.7563453	19.25841	-96.22843	305000	-0.12195436	400.35376	-0.0017685667	-77.434875	7.3283954	0.08568774	471.25700545310974
61	-859.76794	35.48965	-810.80695	-916.8103	1000.0	-77.16286	5.2240524	-48.872246	-96.04434	310000	-0.18198548	506.5319	-0.001711309	-55.60794	7.3399243	0.072799645	479.2829124927521
62	-783.92163	31.551823	-749.7671	-839.8323	1000.0	-78.3831	6.6998034	-19.956957	-95.96696	315000	-0.1076398	444.88605	-0.0024361908	-116.52896	7.2679343	0.08327275	487.33147621154785
63	-834.5672	41.862896	-778.1231	-885.0009	1000.0	-70.78861	1.1144949	-47.611176	-88.98535	320000	-0.1466918	462.575	-0.0022226572	-42.922577	7.3240967	0.07488098	495.5148687362671
64	-858.20734	59.045734	-792.74817	-950.98517	1000.0	-75.075165	3.8623571	-35.78733	-94.79858	325000	-0.106496066	411.3685	-0.0013445839	-61.369965	7.3071327	0.08500362	503.6110363006592
65	-871.81006	45.57126	-801.0284	-927.6258	1000.0	-76.834366	6.347417	-21.014374	-96.392525	330000	-0.10313005	357.3109	-0.0017603338	-44.118652	7.3659625	0.09380791	511.6843147277832
66	-834.1745	41.946854	-771.5708	-894.57635	1000.0	-77.34275	7.649406	4.9316278	-96.41945	335000	-0.06832929	352.86414	-0.0021038055	-45.413025	7.3159704	0.0963651	519.7906093597412
67	-780.05225	39.737984	-740.96	-841.673	1000.0	-73.08965	5.6429734	-18.111265	-96.3318	340000	-0.06991914	309.2737	-0.0018587336	-38.835358	7.2594795	0.06354193	527.7505369186401
68	-815.74396	57.744038	-726.1217	-877.24133	1000.0	-71.13231	4.6857595	-11.581478	-95.98916	345000	-0.097267136	382.04297	-0.00085783005	-46.624878	7.291308	0.07152085	535.7508273124695
69	-782.13684	59.421154	-724.0241	-884.03217	1000.0	-74.104065	6.828889	-19.406496	-96.19219	350000	-0.118628845	421.4451	-0.0020630658	-69.94849	7.3046813	0.06801546	543.8159589767456
70	-824.66565	43.490665	-768.86066	-876.3279	1000.0	-72.02978	6.5849996	3.7702262	-95.55515	355000	-0.12620793	355.3723	-0.0021742731	-43.862305	7.316837	0.0929061	552.4648687839508
71	-773.7161	60.15462	-684.9858	-841.1883	1000.0	-73.3034	7.0509434	-24.064026	-95.55524	360000	-0.13455214	409.49768	-0.0018066764	-65.752686	7.2757483	0.07820552	560.5119235515594
72	-785.9	64.72463	-703.3469	-872.6414	1000.0	-69.94739	5.093412	-4.552014	-95.00198	365000	-0.1398511	394.21405	-0.0024965703	-43.954773	7.2689734	0.083265	568.6550843715668
73	-799.93506	69.14981	-706.21765	-883.482	1000.0	-69.9398	5.055119	-8.468097	-94.72937	370000	-0.09275093	393.8905	-0.0016384721	-50.136597	7.2903876	0.0849557	576.765463590622
74	-836.1387	60.139675	-769.75085	-930.65564	1000.0	-70.963295	7.229892	34.958687	-95.15383	375000	-0.11603368	455.2426	-0.0014862791	-76.39511	7.302891	0.07577853	584.7965807914734
75	-790.1094	50.911175	-700.87994	-856.6858	1000.0	-75.16845	8.018622	-35.660065	-95.49457	380000	-0.1596623	450.1528	-0.002102226	-82.56952	7.292811	0.07155968	592.7758309841156
76	-809.7449	39.686646	-743.94446	-853.7913	1000.0	-70.51939	4.9349246	-12.616482	-94.88641	385000	-0.12497185	416.17804	-0.0015428513	-78.67999	7.327164	0.078048214	600.8536777496338
77	-757.19183	41.644577	-703.34894	-810.5353	1000.0	-73.36937	7.571255	-2.4444907	-95.633675	390000	-0.102483496	406.63412	-0.0015907362	-122.58429	7.2994213	0.1160877	609.1823060512543
78	-787.17676	36.01716	-741.0362	-849.3573	1000.0	-66.73515	5.8059635	-8.377878	-93.73143	395000	-0.129207	321.51276	-0.001840651	-62.298737	7.316686	0.0838086	617.6299042701721
79	-749.15045	45.288113	-710.833	-836.1832	1000.0	-70.775154	5.9368486	-49.54465	-95.09771	400000	-0.14882922	471.1027	-0.0023106188	-119.17648	7.2269263	0.08509607	625.5887787342072
80	-749.077	73.152405	-666.2133	-881.6573	1000.0	-67.340515	10.874593	12.391882	-94.906006	405000	-0.16982378	393.50305	-0.0021861047	-106.1676	7.216158	0.059771027	634.4068975448608
81	-784.31726	39.85625	-722.23126	-842.2547	1000.0	-66.65497	6.916242	-15.385011	-94.99426	410000	-0.1200033	429.2611	-0.0020144135	-69.551605	7.2996063	0.062510625	642.3800706863403
82	-752.9517	81.61496	-659.2677	-898.76483	1000.0	-71.83514	8.783526	19.244257	-95.53236	415000	-0.11844248	339.33694	-0.0017505735	-67.95172	7.232379	0.07434581	650.4303040504456
83	-771.6333	65.723236	-681.2912	-849.43604	1000.0	-67.97982	10.402873	-24.867607	-95.049065	420000	-0.14666341	464.79144	-0.0013463348	-115.44809	7.305981	0.084793724	658.6205606460571
84	-755.05115	40.256397	-687.7424	-811.6395	1000.0	-68.89753	5.092569	-4.924883	-95.82196	425000	-0.11942019	314.3907	-0.0013306588	-50.781372	7.232857	0.07791416	666.690571308136
85	-720.01294	45.469284	-631.1435	-759.3172	1000.0	-67.7657	5.7193108	-18.878183	-95.32642	430000	-0.10967706	284.7843	-0.0019073263	-28.421906	7.246916	0.073500626	674.993022441864
86	-746.5832	58.457394	-662.7609	-828.4939	1000.0	-66.21999	6.0760603	-29.890598	-94.64063	435000	-0.111833096	342.8535	-0.0016335547	-48.229187	7.234834	0.07459424	682.9983487129211
87	-741.30554	41.92363	-661.37354	-779.3974	1000.0	-66.499	7.284182	-30.049755	-94.87481	440000	-0.09913191	326.88297	-0.0024938807	-53.99341	7.226325	0.07566221	690.904997587204
88	-729.25464	86.93102	-562.02136	-816.36487	1000.0	-66.93429	7.828162	6.748657	-95.078224	445000	-0.12417834	371.3019	-0.00130748	-83.63968	7.22574	0.06856954	698.9153747558594
89	-738.7991	45.728485	-677.80035	-790.40186	1000.0	-64.13417	9.231197	49.126842	-94.88184	450000	-0.09614004	347.90335	-0.0019111782	-79.030914	7.2693267	0.06398396	706.9380910396576
90	-540.28973	268.2267	-24.448795	-726.3316	805.4	-66.85813	9.984034	-29.996618	-94.99216	455000	-0.10677981	450.52246	-0.0014826953	-195.32806	7.2068048	0.08145495	715.868022441864
91	-679.3268	35.801197	-637.7399	-741.77356	1000.0	-60.805264	3.3038266	8.707371	-82.73957	460000	-0.10030311	260.5027	-0.0019083843	-29.935959	7.2208447	0.07049775	723.9275677204132
92	-735.17285	66.56548	-646.7023	-833.6248	1000.0	-61.371162	2.5057435	-43.972466	-92.80678	465000	-0.14970696	392.86206	-0.0022377968	-109.22531	7.2626266	0.06604765	732.1531558036804
93	-715.47095	16.774216	-696.93866	-740.54346	1000.0	-65.49928	7.9893236	-31.383274	-94.92408	470000	-0.16938044	346.07166	-0.0015707463	-48.32959	7.2728696	0.08125814	740.2193145751953
94	-700.29474	44.483444	-668.72815	-788.5942	1000.0	-63.809986	4.869921	-18.82241	-94.57022	475000	-0.1180492	243.50497	-0.0014066622	-27.771423	7.2698545	0.097316	748.1841957569122
95	-686.7505	34.84842	-636.5414	-741.7727	1000.0	-62.9307	4.995356	-15.505663	-94.38685	480000	-0.15397973	282.42944	-0.0009648204	-40.24727	7.2019515	0.078141324	756.0513970851898
96	-702.38446	42.530994	-663.65515	-782.33527	1000.0	-61.568783	5.0987935	-27.912683	-93.44332	485000	-0.13964573	256.25214	-0.0017235428	-28.809738	7.2512937	0.094940014	763.86714220047
97	-711.95	38.132458	-670.8342	-783.3213	1000.0	-63.4699	5.854534	-44.13046	-94.08863	490000	-0.18264855	239.09904	-0.001661092	-26.820038	7.252838	0.08318206	771.7657849788666
98	-705.00885	52.39996	-658.5328	-792.9212	1000.0	-64.65976	5.17195	-30.900444	-94.12359	495000	-0.18525857	294.11426	-0.0015194118	-30.56726	7.2625923	0.06969898	779.9395704269409
99	-703.5573	49.414665	-635.796	-779.7724	1000.0	-62.764	4.332304	-26.752213	-88.89216	500000	-0.19137263	316.5489	-0.0014611036	-30.403748	7.236553	0.0751673	788.048636674881
100	-701.02527	33.096172	-665.147	-755.4637	1000.0	-63.215706	4.7532406	-1.8402493	-93.13111	505000	-0.14250362	301.21396	-0.0015043616	-29.656158	7.288846	0.07193742	796.7255477905273
101	-674.5841	24.432186	-644.59143	-705.5009	1000.0	-63.77338	3.8063061	-36.751907	-92.600334	510000	-0.0702062	224.23393	-0.0018351078	-30.365738	7.274694	0.08562284	804.7989995479584
102	-708.5444	55.938015	-604.6086	-762.94226	1000.0	-61.446762	3.481601	-21.666061	-89.31632	515000	-0.12625237	337.15076	-0.0014380813	-65.75592	7.2054625	0.069814816	813.0745613574982
103	-668.6787	46.479446	-601.9518	-743.8979	1000.0	-64.474594	6.422971	-24.21615	-93.41558	520000	-0.17177023	355.17175	-0.0022402853	-63.703766	7.199171	0.08373113	821.2871959209442
104	-708.999	37.81014	-674.033	-779.0624	1000.0	-60.059017	5.6044955	28.081085	-90.64327	525000	-0.09397644	258.9402	-0.0018885583	-49.781586	7.296721	0.090348706	829.3677632808685
105	-692.97894	64.6323	-603.6764	-772.16327	1000.0	-64.81518	6.2727365	-1.5862732	-93.735954	530000	-0.17050463	350.98453	-0.0013038814	-57.32846	7.217898	0.07244209	837.5354099273682
106	-676.35974	32.90896	-638.36145	-727.8766	1000.0	-61.10575	5.10568	-12.617573	-89.42179	535000	-0.14614353	283.90286	-0.0015114695	-39.16304	7.2104545	0.082940176	846.0300886631012
107	-639.5062	51.033665	-584.88055	-736.434	1000.0	-61.31395	4.9523897	-11.895349	-90.628944	540000	-0.12367101	295.39417	-0.001420781	-60.005768	7.257286	0.090100445	854.2025103569031
108	-686.8019	56.017624	-630.76874	-793.9562	1000.0	-59.3949	5.0663185	-2.8993511	-89.951035	545000	-0.1516262	361.54895	-0.0011211932	-86.516815	7.202305	0.075486526	862.0953462123871
109	-520.7978	227.35329	-74.47415	-711.6123	811.4	-61.425476	5.7607107	-33.249214	-92.84403	550000	-0.14441529	257.04156	-0.001496911	-51.68959	7.173209	0.07084606	870.2008240222931
110	-691.7699	27.087433	-653.05505	-730.6595	1000.0	-59.300537	3.9724693	-22.614029	-82.89044	555000	-0.09835892	277.26666	-0.0013107732	-52.668655	7.253039	0.10544863	879.0436260700226
111	-660.9115	39.151817	-589.47424	-691.8044	1000.0	-60.6378	5.6808405	21.922077	-87.79905	560000	-0.11445237	285.99426	-0.0011471063	-43.652084	7.175333	0.07907466	887.2102732658386
112	-722.9521	17.327604	-702.59296	-752.6552	1000.0	-59.736725	5.0845413	-3.14601	-88.728424	565000	-0.18705037	331.8385	-0.0014677197	-62.89444	7.2679343	0.07732751	895.4693992137909
113	-682.66425	54.784954	-607.20044	-761.27185	1000.0	-64.24072	6.9856544	-28.151346	-93.14006	570000	-0.13111238	309.0837	-0.0015672892	-59.070908	7.1401796	0.08625733	903.5194809436798
114	-666.338	57.39086	-605.6603	-762.27747	1000.0	-59.0535	5.4564934	-0.034777522	-92.25909	575000	-0.13780093	263.94116	-0.0019100606	-41.178955	7.2097764	0.08135975	911.4451456069946
115	-621.6972	39.266796	-557.76086	-681.3137	1000.0	-60.87539	4.8099484	-32.882713	-90.607216	580000	-0.125094	267.40405	-0.0018399209	-56.98668	7.1770344	0.08706933	920.0063817501068
116	-684.6419	47.690258	-647.03314	-778.7027	1000.0	-57.303688	6.8746753	9.796046	-87.38631	585000	-0.11920836	399.4915	-0.0013173223	-108.90823	7.2320733	0.09499618	928.4033923149109
117	-650.6769	55.535496	-572.7823	-741.0719	1000.0	-58.82559	7.712577	-15.366491	-91.148415	590000	-0.11247366	276.6996	-0.0019471198	-55.219055	7.2230024	0.074114405	936.5683553218842
118	-674.9073	20.086258	-645.84155	-708.1021	1000.0	-59.778126	6.270693	-28.51128	-89.28478	595000	-0.16027322	251.2878	-0.0016512871	-39.356094	7.222359	0.07559342	944.5514862537384
119	-661.5802	14.704585	-637.62476	-681.55884	1000.0	-59.674126	6.2954574	-22.966898	-92.23576	600000	-0.059919465	233.49153	-0.0015899464	-36.083725	7.172837	0.073795386	952.6634867191315
120	-650.5912	52.438778	-562.142	-711.96185	1000.0	-58.39588	6.8854136	17.510534	-91.914215	605000	-0.123654	223.44118	-0.001429908	-40.160233	7.165335	0.08852005	961.8148555755615
121	-643.84955	25.220139	-611.9729	-683.11664	1000.0	-58.459373	6.6463184	-7.8870955	-89.71015	610000	-0.15806139	296.58145	-0.0018177778	-38.75244	7.176173	0.090585984	969.9259538650513
122	-675.0672	87.43303	-611.5342	-837.6359	1000.0	-57.976006	6.8299046	-11.063821	-88.73148	615000	-0.16773494	399.3771	-0.0014625043	-60.707947	7.1809406	0.08870522	978.1256191730499
123	-617.48035	54.587	-544.38324	-710.7582	1000.0	-60.28541	6.658074	-41.97474	-93.59777	620000	-0.17148997	316.8422	-0.0017923862	-74.99295	7.2172217	0.091322936	986.1864719390869
124	-652.9045	21.305355	-617.95746	-675.0099	1000.0	-56.42994	4.250463	-32.295334	-87.38794	625000	-0.11659216	235.62456	-0.0019170195	-50.5728	7.15263	0.07290496	994.3080358505249
125	-617.56573	14.159018	-592.13354	-628.4744	1000.0	-56.484264	4.2874475	-5.074898	-84.92206	630000	-0.17989229	228.21202	-0.0012843311	-28.13089	7.1866584	0.08315263	1002.4211413860321
126	-686.62103	71.64313	-623.43866	-817.0767	1000.0	-57.78276	4.370264	-42.8063	-91.43128	635000	-0.1669334	361.7577	-0.0018465817	-78.913635	7.1867814	0.09231335	1010.4231395721436
127	-654.81006	36.981544	-613.29626	-707.34174	1000.0	-60.433838	7.7468476	-21.060146	-95.29953	640000	-0.1579636	302.9434	-0.0023382604	-55.416794	7.1710343	0.08061213	1018.4269683361053
128	-674.1544	37.819473	-625.9016	-736.39923	1000.0	-57.970787	4.564542	-30.79292	-88.84918	645000	-0.15361728	235.03418	-0.0022874773	-35.664658	7.1701455	0.08820347	1026.5592112541199
129	-667.3968	72.79115	-569.6959	-756.6881	1000.0	-59.8377	6.955218	-27.896936	-93.947075	650000	-0.14604098	233.7562	-0.0011132658	-34.658127	7.213542	0.09658664	1034.7296693325043
130	-658.68896	36.182926	-628.37805	-727.1674	1000.0	-60.497986	8.007	-5.173681	-95.17362	655000	-0.13802695	245.6865	-0.0012763441	-51.189438	7.1405053	0.067239456	1043.8666439056396
131	-627.0021	17.837185	-596.1843	-647.0622	1000.0	-56.58015	6.950569	-14.733406	-92.67946	660000	-0.14704926	200.33563	-0.0019114614	-33.924683	7.175588	0.08667011	1051.9341385364532
132	-681.65076	38.979515	-624.9393	-743.92395	1000.0	-58.5498	7.2461185	-18.38968	-91.16955	665000	-0.14046992	287.86554	-0.0019985288	-65.08797	7.1906834	0.067023575	1060.14044547081
133	-635.1882	25.169422	-601.766	-676.442	1000.0	-58.782513	7.444279	-16.3358	-94.132034	670000	-0.12638102	227.9112	-0.0017893314	-39.45085	7.1614	0.065973386	1068.1199851036072
134	-669.77185	28.222656	-639.9601	-714.5665	1000.0	-59.226494	7.9034705	-20.116728	-93.06764	675000	-0.16043068	245.1849	-0.0017658025	-33.923737	7.180914	0.07322617	1076.1710722446442
135	-638.9501	30.911968	-595.96924	-679.1547	1000.0	-58.438805	6.8442802	-12.7842	-91.343025	680000	-0.17099774	252.0485	-0.0015655607	-43.777344	7.149414	0.081729904	1084.0313756465912
136	-608.84296	31.212143	-560.44965	-636.86346	1000.0	-55.509827	6.468543	-27.625406	-87.708595	685000	-0.21549746	234.10385	-0.0018232912	-53.367447	7.182255	0.07349271	1092.037579536438
137	-597.72034	42.691784	-525.35333	-642.25055	1000.0	-56.387424	6.3973823	-21.012997	-87.311905	690000	-0.08292441	328.2159	-0.000960432	-110.09946	7.167629	0.08451629	1100.222054719925
138	-619.74207	28.483788	-578.8847	-668.23267	1000.0	-53.362236	5.524147	48.132557	-78.78139	695000	-0.13071169	288.0966	-0.0022237897	-58.67247	7.1575913	0.05811363	1108.3062155246735
139	-575.97296	21.207487	-538.81836	-603.48944	1000.0	-55.94375	5.020742	-37.113815	-89.924614	700000	-0.123194784	216.21065	-0.0018787682	-45.025726	7.1151342	0.060474943	1116.15749335289
140	-639.4467	54.398445	-585.85077	-731.4037	1000.0	-52.44122	3.110142	-28.010014	-77.2267	705000	-0.114852585	240.34775	-0.0020551905	-52.40677	7.1976943	0.07784258	1125.0791509151459
141	-599.395	32.37777	-553.0015	-650.3086	1000.0	-58.024086	3.6632884	-14.265958	-85.18059	710000	-0.17459106	208.82904	-0.0011897087	-35.532104	7.1328077	0.073973835	1133.0626888275146
142	-618.40155	38.12558	-558.15894	-664.0038	1000.0	-53.75742	2.9851491	-41.289345	-80.83752	715000	-0.19625731	214.11475	-0.0017314553	-27.332748	7.112657	0.07624147	1141.1986918449402
143	-602.7387	39.42895	-536.3049	-657.95337	1000.0	-55.66708	5.7907577	-17.45047	-91.55923	720000	-0.16120476	312.21365	-0.0011872053	-42.754364	7.14529	0.08551166	1149.181126832962
144	-554.11615	50.46426	-503.5169	-631.1074	1000.0	-52.85121	5.310063	-17.69763	-83.576645	725000	-0.14363194	253.6417	-0.001597479	-45.067047	7.169711	0.11944312	1157.0735533237457
145	-599.3366	50.913498	-504.2028	-657.18585	1000.0	-51.23988	3.6015766	-12.076145	-82.67724	730000	-0.15802649	251.06027	-0.0014199317	-32.376526	7.1210084	0.07138787	1165.0596075057983
146	-554.9977	57.011402	-454.40186	-626.1859	1000.0	-53.91098	3.3516335	-12.116255	-81.550514	735000	-0.116908714	266.19684	-0.0019678622	-50.032013	7.0925803	0.07437198	1173.0797486305237
147	-614.6327	69.96014	-541.9708	-745.7642	1000.0	-49.42826	3.974575	5.475064	-80.72487	740000	-0.18794361	275.7284	-0.002040103	-69.34027	7.1469154	0.099705875	1181.0686664581299
148	-652.34924	78.331955	-597.0194	-806.2871	1000.0	-55.077988	4.808346	-21.651823	-85.758415	745000	-0.13156563	343.8987	-0.0013363957	-86.81976	7.1356373	0.072931424	1188.9946813583374
149	-619.2095	46.576427	-585.091	-707.05255	1000.0	-57.11622	8.095148	-16.25373	-92.57867	750000	-0.107675344	201.77065	-0.0021253526	-34.16577	7.147979	0.10276313	1196.912272453308
150	-602.06036	57.14283	-501.6535	-676.49567	1000.0	-55.052967	5.998722	-23.410896	-88.84761	755000	-0.11003218	242.93265	-0.001843065	-37.717026	7.147069	0.10842573	1206.1418023109436
151	-545.681	55.240097	-468.24185	-607.2998	1000.0	-53.21684	6.069265	-27.415821	-88.12807	760000	-0.12524903	227.37863	-0.0012514889	-51.391037	7.06768	0.08974224	1214.1662497520447
152	-588.39606	22.658339	-565.0505	-626.40857	1000.0	-49.74739	3.581332	-6.716852	-82.148895	765000	-0.18626557	194.0536	-0.0016674101	-30.371048	7.1226687	0.08520103	1222.30259847641
153	-614.50916	39.370647	-564.5792	-667.70917	1000.0	-53.820137	6.4915986	-32.466003	-87.8081	770000	-0.16881791	223.62234	-0.0012805611	-41.428314	7.073761	0.06859445	1230.6349744796753
154	-580.6203	33.018066	-541.15027	-639.7277	1000.0	-53.700912	7.22483	-32.741753	-90.3315	775000	-0.17233407	206.53682	-0.0014458299	-37.158813	7.0682983	0.08218065	1238.9765274524689
155	-613.16315	47.86551	-532.85736	-677.0782	1000.0	-52.7849	7.4858603	-8.28595	-88.73109	780000	-0.115575366	186.95323	-0.0015835315	-26.959885	7.102128	0.07815244	1247.019779920578
156	-579.45465	36.802013	-541.2743	-633.4506	1000.0	-53.382214	6.951547	-32.5558	-88.180664	785000	-0.14233631	232.7521	-0.0011024922	-46.004074	7.0896916	0.051028814	1255.059850692749
157	-574.895	43.678608	-513.3803	-625.8921	1000.0	-51.844017	3.386776	-25.789486	-71.95538	790000	-0.22700493	237.93195	-0.001660645	-26.705444	7.1141744	0.11768601	1263.1487979888916
158	-570.12384	51.108337	-501.0833	-647.3139	1000.0	-51.8338	4.1144304	-10.960978	-78.548935	795000	-0.15591921	306.3781	-0.0010021478	-63.963806	7.071219	0.065817446	1271.1396307945251
159	-570.7423	23.707674	-549.7539	-614.0776	1000.0	-48.546776	4.759352	-25.613144	-79.01749	800000	-0.13108397	196.8698	-0.0011985004	-37.110764	7.055807	0.0735067	1279.004671573639
160	-563.54	75.03613	-435.31592	-650.24164	1000.0	-52.00025	5.205311	24.242212	-85.45578	805000	-0.08747894	323.6033	-0.0015725791	-75.993454	7.092924	0.0782189	1287.9495823383331
161	-599.8305	30.791853	-558.88	-651.5126	1000.0	-51.19062	4.9780226	41.377724	-84.91321	810000	-0.12970278	276.7365	-0.0019498914	-47.34236	7.0918016	0.08473641	1295.9201083183289
162	-575.1969	34.145325	-543.8872	-640.3846	1000.0	-53.70983	6.1220293	-14.969158	-87.33536	815000	-0.14827652	152.87465	-0.0010900795	-28.435509	7.0376873	0.060735203	1304.0045006275177
163	-584.69244	47.537094	-535.3566	-657.65656	1000.0	-50.894596	6.036937	-14.137974	-83.31746	820000	-0.14755954	221.58127	-0.0017344058	-34.71924	7.0840955	0.08639144	1311.9065008163452
164	-571.4735	63.445736	-482.263	-643.68365	1000.0	-51.203957	5.904784	10.293086	-84.24062	825000	-0.1642884	233.0163	-0.0024157912	-45.8757	7.102774	0.08278988	1319.9078636169434
165	-597.6	24.759912	-570.79065	-637.21783	1000.0	-52.0533	4.328173	-26.24685	-85.746124	830000	-0.17823611	211.2468	-0.0017935634	-24.842392	7.0897126	0.075460106	1328.0795953273773
166	-592.9706	67.82752	-479.22116	-682.00555	1000.0	-52.934425	5.3289614	-17.768763	-83.99586	835000	-0.10321049	304.43835	-0.0017207414	-45.67447	7.0771947	0.08671514	1336.1092503070831
167	-546.67755	29.694014	-509.08673	-593.169	1000.0	-53.486374	7.282091	39.96952	-88.60873	840000	-0.11928189	246.64552	-0.0019072816	-76.76274	7.093761	0.09846565	1344.3596334457397
168	-555.7836	22.1844	-515.94977	-583.07227	1000.0	-49.287334	3.7341719	-16.274553	-78.220604	845000	-0.15646717	187.8474	-0.0016682148	-21.572952	7.089954	0.0725542	1352.4717020988464
169	-565.7884	60.626198	-515.667	-683.6026	1000.0	-50.627796	3.213142	-17.501213	-76.16308	850000	-0.120236084	181.85126	-0.0013128445	-31.949768	7.0547204	0.07543305	1360.6165871620178
170	-562.0131	21.65145	-521.50146	-585.1994	1000.0	-49.913925	3.8198578	-28.515654	-76.166466	855000	-0.15674087	187.503	-0.0014786422	-24.564774	7.0787687	0.098111324	1369.6860888004303
171	-575.3148	41.682114	-510.19177	-618.45544	1000.0	-50.381157	4.7420053	-26.494257	-83.241325	860000	-0.1882556	226.432	-0.0020868331	-33.195175	7.0774384	0.08857243	1377.9432809352875
172	-546.77765	49.30963	-461.11575	-602.52576	1000.0	-51.88948	4.673627	-2.614767	-84.45135	865000	-0.10985614	241.85394	-0.0014780611	-57.633377	7.0913963	0.08655327	1386.3620455265045
173	-534.45856	40.452915	-475.67844	-592.1719	1000.0	-50.460682	4.2972875	8.85895	-79.51719	870000	-0.14626208	198.87384	-0.0015820563	-38.538162	7.027547	0.096222155	1394.3760225772858
174	-536.9828	44.290268	-464.76306	-598.9547	1000.0	-47.9643	3.6428554	-10.309935	-79.72486	875000	-0.1415074	251.77824	-0.002178982	-56.838776	7.011212	0.07739275	1402.482897758484
175	-621.7688	57.22555	-574.58136	-733.46936	1000.0	-48.996162	7.573277	16.162767	-86.94473	880000	-0.067093275	376.0762	-0.0018055663	-149.4778	7.0906844	0.08485163	1410.5973558425903
176	-596.0565	58.430862	-528.43524	-695.3123	1000.0	-54.89397	7.984052	-11.308615	-94.09528	885000	-0.13376796	195.94331	-0.0006815493	-37.049194	7.0052905	0.06348863	1418.6579701900482
177	-496.53525	194.37454	-110.38699	-631.47876	836.8	-51.549942	5.597169	18.549097	-92.16477	890000	-0.16906413	230.73505	-0.0015243143	-40.877014	7.076739	0.093144566	1426.711401462555
178	-569.28973	32.791336	-525.7568	-627.39935	1000.0	-51.676407	6.174457	4.763852	-87.58802	895000	-0.12461692	189.97035	-0.0012097359	-31.974472	7.075418	0.07154703	1434.8073852062225
179	-544.9327	87.80993	-390.60477	-640.49713	1000.0	-50.780678	4.1011086	-8.111663	-85.663605	900000	-0.14762755	225.29507	-0.0011405647	-37.854156	7.0506954	0.07947207	1442.9622647762299
180	-516.1927	101.01109	-345.62094	-625.1669	1000.0	-50.6975	6.043853	-3.2751265	-82.17499	905000	-0.09701305	364.26343	-0.0011815652	-89.09738	7.0183797	0.081626095	1451.9775049686432
181	-540.19226	42.849834	-487.00143	-605.26654	1000.0	-45.806168	5.0945487	-3.6097531	-80.3076	910000	-0.21060184	231.5126	-0.0016748458	-42.23416	7.0773025	0.090558395	1460.1188607215881
182	-447.80127	236.41681	-6.8025	-676.7821	804.4	-48.443954	5.1065483	18.298027	-74.565994	915000	-0.18176655	327.29822	-0.0012921393	-101.62242	7.0675945	0.08385663	1468.2248666286469
183	-609.3771	66.79209	-523.6445	-682.95	1000.0	-51.67691	6.507849	8.657536	-83.976524	920000	-0.081947476	307.92224	-0.0019148663	-120.99098	7.087019	0.08736019	1476.252121925354
184	-582.5414	59.091663	-496.54193	-677.56	1000.0	-54.35076	9.986569	-36.64557	-94.36637	925000	-0.13397558	200.43968	-0.0018263459	-35.808807	7.055282	0.09637897	1484.2266387939453
185	-533.3617	37.293327	-483.83316	-598.54535	1000.0	-50.880886	6.523792	-3.2148275	-90.156944	930000	-0.1057379	225.55518	-0.0010635406	-54.84468	7.0054173	0.062853575	1492.3705661296844
186	-562.8055	25.23905	-519.39	-591.07837	1000.0	-48.998024	4.2058415	-29.693075	-83.91166	935000	-0.15392344	211.0823	-0.0016964078	-33.090134	6.989414	0.057735644	1500.4944713115692
187	-589.96936	75.20025	-521.4536	-719.0253	1000.0	-50.497677	7.5571885	11.222507	-88.78045	940000	-0.1197478	333.9847	-0.0015815198	-67.46442	7.062422	0.0840111	1508.5785794258118
188	-563.3994	51.320404	-507.45496	-649.0548	1000.0	-52.21525	7.9644003	-10.249956	-93.09286	945000	-0.14880581	266.2459	-0.0016323328	-63.87628	7.0245123	0.088999175	1516.5651659965515
189	-573.0356	59.96301	-486.41376	-659.18835	1000.0	-49.199158	7.82371	12.351495	-93.52664	950000	-0.17585835	227.3646	-0.0011802465	-35.627792	7.052121	0.07572729	1524.6000974178314
190	-548.50726	13.572796	-526.9363	-563.2025	1000.0	-51.13476	8.537562	-17.115616	-93.53291	955000	-0.13990991	179.0003	-0.0012501329	-43.667038	7.049905	0.09099198	1533.7036771774292
191	-586.16345	24.623789	-553.8575	-621.00903	1000.0	-49.540432	5.4810534	-11.316575	-86.52178	960000	-0.1456252	216.54677	-0.0012656152	-39.052704	7.0617037	0.102552354	1542.2921555042267
192	-528.7255	49.76461	-463.5852	-615.2697	1000.0	-51.37717	5.0720162	-15.528969	-87.873	965000	-0.16015846	223.42935	-0.0022147596	-49.84645	6.997061	0.07735066	1550.5357110500336
193	-524.19	42.507305	-461.17584	-594.8454	1000.0	-48.704723	4.9697943	10.141178	-82.25772	970000	-0.1383333	186.45454	-0.0011753589	-34.401978	7.0572076	0.0961688	1558.673222064972
194	-531.04626	44.081863	-476.70914	-599.19275	1000.0	-46.35916	4.999211	-7.1846075	-85.4673	975000	-0.13124669	208.24075	-0.0015914291	-38.352783	7.029238	0.09270604	1566.704122543335
195	-536.0991	20.058067	-508.554	-569.08923	1000.0	-48.832436	5.38304	-5.3386827	-81.73388	980000	-0.12101141	170.95155	-0.0013475716	-29.811157	7.028434	0.10067906	1574.7630803585052
196	-506.71295	51.7289	-455.7814	-603.80383	1000.0	-48.122704	3.8709862	-6.5736337	-78.991356	985000	-0.17474115	232.7024	-0.001794517	-43.14508	6.9514947	0.075657986	1582.7200746536255
197	-507.9709	57.502213	-393.1342	-540.54895	1000.0	-45.240364	4.557003	8.528251	-70.8211	990000	-0.18022017	230.1579	-0.0019007474	-42.98207	7.00845	0.07662275	1590.8330471515656
198	-537.84863	82.779335	-378.4875	-606.942	1000.0	-47.573967	4.4411883	14.750016	-69.22908	995000	-0.11843236	259.48608	-0.001589343	-57.91359	7.0307016	0.09978097	1598.8240518569946
199	-517.2192	112.68154	-343.1613	-629.62036	1000.0	-48.0515	5.832433	21.62641	-74.757484	1000000	-0.072265185	341.30118	-0.0016086698	-117.92528	6.9921656	0.10269167	1606.8982541561127
200	-476.9831	29.137625	-430.75934	-514.98755	1000.0	-44.924953	8.755334	38.45609	-82.99209	1005000	-0.115017325	265.5778	-0.001840815	-88.18913	7.0376086	0.08597106	1616.1637709140778
201	-536.67206	16.21992	-509.169	-557.62634	1000.0	-43.412876	6.800271	9.287007	-81.2485	1010000	-0.12829173	376.1565	-0.0014139563	-141.46613	7.042697	0.10595405	1624.0881855487823
202	-542.55334	33.244537	-485.91504	-584.475	1000.0	-48.695824	5.8878565	-24.196146	-85.74663	1015000	-0.13015784	168.79187	-0.0017056018	-29.23674	6.9724298	0.08148914	1632.2765216827393
203	-573.7282	54.239807	-502.99634	-634.8986	1000.0	-49.73662	6.7595496	-24.130386	-89.38505	1020000	-0.20891665	220.05286	-0.002155304	-46.01053	7.027443	0.088146456	1640.3117978572845
204	-485.30356	58.98434	-391.191	-570.5381	1000.0	-49.324745	8.936652	-30.94896	-90.90748	1025000	-0.10415632	291.92706	-0.0019782856	-130.3245	6.9472704	0.08469339	1648.4978139400482
205	-528.34766	59.642185	-479.93152	-643.59143	1000.0	-45.044205	2.8401115	-21.31502	-70.746315	1030000	-0.17024538	193.33449	-0.0017352402	-27.306183	6.9921474	0.08535949	1656.701785326004
206	-543.9192	33.497673	-507.8373	-591.59247	1000.0	-47.13007	3.7220416	-25.229692	-76.698746	1035000	-0.17487928	199.16235	-0.0015027374	-24.602661	7.030861	0.09070037	1664.7598531246185
207	-472.4323	70.17923	-394.3386	-575.49524	1000.0	-47.41949	4.1228967	-22.942936	-80.47982	1040000	-0.11963567	296.571	-0.0016046092	-65.76553	6.996183	0.091852315	1672.7538857460022
208	-537.0116	46.23537	-463.00623	-593.27075	1000.0	-44.367855	4.088368	-6.3009634	-81.579704	1045000	-0.17931099	206.17128	-0.0018873662	-44.424454	7.012798	0.089779995	1680.8671491146088
209	-518.12506	58.557476	-424.13766	-578.18225	1000.0	-47.556335	4.8896894	-21.826996	-88.167015	1050000	-0.17147036	185.79996	-0.0013795644	-28.111435	7.0054827	0.100143224	1688.8879663944244
210	-496.96637	45.10112	-415.886	-550.5129	1000.0	-46.8566	6.2607775	-5.687815	-87.14981	1055000	-0.15813638	246.0515	-0.001255855	-49.16469	6.965403	0.074132435	1698.2072966098785
211	-571.0827	33.546535	-532.63544	-621.64813	1000.0	-47.228745	8.173755	-21.799042	-87.52954	1060000	-0.098521404	204.80365	-0.0014128983	-47.495865	6.982422	0.087839805	1706.2670321464539
212	-534.1092	42.857704	-471.8906	-604.454	1000.0	-50.511795	9.7160425	-10.789469	-91.67235	1065000	-0.1144927	214.63275	-0.0010285899	-58.72278	6.9411383	0.07781195	1714.1964282989502
213	-536.9203	54.513405	-466.6617	-608.3502	1000.0	-44.87805	7.6110687	-29.066376	-82.56683	1070000	-0.1490634	236.85275	-0.0011941493	-56.873276	7.007903	0.077866144	1722.2102718353271
214	-488.67715	21.76186	-465.442	-524.1615	1000.0	-47.263405	5.0125513	-11.533914	-83.200134	1075000	-0.099856466	166.4566	-0.0015256852	-32.57051	6.919558	0.10069982	1730.1803364753723
215	-483.39078	20.56623	-449.15186	-507.5569	1000.0	-44.264275	5.4817777	-14.357294	-83.06895	1080000	-0.1251096	167.82108	-0.0017232448	-25.4711	6.967355	0.08182954	1738.191456079483
216	-495.6957	52.075016	-428.1873	-571.1452	1000.0	-43.402668	3.4902492	-16.72994	-69.77393	1085000	-0.17374673	188.80615	-0.0019381046	-25.826752	6.992364	0.11982446	1746.1037366390228
217	-476.5393	25.80908	-438.6508	-510.5262	1000.0	-44.93573	3.5040555	-17.871578	-72.347626	1090000	-0.1797014	167.9018	-0.001505658	-27.848999	6.9847493	0.08534036	1754.157297372818
218	-545.0718	68.97422	-471.8961	-659.9374	1000.0	-43.818554	4.284884	-6.964325	-62.73363	1095000	-0.17649743	339.5154	-0.0013711303	-102.41547	6.9982843	0.094079934	1762.2992715835571
219	-508.68744	9.25632	-497.32574	-524.34033	1000.0	-47.522087	4.7723327	-31.192015	-77.2894	1100000	-0.15519339	165.16052	-0.0014061481	-25.753754	6.926943	0.08311653	1770.5056598186493
220	-485.8041	32.007126	-437.28494	-522.0849	1000.0	-45.118744	4.707378	-26.130775	-75.159966	1105000	-0.18749847	179.38312	-0.0016141236	-22.680466	6.890894	0.079227746	1780.6948947906494
221	-495.85318	69.931946	-420.60416	-609.63525	1000.0	-42.96466	3.8100846	-24.993795	-70.70559	1110000	-0.18306081	183.14142	-0.0016855747	-39.522217	6.958305	0.09437802	1788.9325737953186
222	-526.9903	46.89965	-464.27884	-598.8616	1000.0	-45.93338	5.803811	-7.8861227	-84.48162	1115000	-0.11399706	361.5863	-0.0016002059	-104.67975	6.978262	0.09441053	1797.0395226478577
223	-494.6709	26.287462	-458.72342	-526.02637	1000.0	-46.92339	7.82193	-13.199056	-85.32687	1120000	-0.065662816	171.59215	-0.002184391	-39.97316	6.9251385	0.06782346	1804.956224679947
224	-491.12222	36.27394	-456.45682	-559.3345	1000.0	-44.139603	5.282646	-1.3680921	-83.48804	1125000	-0.13982175	148.052	-0.001266554	-28.67778	6.9564877	0.077490546	1813.0115926265717
225	-536.2494	22.288801	-500.3707	-561.5157	1000.0	-45.609524	4.9421773	-22.259127	-80.7925	1130000	-0.13601956	262.93512	-0.0021420121	-56.887756	6.9971204	0.12784918	1821.0888998508453
226	-516.36395	58.708145	-473.58594	-631.65326	1000.0	-49.51246	9.461868	-23.57758	-88.75278	1135000	-0.16675876	220.84427	-0.0018103272	-52.308975	6.9958158	0.0940938	1829.3169405460358
227	-511.00626	44.75867	-460.95938	-595.1824	1000.0	-44.42452	6.5457215	-3.9813728	-83.676125	1140000	-0.14263701	191.96657	-0.0013234913	-51.988388	6.99592	0.09840525	1837.4063603878021
228	-503.72128	63.211834	-380.73846	-550.2304	1000.0	-46.42841	8.135462	-36.136047	-89.62636	1145000	-0.13537323	315.39157	-0.0013366193	-75.88927	6.936926	0.08920845	1845.4298920631409
229	-506.77628	69.283066	-399.94745	-569.7761	1000.0	-45.19803	8.899597	-7.806944	-90.02691	1150000	-0.14896815	223.11565	-0.001364693	-40.220154	6.8888173	0.076030664	1853.6995887756348
230	-399.01068	203.64938	6.078481	-530.5699	807.4	-44.75881	7.422103	-15.160911	-82.22312	1155000	-0.10977255	189.24733	-0.0018556416	-48.169937	6.886955	0.08722314	1862.8451805114746
231	-489.09506	80.57743	-369.23755	-593.4274	1000.0	-42.73559	4.5479355	-8.446026	-73.475204	1160000	-0.1262133	234.84073	-0.0016055703	-43.470886	6.9612017	0.10842609	1870.5533647537231
232	-477.8553	17.046486	-456.30212	-505.62814	1000.0	-45.58748	5.916732	-3.912681	-74.403915	1165000	-0.14294684	190.31363	-0.0018140525	-56.352203	6.887326	0.07051748	1878.1280822753906
233	-483.6714	39.9706	-441.90286	-533.01514	1000.0	-42.215107	5.635148	-8.44565	-71.244156	1170000	-0.15305488	151.45686	-0.0011517853	-33.215775	6.9241843	0.09436129	1886.199720621109
234	-511.0896	51.851982	-465.87952	-606.5043	1000.0	-44.504856	6.515604	-22.370476	-81.97412	1175000	-0.13744248	215.32033	-0.0016031116	-49.44142	6.90225	0.06975902	1893.8615989685059
235	-468.19037	19.898716	-451.23398	-507.1135	1000.0	-45.628777	6.562877	-21.205946	-78.37279	1180000	-0.16940996	161.55235	-0.0018770397	-42.096626	6.8760877	0.07369968	1901.8919217586517
236	-450.0331	30.814728	-406.1373	-479.9433	1000.0	-41.53909	4.528313	-25.192451	-68.78406	1185000	-0.18170948	150.78943	-0.0009201318	-25.497307	6.885003	0.08682046	1909.75634431839
237	-517.28265	55.858685	-454.68225	-611.15717	1000.0	-41.2442	3.1672866	-19.694433	-67.65891	1190000	-0.12465727	215.96405	-0.0021750927	-53.91922	6.9352975	0.072818406	1917.6137778759003
238	-519.3581	47.95998	-453.0222	-596.47986	1000.0	-45.901344	5.7264004	-18.197584	-84.18715	1195000	-0.15700449	197.43817	-0.0010879338	-48.252625	6.9146485	0.07686405	1925.477709054947
239	-498.59366	39.07458	-441.41885	-555.5014	1000.0	-44.504494	6.0734034	-23.565594	-87.28676	1200000	-0.18272899	196.5701	-0.0013062656	-47.081177	6.9424706	0.08455323	1933.1548132896423
240	-477.66974	77.495224	-354.74673	-560.37146	1000.0	-44.17346	5.084593	5.907442	-75.733765	1205000	-0.121733986	289.4911	-0.0016422123	-68.45969	6.909969	0.0817061	1942.0791313648224
241	-466.8084	52.02789	-404.51065	-546.5063	1000.0	-42.21855	4.7127314	1.7301404	-75.19115	1210000	-0.15224178	193.98875	-0.0016120672	-35.696335	6.969122	0.10679232	1949.87122964859
242	-479.7046	24.907513	-439.86374	-503.2235	1000.0	-43.255768	5.9330626	-1.1483787	-71.916176	1215000	-0.09933485	200.53827	-0.002009347	-41.370224	6.886534	0.0931769	1957.9547114372253
243	-469.306	45.323235	-401.55228	-530.64624	1000.0	-43.051144	3.5697973	-13.998562	-69.806366	1220000	-0.18170503	172.40633	-0.0012173802	-26.37262	6.9527826	0.088480726	1965.949569940567
244	-496.32593	34.8982	-459.57153	-553.1226	1000.0	-42.62322	3.7704237	-23.56834	-68.582016	1225000	-0.11637603	153.89813	-0.0013078079	-40.00788	6.9408326	0.10110173	1974.0412147045135
245	-468.76236	50.173996	-384.40726	-533.1639	1000.0	-45.5254	5.6647964	-24.519016	-78.92606	1230000	-0.16690144	174.08105	-0.0013342649	-42.141205	6.9022985	0.09900966	1981.7257206439972
246	-483.85214	57.21385	-401.69705	-547.68604	1000.0	-41.709408	3.6354303	-22.393364	-68.23869	1235000	-0.19323322	162.61632	-0.0015865564	-33.396973	6.9597	0.10342373	1989.5599174499512
247	-482.11884	58.530003	-417.77386	-575.70795	1000.0	-44.490692	3.7156024	-24.767239	-74.07315	1240000	-0.15169775	252.74686	-0.0015842468	-66.305664	6.9233875	0.11388218	1997.5857048034668
248	-470.34213	38.361603	-421.9874	-525.28644	1000.0	-41.81962	4.111987	-0.93236125	-78.14437	1245000	-0.18305354	173.26956	-0.0018927753	-29.295853	6.918672	0.10027721	2005.5348720550537
249	-462.0147	26.864866	-421.96753	-496.9883	1000.0	-42.933517	3.8769803	-4.870413	-69.04061	1250000	-0.120379165	162.98482	-0.0015163943	-36.324394	6.8832173	0.101158775	2014.4135863780975
