Epoch	AverageEpRet	StdEpRet	MaxEpRet	MinEpRet	EpLen	AverageVVals	StdVVals	MaxVVals	MinVVals	TotalEnvInteracts	LossPi	LossV	DeltaLossPi	DeltaLossV	Entropy	KL	Time
0	-2101.5176	52.626858	-2026.4015	-2161.1816	1000.0	0.00027295836	0.49964303	1.5955108	-1.690439	5000	0.10885615	37504.73	-0.021629356	-5181.412	8.362819	0.96868944	14.794175624847412
1	-1396.6923	883.60126	-121.743416	-2090.3584	689.3333	-14.1781645	0.4662782	-7.8053493	-14.606945	10000	0.06026911	28706.035	-0.011478826	-2216.2363	8.357851	1.0407984	22.048813343048096
2	-1884.0967	47.34185	-1837.9493	-1960.0524	1000.0	-21.122585	0.1182911	-19.134363	-21.202438	15000	0.10050085	24172.486	-0.012981452	-1657.5352	8.370193	1.0266364	29.486945629119873
3	-1518.2562	666.76434	-186.76263	-1886.0823	821.0	-26.735918	0.06444147	-25.46733	-26.76962	20000	-0.0011215485	20933.02	-0.009326242	-1389.207	8.399045	1.0519629	36.7973313331604
4	-1790.242	91.77511	-1697.6293	-1965.1503	1000.0	-31.84747	0.04271913	-30.589615	-31.869705	25000	-0.0012496032	17981.906	-0.010215027	-1202.709	8.369587	1.0044487	44.1197714805603
5	-1730.5299	92.117615	-1627.7325	-1860.735	1000.0	-36.639343	0.033485476	-35.7885	-36.65641	30000	0.028329086	16031.557	-0.008565314	-1101.4092	8.374332	1.0816754	51.40884327888489
6	-1675.5974	51.794804	-1588.6688	-1742.3059	1000.0	-41.27518	0.02131693	-40.578583	-41.285213	35000	-0.0062898286	13476.166	-0.007814661	-950.5615	8.4072	0.98181075	58.715912103652954
7	-1643.4128	59.497555	-1543.1901	-1716.1982	1000.0	-45.647167	0.020944178	-45.023582	-45.655693	40000	0.008468109	12291.104	-0.009036456	-868.083	8.315746	0.95646584	65.96414256095886
8	-1596.6731	39.44854	-1537.5515	-1640.7604	1000.0	-49.882442	0.017164817	-49.441998	-49.889557	45000	0.17147252	10095.266	-0.008468777	-736.85254	8.505456	1.0942683	73.30669474601746
9	-1526.9899	86.48235	-1378.2272	-1619.5306	1000.0	-53.858257	0.022491222	-52.857872	-53.86463	50000	-0.0014458618	8350.855	-0.0059206234	-618.13965	8.3975	1.0272716	80.68518900871277
10	-1537.7217	65.034615	-1447.4108	-1621.2812	1000.0	-57.567867	0.01721471	-56.942257	-57.573605	55000	-0.03223474	7403.464	-0.0062475055	-557.5967	8.32609	0.9608745	88.53463244438171
11	-1479.7454	68.95037	-1394.1028	-1558.1017	1000.0	-61.150375	0.015441233	-60.528076	-61.155354	60000	0.052858714	6280.7114	-0.006731473	-488.3296	8.470324	1.0810938	95.94779825210571
12	-1495.1985	51.63612	-1393.8059	-1529.9968	1000.0	-64.570694	0.012726725	-64.12953	-64.575066	65000	0.045351256	5991.676	-0.0067787617	-469.47363	8.326441	0.92480624	103.2514717578888
13	-1398.4408	29.930338	-1347.9119	-1424.0751	1000.0	-67.97772	0.010560464	-67.628006	-67.98149	70000	-0.04151838	4368.452	-0.0067078248	-341.8418	8.325275	0.95075935	110.5177674293518
14	-1361.6747	30.749578	-1303.9672	-1387.5659	1000.0	-70.967926	0.012914291	-70.41064	-70.97214	75000	0.044376604	3212.9353	-0.006059125	-261.66016	8.305087	0.9346318	117.89663076400757
15	-1292.9491	42.054203	-1227.9218	-1352.8818	1000.0	-73.63539	0.009890036	-73.30219	-73.63897	80000	0.029233303	2598.0476	-0.0049203914	-199.81763	8.269521	0.89627403	125.67054390907288
16	-1300.6594	60.670597	-1198.4698	-1362.8405	1000.0	-76.01899	0.012349238	-75.51572	-76.02226	85000	0.06738706	2635.0325	-0.0058821402	-182.96167	8.354789	0.93070656	133.38614535331726
17	-1259.9609	42.012634	-1196.2007	-1322.7759	1000.0	-78.337364	0.01074824	-77.91235	-78.34086	90000	-0.017642725	1991.4543	-0.003993051	-150.59839	8.2029705	0.8371168	140.4823751449585
18	-1018.7082	452.88455	-114.82935	-1290.373	812.2	-80.49581	0.011033	-80.11988	-80.499016	95000	-0.041942015	1845.8262	-0.0047580786	-125.37854	8.268379	0.9574813	147.8439302444458
19	-1255.9625	45.88111	-1179.0468	-1310.8672	1000.0	-82.50803	0.010796341	-82.01875	-82.510994	100000	0.050359614	1593.8694	-0.0041364394	-110.13818	8.265804	0.8530916	154.86625146865845
20	-1185.6401	61.614944	-1089.1262	-1249.3556	1000.0	-84.43265	0.007948524	-84.18669	-84.43565	105000	-0.05507611	1186.8492	-0.003513597	-63.61682	8.274721	0.93013877	162.83162641525269
21	-1200.8403	52.61315	-1149.9639	-1282.9194	1000.0	-85.949776	0.009771026	-85.60267	-85.95291	110000	0.011123992	1084.9204	-0.003459861	-63.576416	8.352495	0.94012386	170.53326177597046
22	-1134.1775	43.20452	-1061.3762	-1191.9507	1000.0	-87.47285	0.008144179	-87.22399	-87.47553	115000	-0.004547998	849.3389	-0.00281337	-39.703003	8.237598	0.8306983	178.23861002922058
23	-1105.412	83.783134	-1027.0282	-1256.8682	1000.0	-88.723694	0.007863376	-88.46252	-88.72623	120000	0.028519794	822.1331	-0.0030322578	-15.704468	8.290657	0.9497453	185.99815726280212
24	-1085.0156	31.889547	-1047.2977	-1140.8191	1000.0	-89.54202	0.007213047	-89.28896	-89.54457	125000	-0.025255902	612.3548	-0.0034424681	-11.382019	8.272532	0.89161384	193.79721689224243
25	-1079.7063	42.973385	-1018.0251	-1143.2578	1000.0	-90.237816	0.008509867	-89.93749	-90.240425	130000	0.017009553	722.6889	-0.003695432	-8.662598	8.22065	0.88625467	201.61698842048645
26	-1035.7385	64.14112	-948.48364	-1106.1461	1000.0	-90.85915	0.008269388	-90.55036	-90.861534	135000	0.018026697	568.6859	-0.0035036495	-3.1265259	8.216731	0.8320892	209.39951491355896
27	-1039.6953	35.947693	-985.79083	-1098.1593	1000.0	-91.25153	0.0076748994	-91.01175	-91.25425	140000	-0.12961459	538.2495	-0.0030507296	-2.474121	8.193327	0.84519064	217.1988387107849
28	-1049.846	26.138153	-1015.0356	-1093.7754	1000.0	-91.59797	0.0069575924	-91.33427	-91.600296	145000	0.025709832	517.0008	-0.0033938717	-4.2019653	8.2163925	0.81354284	224.73915719985962
29	-1033.2644	98.27962	-875.99255	-1157.2483	1000.0	-92.051025	0.0084334	-91.7486	-92.05351	150000	0.004342961	717.4298	-0.0036176194	-0.010437012	8.095141	0.7534868	232.0240924358368
30	-1010.63495	72.15884	-898.14703	-1096.1765	1000.0	-92.107834	0.0073626884	-91.82421	-92.11006	155000	-0.044848848	517.6864	-0.002867002	-0.5305176	8.208616	0.8601412	240.4585132598877
31	-947.59436	27.167286	-905.8789	-979.5678	1000.0	-91.946785	0.0071672867	-91.692245	-91.94908	160000	0.02118928	422.77454	-0.003117988	-9.357544	8.154064	0.8199764	248.18720293045044
32	-1015.6776	65.552765	-910.94165	-1084.9971	1000.0	-91.244255	0.008682652	-90.97667	-91.24678	165000	0.042354878	476.5324	-0.0041971803	-0.028717041	8.128047	0.76915467	256.0156216621399
33	-1041.3567	29.459343	-1015.33606	-1084.1206	1000.0	-91.14852	0.007984974	-90.895874	-91.15106	170000	-0.006680768	559.42883	-0.004889249	-0.12799072	8.232945	0.82593244	264.06395745277405
34	-980.1003	28.617764	-928.84326	-1016.1226	1000.0	-91.2322	0.007187637	-91.047585	-91.23469	175000	-0.04630937	530.2861	-0.0017769784	-3.6880493	8.210093	0.8292372	272.11882877349854
35	-945.4969	21.689974	-909.29816	-972.101	1000.0	-90.773865	0.0097118765	-90.50186	-90.77668	180000	-0.040503755	554.9247	-0.0025512017	-22.563843	8.169427	0.7665543	280.0424966812134
36	-933.08484	20.458908	-897.59534	-956.2168	1000.0	-89.713165	2.8003297	30.769169	-89.95603	185000	-0.022806697	415.55948	-0.0024556145	-42.06848	8.194954	0.77235335	288.2776737213135
37	-904.25653	23.026932	-872.3335	-938.0645	1000.0	-87.8536	4.0458403	-20.381971	-89.176994	190000	-0.042980716	517.3935	-0.002598364	-66.75845	8.224904	0.8489894	297.03822445869446
38	-948.75665	39.956806	-889.83844	-1012.8188	1000.0	-82.76686	4.8923216	0.050476193	-86.93153	195000	-0.005942468	641.53174	-0.0021205568	-147.44064	8.246608	0.8760676	305.6477897167206
39	-866.7036	50.217026	-780.24896	-934.70917	1000.0	-80.71235	9.783421	13.109104	-88.806046	200000	-0.028481986	537.3214	-0.0025297515	-149.6322	8.189252	0.8340515	313.5634412765503
40	-893.50574	44.025776	-839.5503	-972.57605	1000.0	-77.9987	2.4938433	-42.86585	-88.59522	205000	-0.00696544	409.06174	-0.0021302826	-27.912628	8.050395	0.6941144	322.40577936172485
41	-854.4084	35.821377	-816.4964	-915.6731	1000.0	-79.02241	4.699797	45.382915	-88.69789	210000	-0.031788528	394.7541	-0.0024562664	-35.239075	8.230047	0.84363514	330.4642400741577
42	-840.26385	46.81739	-786.31964	-913.7694	1000.0	-77.374054	3.5160606	-36.978638	-88.60779	215000	-0.00132127	376.31876	-0.0032820515	-33.33609	8.132158	0.7705697	338.3082187175751
43	-884.0324	37.836555	-814.5617	-929.0351	1000.0	-76.58851	4.1604695	0.11458421	-88.50411	220000	0.038782667	407.42505	-0.0025069565	-42.834198	8.076859	0.72554934	346.3249776363373
44	-859.6598	77.93548	-729.5018	-964.9796	1000.0	-78.116585	4.7212625	-37.719982	-88.7462	225000	0.010772333	401.842	-0.0030562896	-42.102997	8.1752825	0.7720373	354.4375877380371
45	-646.7393	252.84584	-151.3369	-845.2141	827.8	-78.1911	4.922187	-1.1038674	-88.72217	230000	-0.0065753404	473.0492	-0.0017685853	-97.33145	8.148795	0.8485571	362.77884793281555
46	-811.883	41.081104	-768.2568	-879.9121	1000.0	-71.53882	5.501378	20.5259	-88.19614	235000	0.0028128144	443.7254	-0.0026520356	-51.15335	8.141016	0.7514455	370.98122787475586
47	-833.1553	45.16153	-773.01056	-895.27954	1000.0	-72.60791	5.534337	-23.73359	-88.50942	240000	-0.056243993	364.1744	-0.0021600723	-78.76401	8.201603	0.7981243	379.30022525787354
48	-802.2599	43.153328	-745.1187	-868.84894	1000.0	-74.86095	7.203501	-3.3466253	-88.65247	245000	-0.011830963	386.6797	-0.002281732	-69.62073	8.175963	0.8194311	387.5703778266907
49	-790.9281	14.563565	-771.504	-816.3932	1000.0	-71.22824	8.908783	2.0975995	-88.593346	250000	-0.048654072	419.21152	-0.0019780248	-108.28616	8.130776	0.7773448	395.91631627082825
50	-794.3082	38.88437	-756.18854	-862.3462	1000.0	-69.4373	3.6798515	-53.80586	-88.38946	255000	0.03547508	332.1664	-0.0023980327	-20.769226	8.101422	0.75098073	404.65407514572144
51	-799.01154	48.562275	-726.7636	-864.1049	1000.0	-70.48306	2.879679	-50.84328	-88.07803	260000	-0.08885566	281.30478	-0.0018855408	-28.136032	8.132722	0.77383655	412.96247363090515
52	-776.5002	28.123375	-741.08594	-818.3221	1000.0	-71.27273	4.9979606	-26.225203	-88.62921	265000	-0.08544331	289.3431	-0.0017799586	-19.30542	8.119799	0.75286466	421.32688307762146
53	-783.6198	56.866962	-706.07495	-840.8754	1000.0	-70.0269	4.985537	-40.564743	-88.35131	270000	-0.12030125	310.8066	-0.0018376708	-26.19455	8.072082	0.70972586	429.74099612236023
54	-784.4853	55.779594	-698.243	-859.54974	1000.0	-68.87235	4.4558477	-48.29715	-88.39896	275000	-0.036108922	273.66696	-0.0020850152	-21.537811	8.098461	0.75087434	437.9513292312622
55	-728.2767	67.05885	-604.48126	-796.0234	1000.0	-69.49478	3.5732818	-23.862911	-88.47354	280000	0.019470947	341.7461	-0.0024649967	-28.65918	8.216143	0.82232714	446.1672053337097
56	-778.50256	43.359013	-723.17523	-838.24176	1000.0	-66.883896	3.5482354	-17.182158	-88.04671	285000	-0.09193011	280.47522	-0.0015286803	-54.41449	8.103308	0.7417881	454.38096809387207
57	-789.7517	49.81808	-714.1908	-834.8947	1000.0	-69.91935	6.4339867	-51.51311	-88.74332	290000	-0.011761749	380.2187	-0.0017540287	-46.220337	8.1064	0.7754235	462.6300735473633
58	-768.6189	82.41409	-706.92944	-931.36755	1000.0	-68.73477	5.443603	-9.748717	-88.88682	295000	-0.06225523	504.39725	-0.002675932	-87.33026	8.169449	0.81613064	470.9431531429291
59	-637.1246	233.35394	-179.00171	-815.69037	827.6	-68.616165	7.1247005	-32.209106	-89.14304	300000	-0.04379919	336.45926	-0.002931971	-53.646362	8.12236	0.7489134	479.23515915870667
60	-740.24133	67.23638	-669.5133	-853.16144	1000.0	-68.23989	4.160623	-11.581384	-87.15538	305000	-0.1595094	349.17316	-0.0015221387	-48.98062	8.099991	0.7351	488.2031021118164
61	-731.5609	48.116653	-647.2517	-783.9001	1000.0	-67.66764	5.50943	-21.41459	-88.18758	310000	-0.10531504	315.12286	-0.0026429445	-46.448547	8.17771	0.78785396	496.7456030845642
62	-720.77985	32.533646	-678.227	-751.74365	1000.0	-66.4388	4.2139807	-20.82345	-88.589806	315000	-0.080230236	231.24153	-0.0020452365	-28.411438	8.048818	0.7415423	505.08976888656616
63	-730.046	55.519524	-673.1343	-830.4955	1000.0	-65.34462	5.791149	-1.415654	-88.71962	320000	-0.093335964	390.02896	-0.0018212125	-64.52673	8.142627	0.76908565	513.4371507167816
64	-718.7247	47.586563	-665.31854	-804.6361	1000.0	-65.518265	5.2886033	-1.9077842	-85.8003	325000	0.0024384179	329.57544	-0.002004857	-50.78009	8.089444	0.7419096	521.7006239891052
65	-725.3698	20.056541	-694.4049	-752.0099	1000.0	-64.38955	5.253946	27.846653	-82.6479	330000	-0.027501348	306.9965	-0.0020283423	-56.71364	8.119735	0.7207827	530.1914398670197
66	-738.6972	24.636452	-710.81445	-774.93604	1000.0	-65.173	5.0611587	-18.676928	-87.40524	335000	-0.04821716	357.0863	-0.0022245646	-51.760315	8.054457	0.7084496	538.4957003593445
67	-714.6881	67.6964	-615.6817	-821.18066	1000.0	-65.67434	7.115871	3.7092595	-88.38745	340000	-0.0070989258	348.03424	-0.0025816164	-55.20569	8.06544	0.74160266	546.8105676174164
68	-731.6388	46.725616	-680.9104	-800.94006	1000.0	-64.164375	6.2873616	31.264324	-87.83789	345000	-0.020346543	357.30014	-0.0017512627	-69.24173	8.086009	0.7380944	555.1937162876129
69	-706.0916	48.193928	-640.81946	-782.7382	1000.0	-63.976505	6.184185	9.262722	-88.11948	350000	-0.04171651	278.7224	-0.001229804	-44.632645	8.088044	0.72218174	563.6894896030426
70	-527.7997	285.6648	35.61014	-715.07477	820.0	-64.246666	5.6212354	-2.675528	-87.14418	355000	-0.01918331	381.00644	-0.0019567255	-127.69769	8.075983	0.7209797	572.8111999034882
71	-678.4823	48.250603	-604.2017	-736.2443	1000.0	-61.77196	7.7558947	28.486284	-85.494	360000	-0.063638784	316.26007	-0.0022324175	-84.8181	8.079562	0.7503168	581.0625512599945
72	-661.3312	96.81594	-480.38123	-762.95996	1000.0	-60.385994	4.953645	-7.145603	-85.507965	365000	0.006643746	338.3584	-0.0015432928	-42.204437	8.137879	0.81984216	589.361221075058
73	-673.9088	28.723162	-626.1499	-706.5096	1000.0	-58.918457	4.5173664	-31.006454	-86.025116	370000	-0.012322424	255.41866	-0.0014013946	-31.271225	8.049289	0.71091515	597.6514134407043
74	-739.51855	42.971172	-668.1885	-798.66455	1000.0	-61.569355	5.202874	21.612717	-84.21659	375000	-0.07580996	338.97836	-0.001705721	-63.668427	8.082192	0.7208637	606.2660796642303
75	-649.6705	69.64369	-532.60846	-727.5234	1000.0	-63.017277	4.9954534	4.5122633	-87.77552	380000	-0.07594336	358.64844	-0.0022859871	-48.524414	8.065819	0.7092466	614.8735375404358
76	-670.3329	14.469739	-650.1501	-685.5934	1000.0	-59.355263	3.8644674	28.285646	-84.62457	385000	-0.026053905	276.94016	-0.002602106	-28.007278	8.069261	0.6828551	623.1726608276367
77	-652.60114	62.609303	-598.4788	-768.93823	1000.0	-60.9443	4.185748	-1.9779006	-86.20414	390000	-0.09777084	270.52664	-0.0022395998	-41.906647	8.063912	0.74319804	631.499703168869
78	-653.25854	64.09372	-570.32434	-722.9848	1000.0	-57.25655	4.5591254	-25.056894	-83.66976	395000	-0.050928243	257.6302	-0.001683414	-40.65419	8.122225	0.75037295	639.6966705322266
79	-530.72766	267.3715	-2.4109824	-740.6565	810.8	-59.395668	3.682103	-13.935549	-82.34617	400000	0.03643028	287.98956	-0.0024432354	-49.457687	8.067195	0.78609765	648.1478216648102
80	-666.7522	57.999466	-582.3509	-741.0003	1000.0	-58.717262	5.319109	7.24749	-83.194305	405000	-0.111471765	447.036	-0.0023125708	-106.3071	8.089161	0.7917495	657.584231376648
81	-687.1555	26.969383	-640.9778	-716.76044	1000.0	-58.881577	6.0241084	-24.022844	-87.91654	410000	-0.052443773	284.2406	-0.0021963082	-44.15143	8.140279	0.7619644	665.9592099189758
82	-690.40625	40.47624	-619.59174	-738.2957	1000.0	-60.500725	5.798141	-12.961605	-88.084435	415000	-0.047109727	290.74185	-0.0021326728	-59.389908	7.9961686	0.69506276	674.0682566165924
83	-680.5008	22.508404	-653.21967	-716.99036	1000.0	-61.261562	6.5759244	-24.447054	-88.32533	420000	-0.05048337	270.2526	-0.0017689802	-41.20427	8.1046	0.7385354	682.1955857276917
84	-662.39575	20.4437	-644.19714	-699.5281	1000.0	-61.82359	7.2452397	-14.657747	-88.50832	425000	-0.083959356	252.4399	-0.0016878322	-47.701523	8.035341	0.7351919	690.2654128074646
85	-664.1755	41.47753	-596.63446	-703.2118	1000.0	-57.975063	6.7563696	5.72161	-87.655	430000	-0.030668052	357.208	-0.0020289514	-89.25812	8.024632	0.7046426	698.3240215778351
86	-679.1965	66.46502	-625.2361	-805.35187	1000.0	-60.674305	7.2769485	-29.034086	-87.160645	435000	-0.08548026	301.03955	-0.0018927976	-56.238358	7.9842796	0.6769886	706.5627880096436
87	-605.1169	41.519814	-545.69403	-667.0248	1000.0	-60.858437	7.8151865	-13.389044	-88.61246	440000	-0.008395276	259.3577	-0.00095661264	-65.93866	8.05311	0.75466985	714.9819965362549
88	-679.2825	35.31833	-640.3045	-746.06354	1000.0	-54.810112	4.487734	-22.45858	-82.69411	445000	-0.029111944	304.0048	-0.0016080271	-66.5396	8.138212	0.83180577	723.2021749019623
89	-626.6484	32.61932	-605.33875	-690.4194	1000.0	-60.182964	6.6443934	-41.50113	-88.58627	450000	-0.082248546	250.02852	-0.0015191734	-51.0905	8.100107	0.74501395	731.8253684043884
90	-513.91516	245.45001	-36.3527	-716.65576	829.2	-56.064686	4.0433693	7.5843854	-84.38941	455000	-0.06755274	249.5428	-0.002199024	-43.829483	7.9961658	0.7199875	740.8478009700775
91	-619.9413	32.67775	-565.31665	-666.0788	1000.0	-55.908676	3.702004	-28.618908	-88.045784	460000	0.05318877	240.82503	-0.0017619021	-24.671783	8.067096	0.76472384	749.1676847934723
92	-618.82294	48.40648	-566.48505	-696.7025	1000.0	-56.41369	3.5598228	-6.224371	-82.15206	465000	-0.09743187	271.62708	-0.0017682314	-29.362152	8.137706	0.7888142	757.1857936382294
93	-633.2293	42.019238	-582.8784	-687.066	1000.0	-56.219883	4.250441	-19.289505	-85.80815	470000	-0.09117584	285.02982	-0.0013171509	-57.25656	8.037714	0.69261456	765.3327989578247
94	-645.5085	33.58739	-609.34467	-696.27765	1000.0	-57.92555	5.767739	-3.6759646	-88.10561	475000	-0.11158301	238.73053	-0.001190342	-26.384003	8.086719	0.75961816	773.8173215389252
95	-629.51355	47.104454	-571.7964	-675.83356	1000.0	-57.86237	6.4884396	1.6458282	-87.89242	480000	-0.04101776	269.32037	-0.0020290948	-46.577972	8.0683565	0.7891377	782.5004374980927
96	-632.0047	90.379295	-522.0567	-772.1875	1000.0	-57.69185	7.153373	10.993464	-87.12139	485000	-0.08366973	327.2154	-0.0016767457	-70.28253	8.096731	0.78452283	790.8555595874786
97	-651.446	27.269535	-610.65784	-677.05505	1000.0	-54.500126	6.347757	-2.4304676	-86.9333	490000	-0.061661847	292.45514	-0.0017472208	-85.457794	7.9998703	0.67336786	799.1669623851776
98	-608.8869	40.74346	-530.71094	-645.64496	1000.0	-59.13645	3.9322615	8.079487	-83.89263	495000	-0.04356484	297.16373	-0.0018525571	-59.017426	8.10312	0.75168425	807.4897661209106
99	-622.34314	66.72467	-510.2947	-699.9337	1000.0	-55.952457	5.7707453	35.627712	-87.45984	500000	-0.11184973	270.5339	-0.00150536	-44.20456	8.023675	0.70302725	816.010550737381
100	-616.76086	33.900127	-557.53326	-662.9959	1000.0	-56.77375	4.582229	-7.339632	-86.93397	505000	-0.064883694	292.6233	-0.001831688	-34.89679	8.133649	0.75653654	825.1614727973938
101	-681.12366	35.386436	-623.28375	-717.60785	1000.0	-56.556892	4.439256	-1.1085031	-82.694756	510000	-0.069892794	367.37872	-0.0017000735	-128.87082	8.067419	0.71746856	833.5322825908661
102	-595.8307	17.881475	-568.3891	-616.79767	1000.0	-59.139183	6.8027525	-46.129734	-89.06961	515000	-0.0904398	318.10303	-0.0012686327	-93.533356	7.940104	0.6430554	842.1780910491943
103	-630.503	52.087852	-579.31476	-728.92194	1000.0	-55.434124	4.0536294	-15.176874	-85.93526	520000	-0.08463904	290.8991	-0.0013730153	-56.201508	8.009318	0.73132217	850.498292684555
104	-633.74774	13.242928	-614.1056	-653.5203	1000.0	-55.892693	5.540584	-32.887165	-87.5615	525000	-0.03173702	241.6285	-0.0017362274	-26.453796	8.1283865	0.75917375	858.7200894355774
105	-684.8292	60.062763	-614.3291	-759.14056	1000.0	-57.4316	5.603552	-27.062536	-86.50253	530000	-0.09238635	401.1006	-0.0014472157	-93.70853	8.055163	0.74536043	867.0426769256592
106	-537.7565	262.34283	-14.804768	-691.671	805.8	-58.277725	8.905442	-27.091192	-88.92186	535000	-0.061889526	307.2746	-0.0016984232	-54.976852	7.9698124	0.6776438	875.2929685115814
107	-605.00073	72.16609	-477.19406	-682.5061	1000.0	-58.589764	6.4895453	-14.355531	-88.8509	540000	0.013318609	306.98355	-0.0015586363	-54.532272	8.071694	0.7389303	883.7963054180145
108	-588.51056	61.14482	-510.1518	-688.7914	1000.0	-55.954826	6.4374557	11.486875	-87.5491	545000	-0.10244499	298.38873	-0.0018722191	-66.954956	8.054843	0.76144755	892.2877469062805
109	-640.8715	58.680737	-593.89154	-755.2415	1000.0	-53.168938	3.9272316	2.5221782	-80.837135	550000	-0.08962613	308.2673	-0.0015490726	-69.82941	8.046797	0.7768076	900.5475988388062
110	-583.2132	93.20593	-427.2365	-675.0678	1000.0	-56.3711	5.5530524	-5.977493	-85.68633	555000	-0.06713886	479.68195	-0.0018080026	-162.69345	8.04872	0.73247206	909.3229472637177
111	-625.9861	35.312122	-587.477	-669.8932	1000.0	-53.48675	7.4241138	8.494878	-87.63109	560000	-0.072515056	305.1564	-0.0013741702	-79.00415	7.9952173	0.73048097	918.2890346050262
112	-601.7648	59.354458	-537.3553	-674.5013	1000.0	-57.066574	6.3113575	-14.230837	-88.13339	565000	-0.11681355	313.48804	-0.0016526878	-64.09631	8.103168	0.7429623	926.963428735733
113	-555.9076	66.57858	-483.64758	-660.52875	1000.0	-55.433468	4.590033	42.140965	-80.59906	570000	-0.0324427	296.38626	-0.0013954416	-99.291855	8.012277	0.78812224	935.5518777370453
114	-618.7448	32.30259	-559.9947	-656.6507	1000.0	-50.54169	5.6756825	17.2976	-77.26575	575000	-0.051113375	274.59894	-0.0014155917	-82.22014	7.9837985	0.6846304	943.7468824386597
115	-588.4132	42.67413	-530.4326	-648.613	1000.0	-56.649975	2.7366183	-28.219835	-79.53001	580000	-0.08529223	223.31567	-0.0015809983	-36.189606	7.9833813	0.72209454	952.1848042011261
116	-626.4107	42.84952	-566.93115	-696.77954	1000.0	-52.978157	4.0071764	-8.059254	-81.52699	585000	-0.16629536	276.252	-0.00093851984	-37.84146	8.0493145	0.74066585	960.4640939235687
117	-612.25574	30.300123	-563.594	-657.2426	1000.0	-55.39405	4.9765387	-19.91381	-85.71347	590000	-0.06533441	225.61795	-0.0018009469	-21.302414	8.034678	0.713195	968.824923992157
118	-610.43054	35.702747	-582.6115	-680.8079	1000.0	-53.86525	3.6933715	-20.878342	-84.77125	595000	-0.023410989	278.91153	-0.0022344831	-29.589233	8.063829	0.74397045	977.4323117733002
119	-621.4686	33.954468	-584.5155	-682.791	1000.0	-57.182663	3.969247	-22.92808	-88.02787	600000	-0.019747216	350.1815	-0.0015182346	-66.2431	7.9979296	0.72484744	985.7317333221436
120	-569.1332	33.866486	-512.01886	-611.77356	1000.0	-56.85636	6.642105	-40.476757	-88.45841	605000	-0.0534755	256.62976	-0.0012551956	-64.42349	7.96075	0.70960003	994.7599203586578
121	-582.3747	20.241327	-558.0723	-619.39703	1000.0	-51.25243	3.352523	-7.6913905	-85.83855	610000	-0.038114607	210.4508	-0.0019028597	-17.13118	8.016519	0.75601983	1002.9925429821014
122	-589.24695	28.397188	-557.4086	-628.1019	1000.0	-52.443325	2.815686	-13.883291	-80.934975	615000	-0.13214713	272.59744	-0.0014220029	-27.157043	7.9788632	0.7105181	1011.2430598735809
123	-600.9333	69.40621	-508.73947	-691.5969	1000.0	-53.894962	3.4674795	-3.1771579	-84.41411	620000	-0.07625015	273.3011	-0.0019358173	-40.54184	8.021626	0.7193926	1019.4919803142548
124	-601.08386	30.536308	-548.434	-641.313	1000.0	-53.103237	4.014136	-9.669944	-86.8146	625000	-0.13055924	208.62949	-0.0015881509	-28.168137	7.922514	0.6666322	1027.664737701416
125	-601.0314	56.41391	-532.62695	-687.8551	1000.0	-54.95138	4.322064	8.493226	-87.35359	630000	-0.122583695	302.63162	-0.0012230203	-64.53465	8.009832	0.7288195	1036.1776401996613
126	-611.1891	47.03216	-580.5858	-703.8989	1000.0	-54.706795	5.3086257	8.328355	-87.931175	635000	-0.055350672	271.8749	-0.0014406778	-43.84828	7.97885	0.70677507	1044.4100954532623
127	-632.05457	57.70457	-542.3453	-695.19073	1000.0	-54.888187	6.1835804	-0.15675592	-87.737045	640000	-0.046981975	272.78836	-0.0014896505	-54.81613	7.9609327	0.6922336	1052.6512444019318
128	-637.62537	71.65912	-527.71625	-732.8403	1000.0	-56.647087	8.856584	8.405654	-87.49709	645000	-0.09251932	344.3473	-0.0012343824	-64.741455	8.029311	0.76862234	1061.011311531067
129	-614.0393	74.39218	-537.5985	-738.8722	1000.0	-55.398506	6.3380933	-10.676761	-88.57356	650000	-0.090427645	366.6815	-0.0020751357	-86.94824	8.00772	0.71103925	1069.1918675899506
130	-596.39417	36.925472	-554.6518	-644.1927	1000.0	-53.765724	5.5761623	-31.881887	-88.78184	655000	-0.03879049	231.12248	-0.0019293502	-29.732025	8.007218	0.753733	1078.527009010315
131	-579.63684	50.892036	-482.66266	-622.08264	1000.0	-54.092007	7.5446153	20.227911	-88.88284	660000	-0.009656103	360.8882	-0.0024502492	-96.79944	7.9765563	0.70650256	1086.8637478351593
132	-616.6827	52.675865	-544.4165	-699.27313	1000.0	-54.305637	5.558454	-12.048964	-88.36459	665000	-0.029351208	334.15793	-0.0012626946	-68.02222	8.089572	0.7836761	1095.1374797821045
133	-599.4253	84.28848	-494.53903	-747.6197	1000.0	-54.657024	5.147116	-16.128067	-87.47431	670000	-0.07300337	229.06947	-0.0015095621	-42.164642	8.00215	0.7234841	1103.4115269184113
134	-638.2088	33.1469	-598.8823	-689.7161	1000.0	-54.36248	6.6735854	2.0352297	-89.603165	675000	-0.045674056	377.3967	-0.002159994	-88.49368	8.048147	0.7563934	1111.5937616825104
135	-636.15576	56.109726	-580.54944	-738.89343	1000.0	-57.28045	8.6639185	-27.835709	-91.40676	680000	-0.046374574	267.3277	-0.0018302538	-49.607346	8.041287	0.7883623	1119.8891248703003
136	-607.2296	36.220085	-572.7867	-669.67194	1000.0	-55.232574	8.462293	-32.321815	-90.65325	685000	-0.16441265	303.89966	-0.00070770085	-71.04239	8.044725	0.750112	1128.2434232234955
137	-572.30084	80.35142	-420.39856	-653.0803	1000.0	-56.15716	4.8441205	-4.6187816	-87.15923	690000	-0.059516005	263.72714	-0.001604002	-69.60124	7.9843717	0.71459115	1136.664358139038
138	-612.49384	46.434246	-553.177	-693.48474	1000.0	-52.309673	5.1739817	2.268003	-86.68431	695000	-0.06852682	311.31247	-0.001731798	-93.8304	8.092631	0.80588055	1145.1207168102264
139	-580.6676	24.525803	-541.5647	-616.4983	1000.0	-54.483425	6.4465957	11.5593	-90.747025	700000	0.06958384	220.65816	-0.0018180832	-58.66815	7.9886017	0.7465216	1153.352706670761
140	-579.3502	57.245663	-504.61594	-647.87994	1000.0	-52.534374	4.7499948	22.939371	-89.12913	705000	-0.04009499	262.41418	-0.0014004372	-56.472733	8.015094	0.70547956	1162.7381389141083
141	-598.3961	45.376945	-550.2103	-654.7802	1000.0	-53.191093	3.8564441	-20.349504	-85.27115	710000	-0.086292006	276.7663	-0.0020903423	-40.7538	7.9504642	0.7018805	1171.1276342868805
142	-591.70514	38.041523	-523.7964	-634.84564	1000.0	-53.086533	3.8360007	-27.575504	-89.75261	715000	-0.06592704	217.30264	-0.0013907328	-27.334793	7.9478045	0.7203796	1179.5264718532562
143	-602.2958	40.61882	-542.02454	-666.4889	1000.0	-52.908024	5.2157183	-2.5548096	-87.85241	720000	-0.058233116	243.13988	-0.0017644353	-30.366623	8.05386	0.8020752	1187.7922160625458
144	-604.2595	74.022285	-489.75696	-677.32153	1000.0	-54.851437	7.8232145	-13.518451	-88.131584	725000	-0.07678524	361.6533	-0.0014559627	-65.002655	8.014934	0.77210134	1195.9904391765594
145	-597.28796	45.028343	-530.8577	-645.04645	1000.0	-54.122864	6.0209227	2.6605048	-89.03124	730000	-0.042868696	250.6561	-0.0011725873	-44.43367	7.8781915	0.63438	1204.1216976642609
146	-545.0999	74.15333	-403.03622	-603.9391	1000.0	-53.302425	6.8242874	10.970564	-86.49171	735000	-0.050627988	288.7998	-0.0011167936	-97.65169	7.9773655	0.7638995	1212.3317227363586
147	-625.0216	70.55791	-522.78687	-742.4707	1000.0	-49.854404	5.6875844	18.889591	-83.837425	740000	-0.1188217	339.36035	-0.001794897	-100.01985	7.991009	0.7471451	1220.7288584709167
148	-617.9271	62.773502	-553.9653	-729.18756	1000.0	-54.63664	4.3869233	-6.081088	-88.41919	745000	-0.020137131	224.86646	-0.0015413836	-30.741302	8.026483	0.7667961	1229.4786047935486
149	-551.75415	12.216445	-543.32623	-575.7624	1000.0	-54.382687	5.1530404	-27.157822	-87.35026	750000	-0.0630281	190.8853	-0.0013247505	-42.182114	8.011398	0.767194	1238.0011765956879
150	-587.31793	49.0835	-502.1979	-648.0523	1000.0	-50.810734	4.138598	-17.28824	-85.45038	755000	-0.042827286	235.56116	-0.001774162	-31.344482	7.987168	0.7490563	1247.3866062164307
151	-441.34775	182.324	-82.110825	-572.1832	823.0	-53.12705	4.6920757	-4.9731956	-88.16748	760000	-0.02617171	214.9585	-0.0014401115	-45.521378	7.9579916	0.77954185	1255.7863836288452
152	-608.864	25.56355	-579.5946	-646.5101	1000.0	-49.557053	3.2474597	-22.584322	-82.78223	765000	-0.07928221	248.04115	-0.0014337301	-58.095917	8.023861	0.7852675	1264.1590099334717
153	-544.0658	61.558052	-438.01367	-625.0008	1000.0	-53.836105	7.1030746	-27.5728	-90.895836	770000	-0.06645552	293.70926	-0.0016415715	-77.29961	7.925472	0.7174907	1272.436308145523
154	-535.285	24.38785	-496.2917	-568.15894	1000.0	-48.104546	3.9950607	-15.619848	-79.08008	775000	-0.09399687	213.87277	-0.002224058	-34.158966	7.945654	0.75684214	1280.7906873226166
155	-605.1942	75.412315	-520.7659	-737.9291	1000.0	-49.48751	4.400049	-9.927042	-76.92552	780000	-0.09026373	333.34192	-0.0014866292	-86.76022	7.9766736	0.7486374	1289.0052020549774
156	-591.8634	46.47865	-558.4254	-683.84296	1000.0	-54.6954	5.6823535	-19.882729	-86.57219	785000	-0.114330076	235.33224	-0.0014899299	-36.75389	7.9872265	0.74344105	1297.3235838413239
157	-537.7522	63.122456	-432.27405	-623.86127	1000.0	-51.549763	4.7722287	6.524044	-88.555626	790000	-0.16510269	247.386	-0.0015999377	-51.22995	7.9086843	0.7067315	1305.7061569690704
158	-546.65845	51.657	-463.48044	-612.7607	1000.0	-49.409115	4.0044866	-6.5891027	-86.94528	795000	-0.08885592	251.52576	-0.0015254766	-39.86476	7.9250455	0.7136939	1314.046189069748
159	-583.0558	44.80857	-536.69104	-664.9146	1000.0	-49.670464	4.7934055	-21.321795	-87.09044	800000	-0.11958124	195.08588	-0.0013755709	-31.63472	7.921664	0.73280525	1322.2814593315125
160	-605.5138	56.258255	-519.23914	-671.4206	1000.0	-51.609764	6.576489	-23.362719	-88.87974	805000	-0.0047424925	238.6539	-0.0013374207	-42.553223	7.978314	0.7560217	1331.7406067848206
161	-581.7288	28.624926	-536.2884	-623.9498	1000.0	-52.280067	5.1833067	-23.700151	-88.360245	810000	-0.11275819	193.10934	-0.0018698126	-25.947952	7.9372554	0.72177786	1340.1659178733826
162	-591.83246	53.054337	-549.1571	-694.20544	1000.0	-52.516205	6.5391526	-23.259825	-86.862434	815000	-0.06485262	259.46945	-0.001448758	-58.414825	7.9125695	0.72725767	1348.5124506950378
163	-552.4547	35.89166	-521.3775	-596.66077	1000.0	-51.519573	6.577904	-23.046492	-90.074104	820000	-0.086949766	191.1403	-0.0016768426	-33.546844	7.952403	0.74567235	1356.7313346862793
164	-557.6896	72.447365	-481.85464	-662.473	1000.0	-48.63467	5.653228	-26.210941	-88.71177	825000	-0.10642737	240.8306	-0.0019071996	-48.58362	7.951616	0.722335	1365.1081640720367
165	-556.9501	47.37477	-486.8102	-624.6353	1000.0	-49.397568	5.288126	-20.476698	-87.26892	830000	-0.13530228	215.30815	-0.0016327649	-31.329803	7.9357696	0.71204484	1373.43043923378
166	-576.8014	36.256004	-521.82745	-632.82166	1000.0	-49.820244	4.5561166	-33.398357	-84.670586	835000	-0.09505356	201.96872	-0.0017776787	-26.610306	7.939031	0.73831517	1381.9752385616302
167	-545.5005	60.92074	-460.61697	-608.7123	1000.0	-51.04795	5.412122	-35.171646	-85.42375	840000	-0.11173151	209.27557	-0.0019027442	-39.630173	7.964114	0.7574712	1390.2844746112823
168	-591.55896	38.018017	-545.2989	-641.67413	1000.0	-50.673492	4.356552	-18.463125	-85.034134	845000	-0.09439821	274.28763	-0.0019391701	-56.676636	7.9479876	0.72038907	1398.603981256485
169	-596.48535	84.15573	-531.79095	-761.4818	1000.0	-51.594433	6.3027697	-21.044682	-87.31552	850000	0.055635687	272.04156	-0.0006985888	-66.23494	7.8999453	0.7090919	1406.9697215557098
170	-556.85345	29.841314	-500.97903	-585.05255	1000.0	-50.546143	7.41882	-14.672594	-91.698906	855000	-0.092157595	173.07327	-0.0019954816	-32.39746	7.954428	0.7627859	1416.4578864574432
171	-531.72504	41.116802	-475.07672	-589.7049	1000.0	-50.92907	6.3486743	-23.816359	-89.01873	860000	-0.051668886	254.5371	-0.0015400313	-53.144043	7.916378	0.7150437	1424.847076177597
172	-563.13654	80.10547	-424.90857	-660.52924	1000.0	-49.358273	4.795117	-16.941883	-81.37926	865000	-0.068344474	255.68042	-0.0018693432	-61.52246	7.9949236	0.7771753	1433.2323138713837
173	-538.6964	86.8768	-433.7877	-697.6609	1000.0	-49.000683	6.9995894	-0.4157676	-89.71804	870000	-0.05461221	329.51636	-0.001160033	-92.4241	7.909736	0.76544935	1441.4125254154205
174	-552.8601	80.16977	-487.5531	-705.5179	1000.0	-47.637806	9.884612	9.079824	-90.13531	875000	-0.017616352	484.2974	-0.0021123216	-196.4057	7.883789	0.73571837	1449.6688828468323
175	-601.1003	58.915768	-522.90814	-663.7016	1000.0	-51.20361	6.8637986	14.350833	-82.39342	880000	-0.005665875	341.28445	-0.0017399052	-123.46486	7.984955	0.7644029	1457.9703550338745
176	-548.769	65.603584	-463.31335	-651.73083	1000.0	-51.786373	6.0359364	-25.683681	-88.75468	885000	0.018278608	226.29288	-0.0011865236	-41.604965	7.887975	0.72985184	1466.3706645965576
177	-507.2854	95.62481	-383.1852	-594.9441	1000.0	-50.273445	7.394807	-23.190962	-90.364265	890000	0.025456466	407.49606	-0.001541812	-155.92586	7.969799	0.7690798	1474.5982418060303
178	-608.69354	82.16964	-527.9824	-753.9497	1000.0	-45.73792	5.3942184	6.3554792	-81.13369	895000	0.013927027	485.4468	-0.0017088046	-193.1135	7.987717	0.76566815	1482.845076084137
179	-575.85535	44.4979	-522.7963	-632.1725	1000.0	-52.685226	8.489328	-20.436384	-94.58113	900000	-0.09948996	232.53877	-0.0019222349	-45.78749	7.856831	0.66598886	1491.471510887146
180	-535.2677	32.262493	-491.76752	-586.096	1000.0	-51.296124	6.483546	-18.85288	-93.61748	905000	-0.11366614	212.18997	-0.002033919	-34.929626	7.9043326	0.74777603	1500.851683139801
181	-583.34973	18.983904	-553.72015	-612.8507	1000.0	-49.202377	5.115947	-18.278645	-86.23366	910000	-0.19669114	207.90787	-0.0016472191	-27.432846	7.8964314	0.68866277	1509.1939496994019
182	-504.78207	44.028664	-464.3159	-579.80695	1000.0	-50.977394	5.77625	7.6466336	-87.11845	915000	-0.09097636	312.2227	-0.0018137172	-95.66974	7.924729	0.71986145	1517.506929397583
183	-572.82404	77.08485	-495.92758	-693.10004	1000.0	-47.07879	4.4427614	-14.809566	-78.44434	920000	-0.089163624	337.18854	-0.0013373494	-107.735245	7.9613314	0.7395162	1525.6840643882751
184	-559.5541	72.23674	-479.91943	-682.3676	1000.0	-53.152473	7.0264525	-17.729792	-92.44711	925000	-0.03514757	206.7729	-0.0013561212	-44.49118	7.854664	0.6725249	1534.0856120586395
185	-554.40753	39.794666	-485.32877	-592.1109	1000.0	-49.769737	7.0243993	-20.149544	-89.973434	930000	-0.083813734	188.35727	-0.002058871	-27.814072	7.850159	0.6839292	1543.337510585785
186	-562.2224	31.764845	-515.61804	-603.8826	1000.0	-49.39788	5.8534913	-28.815638	-89.663605	935000	-0.14035897	175.83478	-0.0016545206	-23.540634	7.924761	0.7692123	1551.921015739441
187	-569.2303	58.93662	-482.22913	-631.8863	1000.0	-50.347675	6.0751224	-23.818184	-89.41905	940000	-0.10679253	216.9273	-0.0020164028	-26.45308	7.9455056	0.7426376	1560.1578617095947
188	-557.38904	61.38306	-472.5746	-649.25867	1000.0	-50.97066	6.08123	-16.783548	-87.90519	945000	-0.054149438	193.8207	-0.0019470714	-32.346405	7.9283023	0.7673959	1568.4173448085785
189	-526.05457	54.11188	-454.2415	-609.5569	1000.0	-49.33898	3.9140856	-13.035113	-80.12447	950000	-0.004204965	221.42615	-0.001473703	-38.11847	7.8890576	0.6869758	1576.714673280716
190	-500.72134	42.756508	-420.62753	-535.93866	1000.0	-47.658573	4.9841027	1.7739534	-74.68748	955000	-0.07913451	253.06078	-0.0010819063	-59.159256	7.935427	0.7505429	1586.1933341026306
191	-545.63904	98.88525	-373.8174	-659.0515	1000.0	-44.532524	5.1815186	-0.61503077	-71.77397	960000	-0.09949102	439.6901	-0.0021783262	-145.20474	7.998622	0.812623	1594.5478081703186
192	-466.29532	242.08162	-9.342138	-730.89905	812.4	-49.72754	8.465365	33.04047	-90.31921	965000	0.006301372	299.40924	-0.0018396182	-82.89664	7.8711486	0.7240108	1602.776846408844
193	-533.8859	47.278698	-471.05902	-605.6781	1000.0	-50.441414	4.9936166	-8.150975	-84.02739	970000	-0.07980072	196.46954	-0.0020544752	-40.591248	7.936817	0.7476296	1611.006737947464
194	-515.68787	39.518856	-442.84146	-546.37384	1000.0	-48.33272	4.718078	-8.441332	-81.53351	975000	-0.07400061	206.0152	-0.0015870109	-32.267105	7.9533095	0.78793526	1619.4025204181671
195	-531.6719	17.720922	-509.85	-557.68036	1000.0	-47.61495	4.8715787	-17.933588	-84.7779	980000	-0.03583634	190.31282	-0.0018174499	-44.503464	7.89792	0.74083173	1627.7753338813782
196	-540.9684	72.98606	-444.9822	-651.36914	1000.0	-48.05679	4.8970823	14.725572	-75.91443	985000	-0.051340345	224.06737	-0.0018958971	-57.491898	7.846398	0.73998183	1636.0495238304138
197	-489.31088	66.6514	-374.16107	-577.3137	1000.0	-46.705105	5.373878	-0.91575044	-85.9093	990000	-0.08866153	213.1184	-0.0012501404	-48.868103	7.9194736	0.7567695	1644.6462140083313
198	-513.4925	29.039618	-485.84326	-553.0342	1000.0	-46.36067	5.4262986	-10.502141	-82.88739	995000	-0.043979224	216.16862	-0.0019310229	-49.230545	7.9262524	0.7629476	1653.0808370113373
199	-506.59772	85.13464	-388.05313	-644.52075	1000.0	-45.830746	4.4039326	-5.663641	-81.85504	1000000	-0.05008501	206.53503	-0.0019857138	-37.76944	7.8499727	0.72666955	1661.5704877376556
200	-575.8451	33.894104	-533.965	-631.7172	1000.0	-46.520447	4.9978347	-5.3823023	-85.97225	1005000	-0.02217164	230.36246	-0.0014233142	-85.8813	7.9494476	0.7638606	1670.9630944728851
201	-538.2972	88.15567	-437.96576	-685.53534	1000.0	-51.58913	6.49229	-27.793118	-91.3361	1010000	-0.13180734	284.70676	-0.001518324	-63.7388	7.985589	0.81344134	1679.3153476715088
202	-485.97845	77.83715	-386.16306	-626.1749	1000.0	-46.875618	6.4603066	-27.95306	-90.33266	1015000	-0.007953192	274.13086	-0.002334875	-70.67491	7.879653	0.75341874	1687.636876821518
203	-549.24066	60.149506	-468.52866	-643.14154	1000.0	-44.905632	4.424712	-10.560588	-83.982956	1020000	0.0065744263	262.7	-0.0014768206	-65.727234	7.9348407	0.7594908	1696.038634777069
204	-578.786	89.4268	-493.25272	-743.6593	1000.0	-48.872272	7.3951116	-32.19172	-91.43466	1025000	-0.0035034392	312.25253	-0.0015156462	-78.50548	7.8446236	0.74471384	1704.2449612617493
205	-565.4884	55.841373	-517.2812	-667.4838	1000.0	-50.566433	10.590699	-34.681183	-93.97078	1030000	-0.07581227	214.58745	-0.00123173	-35.78012	7.9536266	0.8086619	1712.4184911251068
206	-532.92755	62.086395	-423.0954	-611.25464	1000.0	-50.561306	9.811144	-20.054007	-93.471504	1035000	-0.08105619	377.1296	-0.0015007257	-112.75873	7.93504	0.7554177	1720.773948431015
207	-543.1619	19.535112	-507.0365	-562.8294	1000.0	-45.87552	5.8812037	-16.416544	-85.60487	1040000	-0.037293054	202.43935	-0.0018079951	-31.838928	7.8872337	0.74227333	1728.9342067241669
208	-538.82367	43.12982	-455.7831	-572.6631	1000.0	-46.6789	5.8191485	-23.89771	-88.87069	1045000	-0.09036345	182.68636	-0.0009751916	-29.831192	7.9475546	0.78292376	1737.1728515625
209	-563.56525	60.11891	-497.17715	-672.7048	1000.0	-49.711506	7.278785	-13.088909	-86.37494	1050000	-0.10412598	257.1151	-0.0014052391	-64.90912	7.945964	0.79950124	1745.4901082515717
210	-482.6695	111.286644	-353.42447	-637.6088	1000.0	-49.30544	9.907006	-22.288898	-88.069214	1055000	-0.13106461	438.2666	-0.0013692081	-152.63242	7.954617	0.8195327	1755.1182334423065
211	-530.45575	58.771557	-429.39972	-609.7147	1000.0	-43.468792	6.4537516	-6.731906	-79.33794	1060000	-0.01735783	241.16965	-0.0017594881	-56.641815	7.932731	0.7932074	1763.5311245918274
212	-519.8372	38.6659	-447.422	-553.81573	1000.0	-46.805687	6.7111335	-20.00007	-86.34919	1065000	-0.024069155	262.55045	-0.0019163135	-59.93419	7.8396235	0.73123384	1771.8364932537079
213	-520.0624	63.893826	-453.82324	-614.6646	1000.0	-45.72276	4.6309595	-12.163808	-81.46135	1070000	-0.06312368	181.76187	-0.0016470924	-26.658112	7.9588046	0.782968	1780.2417323589325
214	-509.60815	36.89181	-483.40085	-582.25745	1000.0	-46.2206	4.4523373	-6.005991	-80.60336	1075000	-0.05792614	201.61328	-0.0012461357	-29.747055	7.7963014	0.73076844	1788.485064983368
215	-517.1996	35.5386	-469.95758	-578.5274	1000.0	-46.875732	4.299054	-8.6572075	-80.48759	1080000	-0.052553777	201.75697	-0.0020167567	-28.113602	7.913497	0.78021806	1796.7820971012115
216	-522.3307	57.030212	-443.79898	-605.1788	1000.0	-47.543926	3.4552152	-17.92891	-75.88905	1085000	-0.10638892	221.5839	-0.001375854	-29.550262	7.8952203	0.7734998	1805.3648974895477
217	-552.0245	35.598934	-509.0886	-611.32526	1000.0	-47.367275	5.610464	10.886299	-79.21768	1090000	-0.0819176	343.7585	-0.002008833	-108.93768	7.9571815	0.8083495	1813.7619993686676
218	-540.3982	38.970295	-479.74478	-573.76086	1000.0	-48.26317	9.298607	-33.90027	-87.23724	1095000	-0.09082095	257.55365	-0.001388289	-62.9655	7.8618326	0.7074781	1822.0134682655334
219	-523.78656	27.403963	-482.21503	-558.7542	1000.0	-48.263443	5.8192534	-26.153673	-77.1252	1100000	-0.018850777	261.13297	-0.0017581787	-60.167847	7.821033	0.72590464	1830.3167877197266
220	-492.4882	31.23796	-464.79962	-552.13837	1000.0	-45.34237	4.916232	-20.205317	-77.476456	1105000	-0.057911906	200.00568	-0.002045527	-37.247284	7.816964	0.7530973	1840.9098491668701
221	-478.07748	25.546753	-440.69513	-510.35284	1000.0	-43.760845	6.8584476	-12.625331	-81.77318	1110000	-0.0663904	233.1834	-0.0027623698	-81.683716	7.858525	0.74056953	1849.409086227417
222	-552.0775	35.759804	-503.2312	-593.31104	1000.0	-44.867268	5.5765457	-0.12678653	-75.99507	1115000	-0.04781748	290.1658	-0.0013260208	-103.44675	7.8869343	0.74918026	1857.7971951961517
223	-505.583	50.35612	-451.94638	-601.3425	1000.0	-46.894024	5.9813695	-20.103058	-81.86611	1120000	-0.06729707	184.14528	-0.0013971999	-38.710587	7.9038587	0.7916805	1865.7702522277832
224	-517.6169	48.552685	-435.03397	-576.7886	1000.0	-46.17668	3.8224342	-14.960005	-77.55415	1125000	-0.07079195	205.13997	-0.0015001595	-36.098495	7.8968983	0.7622355	1873.6133723258972
225	-512.6835	31.47765	-470.77682	-560.9671	1000.0	-45.665325	4.195415	-24.207554	-80.05095	1130000	0.007990625	167.18475	-0.0012014038	-20.479446	7.957292	0.8309057	1881.7733416557312
226	-553.36926	41.14553	-504.18576	-623.9076	1000.0	-45.41828	5.5717897	-18.76	-77.17746	1135000	-0.06553922	210.14246	-0.0010825992	-55.717377	7.929117	0.77009183	1889.6950328350067
227	-546.73224	48.13517	-455.60672	-596.3023	1000.0	-49.498196	9.054699	-30.844336	-92.209236	1140000	-0.024477128	207.69562	-0.0019055996	-34.75656	7.980439	0.82446563	1897.7796366214752
228	-487.36288	24.922623	-450.79694	-521.4751	1000.0	-46.65638	8.07988	-29.050837	-93.76222	1145000	-0.047788996	216.90434	-0.0016252138	-70.73929	7.861755	0.7543693	1905.7507574558258
229	-486.48404	40.73407	-430.4517	-550.70514	1000.0	-45.168385	5.0549173	-1.4525867	-83.46346	1150000	-0.050111745	232.88416	-0.0015651472	-45.777924	7.8339033	0.76030344	1913.9075696468353
230	-476.98056	35.534092	-420.03006	-517.8372	1000.0	-43.547302	5.8273416	-1.2896675	-82.100685	1155000	-0.0733142	214.7834	-0.0016842633	-42.129272	7.805624	0.7438827	1923.1240174770355
231	-470.33765	45.95976	-386.29846	-520.25964	1000.0	-43.205425	4.9261284	16.233992	-75.84536	1160000	-0.06569559	201.20236	-0.0019796044	-40.325287	7.931314	0.8168779	1931.1109600067139
232	-463.3108	46.939346	-402.21072	-545.2823	1000.0	-43.464	3.67504	-14.907979	-71.63285	1165000	-0.048526477	177.71104	-0.0015890971	-26.213074	7.8446937	0.76412815	1939.3766460418701
233	-534.9543	25.404192	-494.46222	-563.86017	1000.0	-42.61884	3.7541401	-13.0463085	-72.44045	1170000	-0.119829446	247.0977	-0.0021217167	-95.38994	7.875437	0.7807533	1947.4318997859955
234	-407.55203	140.68748	-127.5331	-500.70392	838.2	-47.111668	7.3938055	2.4975286	-86.232185	1175000	-0.11075476	213.8599	-0.0017898455	-82.20567	7.8814507	0.78413194	1955.5691764354706
235	-470.4821	49.27534	-380.17905	-520.9399	1000.0	-44.155087	3.9667072	-7.2861404	-71.370544	1180000	-0.08383304	207.48895	-0.0013221428	-47.869797	7.8195906	0.7518531	1963.5722131729126
236	-481.04987	26.755459	-443.53198	-511.99478	1000.0	-43.223343	4.501959	-3.9153862	-73.949554	1185000	-0.07717425	191.71593	-0.0019129738	-52.87503	7.8676796	0.80292773	1971.8406100273132
237	-528.26465	67.784996	-442.29605	-618.3026	1000.0	-40.914307	4.869823	-14.791901	-73.4974	1190000	-0.0578208	240.8662	-0.0015595146	-73.1785	7.8839054	0.7543898	1979.8959202766418
238	-488.7186	59.85243	-408.40588	-556.58887	1000.0	-47.411285	6.952112	-2.706462	-87.92844	1195000	-0.03332287	202.272	-0.0016370825	-53.472473	7.87935	0.7745835	1988.1479222774506
239	-523.60913	62.371582	-453.71072	-640.2618	1000.0	-44.539803	5.196115	-12.068868	-79.72317	1200000	-0.11913906	253.6878	-0.0019457266	-61.756546	7.9264555	0.80000407	1996.4249248504639
240	-493.779	54.147163	-429.45636	-591.54266	1000.0	-46.130898	5.475516	4.371771	-91.144516	1205000	-0.09085966	306.68997	-0.0015915856	-80.16518	7.9020047	0.8046214	2005.6714179515839
241	-510.98965	39.5141	-463.0548	-562.95764	1000.0	-44.6187	6.0305853	-4.644011	-87.5457	1210000	-0.053467616	210.4112	-0.0020199455	-52.186325	7.8863125	0.7544602	2013.4959697723389
242	-477.30966	33.898693	-437.93515	-518.5088	1000.0	-46.540825	4.069751	26.58543	-82.48812	1215000	-0.08016264	174.3048	-0.0018688738	-36.671524	7.8512983	0.7877882	2021.459037065506
243	-493.94815	29.543253	-465.33926	-545.45593	1000.0	-43.390587	3.6608253	16.719826	-86.13607	1220000	-0.10251916	171.12743	-0.0014164075	-27.891342	7.887546	0.7520961	2029.4839098453522
244	-481.9759	48.4026	-409.18457	-532.187	1000.0	-45.089176	4.837573	-0.475515	-83.542534	1225000	-0.08442564	200.51678	-0.0017320141	-42.48419	7.8674054	0.75609785	2037.2536797523499
245	-526.94415	57.491276	-427.2017	-590.71027	1000.0	-44.6528	4.508018	-4.0011306	-86.16908	1230000	-0.03464272	348.66446	-0.0016145371	-133.22876	7.8123155	0.736689	2044.4803674221039
246	-554.2503	26.678291	-511.2046	-594.1243	1000.0	-46.515762	9.171914	8.2760515	-89.92312	1235000	-0.06940542	219.68425	-0.0022393018	-42.577393	7.878639	0.74975264	2051.601681470871
247	-484.846	41.60531	-404.4896	-520.68207	1000.0	-47.826336	6.9745116	-12.695479	-85.764565	1240000	-0.14371097	242.95634	-0.0015758872	-71.538025	7.8478436	0.76501906	2059.092880964279
248	-499.63483	70.982666	-429.3548	-631.9161	1000.0	-43.493076	5.9784417	-13.043861	-76.21264	1245000	-0.049209815	306.30136	-0.0017055348	-75.72687	7.8560553	0.76301974	2066.7738621234894
249	-443.92715	26.080427	-402.2965	-472.91913	1000.0	-44.25663	5.941866	12.314692	-80.20218	1250000	-0.0576256	185.66551	-0.0011412203	-48.415787	7.8145094	0.75670403	2075.071706056595
