Epoch	AverageEpRet	StdEpRet	MaxEpRet	MinEpRet	EpLen	AverageVVals	StdVVals	MaxVVals	MinVVals	TotalEnvInteracts	LossPi	LossV	DeltaLossPi	DeltaLossV	Entropy	KL	Time
0	-2157.5112	38.38083	-2104.7134	-2224.6155	1000.0	-0.044735864	0.9020973	2.121966	-2.083517	5000	0.20103316	39767.902	-0.022018418	-5366.949	8.475804	1.0411978	17.34654140472412
1	-2018.3981	59.925602	-1947.3898	-2117.471	1000.0	-14.280378	0.5614222	-10.407899	-14.9400015	10000	0.085184656	30287.133	-0.01789321	-2399.6445	8.378476	1.0158656	26.10303258895874
2	-1971.2986	65.522705	-1906.9479	-2085.501	1000.0	-21.562725	0.100390956	-20.047169	-21.637703	15000	0.016230844	26240.094	-0.012454623	-1745.9395	8.309384	0.9870461	34.388495445251465
3	-1929.624	96.97489	-1845.993	-2100.0251	1000.0	-27.243166	0.049445577	-26.438473	-27.278528	20000	0.10383055	22838.916	-0.0099560395	-1470.2754	8.358619	1.0051175	42.778780937194824
4	-1797.4537	69.6377	-1700.619	-1904.698	1000.0	-32.418	0.031075524	-31.881596	-32.43986	25000	0.095243424	18157.756	-0.01059331	-1208.8438	8.381691	1.034389	51.29094672203064
5	-1810.115	50.044712	-1747.6859	-1869.771	1000.0	-37.154858	0.0235984	-36.61367	-37.169712	30000	0.1151023	17099.473	-0.010773785	-1140.2793	8.376987	0.9728086	59.89951539039612
6	-1687.4031	50.370174	-1613.4431	-1736.8064	1000.0	-41.792484	0.018487638	-41.35883	-41.803497	35000	-0.102252916	13856.147	-0.008347027	-939.2207	8.307441	0.925345	68.21133399009705
7	-1662.956	84.64765	-1590.2025	-1815.3728	1000.0	-46.08167	0.015723849	-45.753193	-46.090565	40000	0.13500561	12089.113	-0.008935049	-825.7656	8.341719	0.9803707	76.85919880867004
8	-1577.3999	56.27642	-1497.4885	-1631.8374	1000.0	-50.163662	0.012709978	-49.902454	-50.17132	45000	0.06312033	9714.546	-0.009399027	-693.6084	8.428498	0.9908033	85.61717295646667
9	-1523.8533	81.123856	-1410.8759	-1652.5201	1000.0	-53.98085	0.011455972	-53.743023	-53.987267	50000	0.052011803	7881.1504	-0.00814249	-571.3169	8.294709	0.9202237	94.10753893852234
10	-1515.5597	99.69793	-1386.552	-1691.6847	1000.0	-57.516644	0.01068958	-57.26583	-57.522747	55000	0.020957135	7200.6846	-0.007226536	-523.4502	8.306972	0.9216666	103.00503754615784
11	-1401.9943	47.846584	-1340.9719	-1476.9166	1000.0	-60.959656	0.010974448	-60.683758	-60.965015	60000	0.05466398	5150.0635	-0.0077058487	-395.02734	8.360579	0.98602206	111.42707371711731
12	-1390.794	83.23299	-1241.3099	-1487.0857	1000.0	-64.033485	0.010552466	-63.713898	-64.038536	65000	0.063163824	4608.698	-0.006586436	-341.40234	8.326925	0.9463324	119.85303783416748
13	-1378.4812	93.65248	-1218.9814	-1492.8	1000.0	-66.9416	0.008123323	-66.69195	-66.94591	70000	-0.048210084	4237.5522	-0.0063286237	-319.37378	8.302521	0.90068084	128.250235080719
14	-1368.1349	55.711903	-1269.8657	-1440.4348	1000.0	-69.80902	0.008843872	-69.52508	-69.81308	75000	-0.09356123	3717.611	-0.004310988	-282.19385	8.338222	0.94508946	136.89399671554565
15	-1345.6367	74.065956	-1219.762	-1428.7372	1000.0	-72.56715	0.0070631676	-72.40785	-72.57092	80000	0.08947312	3311.416	-0.005188592	-247.08398	8.193214	0.8185787	145.39466214179993
16	-1281.6821	35.791656	-1237.3601	-1341.156	1000.0	-75.20312	0.007616252	-74.932	-75.20687	85000	0.08505065	2393.709	-0.005708292	-176.60254	8.151751	0.7936187	153.99290871620178
17	-1260.1049	48.24058	-1191.5022	-1337.4634	1000.0	-77.495834	0.007012901	-77.31372	-77.49914	90000	0.018777484	2158.8584	-0.0053717634	-149.76501	8.220931	0.8240877	162.97849035263062
18	-1215.0477	48.370663	-1158.6805	-1272.1255	1000.0	-79.64145	0.0072964896	-79.43377	-79.64471	95000	0.009922668	1678.2186	-0.0030808714	-111.409424	8.247365	0.8966834	171.3377149105072
19	-1228.74	83.5214	-1144.7245	-1383.9481	1000.0	-81.5425	0.0073994277	-81.33481	-81.54568	100000	-0.054964565	1592.4824	-0.003673289	-107.394775	8.238081	0.8024491	179.67161560058594
20	-1170.3248	64.72753	-1098.85	-1269.1355	1000.0	-83.43549	0.006414907	-83.18877	-83.438446	105000	-0.009353705	1216.0103	-0.003907048	-65.88208	8.318357	0.906609	188.6178605556488
21	-1150.7808	76.13466	-1032.1406	-1266.4266	1000.0	-84.97466	0.006585168	-84.83087	-84.97766	110000	0.00077037734	1050.4213	-0.005377719	-48.37628	8.215326	0.8439551	197.03030133247375
22	-1125.738	74.85535	-1042.5371	-1253.4939	1000.0	-86.31426	0.0065604877	-86.15999	-86.31728	115000	-0.033212792	863.302	-0.0036485195	-30.456055	8.14825	0.77684647	205.3502163887024
23	-1143.7712	53.21012	-1076.3184	-1206.6245	1000.0	-87.40813	0.0064949575	-87.228615	-87.41102	120000	-0.001544345	877.761	-0.0033057663	-26.957092	8.202633	0.8143425	213.82019567489624
24	-1097.051	62.13615	-1012.9872	-1197.523	1000.0	-88.44895	0.0098202955	-87.92947	-88.45184	125000	0.033363935	744.5955	-0.004122101	-19.142395	8.275569	0.86864483	222.07115364074707
25	-1107.7805	32.46999	-1056.1304	-1142.0531	1000.0	-89.35297	0.0064046127	-89.18702	-89.35588	130000	-0.10336129	686.2407	-0.004056148	-10.368103	8.243752	0.82704914	230.31672477722168
26	-1051.5394	51.931305	-965.3975	-1124.4991	1000.0	-90.03974	0.0054286	-89.90702	-90.04255	135000	0.0356908	580.1902	-0.0019772276	-2.8706055	8.194208	0.83839387	238.59423804283142
27	-1021.5581	46.661865	-965.91583	-1097.1992	1000.0	-90.42015	0.005197397	-90.30374	-90.42285	140000	0.059522048	550.8983	-0.00314416	-1.1292114	8.186822	0.827717	246.82437348365784
28	-991.8468	58.84421	-920.72577	-1069.9125	1000.0	-90.65955	0.005878574	-90.48448	-90.66204	145000	-0.13309698	484.74744	-0.0022118539	-0.06304932	8.159027	0.78528863	255.13254308700562
29	-990.8784	28.956501	-938.0875	-1018.57007	1000.0	-90.61736	0.005553594	-90.458466	-90.61994	150000	0.048488893	486.48224	-0.0030263513	-0.009490967	8.235315	0.8088754	263.4392743110657
30	-999.2454	33.887634	-942.0814	-1042.4122	1000.0	-90.63421	0.0052888975	-90.48958	-90.636856	155000	0.011574996	486.1188	-0.0018578982	-0.90579224	8.274338	0.85924727	272.5896019935608
31	-996.72577	51.68137	-934.0812	-1062.794	1000.0	-90.42521	0.0059088995	-90.257195	-90.42773	160000	-0.079964206	541.2916	-0.0024203286	0.0016479492	8.186299	0.7588847	281.26440167427063
32	-919.11316	60.988415	-814.0699	-1002.1813	1000.0	-90.41633	0.0059296587	-90.2421	-90.419044	165000	3.3355715e-05	571.0489	-0.0034046646	-9.74762	8.197019	0.84348494	289.5594289302826
33	-926.9378	73.83208	-817.9626	-1046.7628	1000.0	-89.69574	0.005411624	-89.55716	-89.69825	170000	-0.003229686	850.7747	-0.0029293066	-7.16864	8.201603	0.8155883	297.8991255760193
34	-978.09717	84.75685	-817.7593	-1057.403	1000.0	-89.019165	0.0066236192	-88.861855	-89.021736	175000	0.023674157	669.0045	-0.0028678644	0.015380859	8.191434	0.8263187	306.0881838798523
35	-883.3353	35.797268	-840.97186	-938.69293	1000.0	-88.999825	0.012568108	-88.352295	-89.00313	180000	-0.03189331	453.83035	-0.0021580383	-23.446564	8.149269	0.81527454	314.4453241825104
36	-913.87463	28.378231	-881.9317	-955.6843	1000.0	-87.805336	0.2930854	-73.900665	-87.831696	185000	0.01922663	435.0824	-0.003256563	-16.415314	8.167596	0.80225223	322.72960901260376
37	-930.5851	45.322826	-844.56683	-977.56036	1000.0	-86.85886	2.1985047	-5.984976	-87.158066	190000	-0.04420545	446.45276	-0.0025792718	-16.313965	8.111622	0.7402446	331.18413066864014
38	-956.2471	57.805927	-897.3523	-1062.3926	1000.0	-85.38978	2.751787	-40.242107	-86.55653	195000	-0.048154652	547.2625	-0.002488494	-29.289124	8.113429	0.7236465	339.5044672489166
39	-870.738	65.14009	-773.75104	-940.89703	1000.0	-84.84612	4.6690226	47.523483	-86.49088	200000	-0.012813469	470.96906	-0.002362078	-81.0668	8.148936	0.7379583	347.8957281112671
40	-907.0667	50.155468	-846.8329	-984.0784	1000.0	-78.4018	4.3729978	8.016265	-83.64658	205000	-0.039424576	423.7201	-0.0019130111	-49.624695	8.139903	0.7615791	356.9192461967468
41	-893.21924	68.052216	-779.9476	-973.49335	1000.0	-79.761215	3.2106545	10.1972685	-83.93734	210000	-0.048290055	498.6045	-0.0026173927	-34.176605	8.197039	0.8190252	365.0818920135498
42	-887.9793	32.075417	-850.57263	-930.8678	1000.0	-79.44004	2.6600282	-24.743605	-86.020584	215000	-0.07212642	373.41855	-0.0021660998	-73.636536	8.138761	0.7618104	373.3206491470337
43	-867.6073	58.239185	-760.50195	-935.1775	1000.0	-76.93827	10.181461	34.669384	-86.111694	220000	-0.06674299	550.4524	-0.0030163005	-131.17566	8.139322	0.7916122	381.67349314689636
44	-878.0912	22.585136	-835.58234	-902.26654	1000.0	-78.45499	3.0985966	-17.889091	-86.10438	225000	-0.004446748	364.3029	-0.003180611	-21.966492	8.114581	0.7443751	390.04519724845886
45	-873.2794	29.390594	-815.68835	-896.309	1000.0	-78.99757	3.7184105	-27.070757	-86.11812	230000	0.004459723	309.22394	-0.002677234	-31.691772	8.147716	0.7413614	398.05759739875793
46	-898.6261	115.07593	-754.81976	-1087.7004	1000.0	-77.2945	5.0899153	-35.901524	-86.06736	235000	-0.04973382	625.5372	-0.0027980134	-119.467834	8.193897	0.8086758	406.37189960479736
47	-829.1011	37.70089	-792.54315	-900.23145	1000.0	-77.47496	9.481301	-6.9072857	-86.564644	240000	-0.014597338	433.7775	-0.0025266185	-95.27994	8.145314	0.76277125	414.6197543144226
48	-842.9588	18.314775	-823.5812	-877.2211	1000.0	-73.71098	5.063295	-34.978565	-86.61668	245000	0.013225183	336.51276	-0.0021285918	-26.022552	8.077099	0.74475867	422.92288756370544
49	-786.9662	70.31215	-703.23785	-900.9169	1000.0	-75.1632	5.041819	-30.156471	-86.71873	250000	0.07446179	460.8295	-0.00252942	-52.211792	8.101864	0.7707226	431.12860679626465
50	-807.0316	49.832363	-733.9979	-859.23425	1000.0	-72.75211	5.5475388	-18.797367	-86.521805	255000	0.010530058	408.12512	-0.0017429478	-59.08029	8.038945	0.7093194	439.93208289146423
51	-762.1463	46.329014	-705.7269	-823.915	1000.0	-72.27591	5.0467725	-25.81048	-86.59957	260000	0.023399662	334.2297	-0.0021989122	-51.081696	8.141103	0.7897658	448.1519808769226
52	-761.48395	24.067326	-732.60864	-790.63086	1000.0	-68.00959	5.4318914	-9.039418	-86.40249	265000	-0.11533595	327.22736	-0.0026840493	-40.924713	8.044016	0.728532	456.4340500831604
53	-789.2886	40.65013	-753.2124	-857.07336	1000.0	-68.709305	4.006414	-31.408186	-86.52469	270000	-0.06966251	383.96866	-0.0023598373	-40.097748	8.192847	0.77195615	464.80009865760803
54	-793.0298	70.63068	-699.633	-900.0413	1000.0	-72.167435	2.82417	-48.80386	-86.637566	275000	-0.026356384	380.02255	-0.0023087524	-44.756897	8.118655	0.7619715	473.6538391113281
55	-760.88525	76.04213	-667.87286	-866.044	1000.0	-69.98729	5.241432	-15.599543	-86.44206	280000	0.0066011995	419.11896	-0.0025953064	-47.698547	8.108154	0.73255074	482.0049469470978
56	-785.66797	33.848877	-732.90076	-832.73083	1000.0	-69.12107	6.3889184	-14.761453	-86.30387	285000	-0.060850512	324.61554	-0.0019210912	-33.895233	8.140394	0.76923674	490.3509726524353
57	-628.61975	307.33203	-39.10615	-911.9716	812.0	-69.81191	5.6878176	-43.009567	-86.473595	290000	-0.024214841	550.4578	-0.002340367	-64.32364	8.15023	0.77474004	498.7297132015228
58	-741.32587	46.467876	-654.82684	-778.89594	1000.0	-68.00225	4.908641	-25.064177	-86.66274	295000	0.009204825	339.26633	-0.0027242657	-36.527985	8.136146	0.8045467	507.0427062511444
59	-740.16504	43.02652	-689.8234	-800.3964	1000.0	-67.63742	5.4516582	-21.411587	-86.481636	300000	-0.031289857	281.1068	-0.0019609034	-31.901855	8.090078	0.7525818	515.4096722602844
60	-764.89325	28.455486	-720.43396	-797.59344	1000.0	-66.51165	4.1852136	-5.7195783	-86.295975	305000	-0.03101322	317.22955	-0.0017892085	-29.536957	8.137381	0.7720972	524.3822095394135
61	-721.8331	54.0013	-649.37585	-797.0617	1000.0	-69.2745	6.2412558	-16.96485	-86.47727	310000	-0.005097505	363.9242	-0.0023324187	-74.219604	8.116201	0.7893623	532.6176629066467
62	-734.4382	33.70031	-701.1025	-786.377	1000.0	-63.528088	4.8378224	-3.1112537	-86.03451	315000	-0.032795526	272.93845	-0.00076843426	-36.61702	8.036675	0.68269306	541.0439054965973
63	-754.87994	50.20455	-702.50354	-840.74615	1000.0	-66.100494	4.261239	-8.812666	-86.249214	320000	-0.08224162	345.7155	-0.0023356676	-46.576935	8.100109	0.73537785	549.2817199230194
64	-751.658	23.975706	-716.3459	-780.80615	1000.0	-66.2389	6.353264	-22.372215	-86.740326	325000	-0.07803929	290.62314	-0.0019145906	-33.39615	8.109078	0.7117704	557.6236937046051
65	-699.76825	66.23	-618.1931	-810.2386	1000.0	-67.0776	6.8478627	-15.468101	-86.70058	330000	0.08710309	383.5534	-0.0019868612	-74.509796	8.10231	0.73678875	565.8204689025879
66	-742.59814	39.082233	-704.94464	-817.0417	1000.0	-64.29496	4.19381	24.542336	-84.60356	335000	-0.018529618	301.78085	-0.0021180287	-56.74945	8.115224	0.7264392	574.0012888908386
67	-755.5419	33.10152	-691.48193	-782.3844	1000.0	-66.304	7.092994	0.9004158	-86.76677	340000	-0.065293156	442.4791	-0.0021261051	-112.81085	8.096361	0.75469536	582.3123805522919
68	-711.41125	69.45739	-612.7099	-811.7773	1000.0	-67.44189	9.215966	-5.114009	-87.05462	345000	-0.009440104	370.17615	-0.0018305462	-114.547745	8.116299	0.7563781	590.7595434188843
69	-704.54895	32.06101	-646.96606	-732.35144	1000.0	-65.15046	6.7202406	-25.191744	-86.68659	350000	-0.10264964	317.68314	-0.0021071285	-42.788696	8.240007	0.8482013	599.1896007061005
70	-730.05286	47.015324	-683.16064	-798.2107	1000.0	-62.33022	5.310647	-32.59366	-85.81336	355000	-0.003865686	350.78204	-0.0020553984	-84.19385	8.199383	0.7972124	608.303544998169
71	-700.09735	56.76531	-628.3774	-774.7582	1000.0	-64.27704	8.812139	15.633706	-86.83364	360000	-0.04321029	318.056	-0.0021432228	-61.408295	8.138226	0.7910163	616.7063994407654
72	-727.5338	16.270733	-709.1	-755.63513	1000.0	-62.546486	7.4192815	47.574524	-86.79343	365000	-0.094821766	324.85266	-0.002162926	-56.018524	8.100148	0.7145363	625.1737544536591
73	-694.5075	47.069435	-639.10846	-753.1858	1000.0	-65.41671	7.5491633	8.277469	-86.89699	370000	-0.047587376	328.81836	-0.0018409714	-49.525146	8.048558	0.7121413	633.4328227043152
74	-701.6996	36.121407	-656.84686	-763.9465	1000.0	-62.4705	6.089377	-9.120837	-86.50388	375000	0.0028753937	335.7578	-0.0019108887	-50.586456	8.075072	0.6945578	641.9481730461121
75	-725.29224	46.123047	-651.0914	-796.7574	1000.0	-64.21239	6.2741013	-42.867928	-86.58012	380000	-0.045618992	314.13	-0.0020737872	-51.85916	8.08317	0.6796029	650.1290152072906
76	-703.9592	75.64963	-604.7824	-827.26483	1000.0	-66.275566	9.721721	-23.421015	-86.85606	385000	-0.014527829	398.14465	-0.0017402973	-83.17471	8.065677	0.6994214	658.3711605072021
77	-698.3416	50.201256	-641.2095	-790.51917	1000.0	-62.04522	4.2770357	-47.708366	-86.89333	390000	-0.032802444	308.2058	-0.0024019033	-25.944946	8.130299	0.7499628	666.7121348381042
78	-705.97595	54.23159	-639.99304	-773.66156	1000.0	-62.3659	4.71629	-27.922472	-86.964264	395000	-0.061157588	314.15494	-0.0020236485	-32.079865	8.047991	0.67792773	675.1469645500183
79	-666.06995	54.47943	-617.68024	-754.9858	1000.0	-63.670895	6.054025	-17.121902	-87.14107	400000	0.03158125	321.4997	-0.0023014937	-45.42276	8.117725	0.77838063	683.4623246192932
80	-713.23126	59.14239	-637.3051	-799.13824	1000.0	-59.05418	4.746798	-21.314493	-86.20547	405000	-0.0029578735	317.98837	-0.0023464477	-56.140778	8.014345	0.6848794	692.528872013092
81	-676.281	14.948895	-654.01025	-697.0363	1000.0	-62.44826	4.912604	-28.484186	-86.79566	410000	-0.025118891	247.87192	-0.00272437	-23.728073	8.015036	0.6870462	700.8924014568329
82	-610.09515	54.171764	-559.20544	-714.38214	1000.0	-60.647667	4.7877855	-1.7382901	-86.30201	415000	-0.09029551	342.49765	-0.0014558658	-60.594696	8.09913	0.72385466	709.2401776313782
83	-695.45483	54.223717	-595.3275	-747.71295	1000.0	-57.343643	2.3869154	-18.712545	-85.37133	420000	-0.03561867	376.65594	-0.001712244	-68.42764	8.121843	0.756673	717.6092829704285
84	-650.08813	35.21189	-611.7076	-701.50964	1000.0	-61.969112	4.8543353	-36.265675	-86.40782	425000	0.011972284	211.3781	-0.001711336	-22.559525	8.066432	0.7342958	725.8294486999512
85	-617.8727	108.57224	-497.52826	-818.3313	1000.0	-60.06453	4.3634877	-14.156206	-85.926704	430000	-0.059342932	471.2905	-0.0017331243	-64.16702	8.023963	0.71221894	734.4914708137512
86	-646.5908	78.900024	-507.4915	-724.7182	1000.0	-57.44494	5.384458	-7.404929	-85.316345	435000	-0.01765285	322.30984	-0.0017085988	-55.92383	8.092039	0.72556734	742.8454833030701
87	-665.0987	47.0155	-619.9263	-734.4289	1000.0	-56.629917	5.64479	-9.980389	-85.285706	440000	-0.05396748	282.80978	-0.0026108958	-53.383484	8.0840645	0.75943625	751.128167629242
88	-658.4524	34.07807	-595.88574	-691.42645	1000.0	-58.843613	5.2156816	1.2086192	-85.509705	445000	-0.09717317	301.75134	-0.0019415393	-36.301086	8.061714	0.6880365	759.3860640525818
89	-625.72595	82.65476	-507.8036	-743.1522	1000.0	-59.816956	4.785956	-27.842571	-84.7929	450000	-0.05827302	320.42374	-0.0014288947	-42.85849	8.1451435	0.79461944	767.6593387126923
90	-733.98376	48.698437	-675.8871	-808.7363	1000.0	-57.313187	3.9437826	-11.118676	-84.145096	455000	-0.04991557	443.09586	-0.0014452673	-164.0162	8.104069	0.73327965	777.0613470077515
91	-618.6847	68.85746	-540.72986	-743.40344	1000.0	-63.795017	7.916808	-33.09601	-87.36647	460000	-0.065014966	361.4503	-0.0018622801	-104.26257	8.067192	0.74742264	786.1836130619049
92	-666.0558	43.87569	-595.141	-720.5117	1000.0	-57.605	6.149647	4.9037604	-86.07636	465000	-0.008479599	306.2712	-0.00203967	-41.350037	8.046978	0.75594425	794.7911350727081
93	-678.68933	53.548397	-590.55164	-736.48663	1000.0	-58.397087	6.6755986	-0.3517161	-86.02022	470000	-0.024783729	353.20996	-0.00183638	-49.95639	8.089031	0.70120794	803.1262922286987
94	-717.0283	43.48981	-654.41846	-784.17084	1000.0	-60.11934	4.5646434	-30.294497	-86.7096	475000	-0.100208096	333.62262	-0.0019351318	-36.80545	8.103428	0.71408504	811.4269173145294
95	-650.00696	52.46185	-574.17816	-725.2116	1000.0	-62.0972	5.8330455	-30.485373	-87.95836	480000	-0.024527982	291.82388	-0.0023251586	-63.616333	8.018048	0.6979482	819.6714282035828
96	-645.05316	27.109764	-610.9144	-673.94305	1000.0	-58.18523	5.3824577	-34.489605	-86.996735	485000	-0.084554225	311.72412	-0.001983516	-49.112366	7.999678	0.70891035	827.9175276756287
97	-645.6194	58.45582	-569.75726	-735.6551	1000.0	-59.10299	7.350384	21.929077	-87.2986	490000	-0.10382892	309.9763	-0.0021778196	-58.455017	8.042705	0.7108707	836.4116611480713
98	-677.2244	41.57735	-607.3746	-733.04266	1000.0	-57.78525	7.2766676	-3.8439991	-86.89014	495000	-0.07388571	347.36185	-0.0016888902	-57.72824	8.102366	0.74783903	844.8581154346466
99	-659.16296	65.52286	-554.4606	-760.1966	1000.0	-60.12969	8.273578	-21.719673	-86.9016	500000	-0.053557836	307.9641	-0.0015258975	-55.165756	8.029792	0.7030933	853.3383555412292
100	-665.7306	73.01405	-575.2784	-779.4415	1000.0	-58.477795	7.826648	-36.76478	-86.29862	505000	-0.060242243	290.27676	-0.0015747622	-62.265762	8.047379	0.7049376	862.5149414539337
101	-602.52185	69.66154	-511.31378	-725.1173	1000.0	-60.968037	10.11297	-22.561607	-86.92974	510000	-0.12616017	498.1385	-0.0013239086	-201.25711	8.099863	0.76475674	870.9449553489685
102	-591.65314	51.85185	-529.7543	-683.1057	1000.0	-52.783863	4.429956	9.037648	-80.0855	515000	-0.06498091	275.07086	-0.0014714822	-44.074905	8.060619	0.7336365	879.2342114448547
103	-628.70245	55.620087	-533.12897	-683.538	1000.0	-55.635326	5.254034	-9.388267	-85.84562	520000	-0.02654492	308.45844	-0.0012575369	-62.288086	8.157423	0.78040147	887.7490944862366
104	-642.17645	35.672127	-588.9753	-699.03815	1000.0	-55.1954	5.5011473	13.862565	-86.52049	525000	-0.033969585	263.35583	-0.0022102967	-41.43686	8.080966	0.7307077	896.1714053153992
105	-638.4599	31.536676	-578.24493	-666.2317	1000.0	-58.49396	5.262005	-20.633814	-87.42894	530000	-0.07798757	259.2117	-0.0017241836	-41.936295	8.034162	0.67880344	904.517175912857
106	-583.3332	57.266117	-505.1428	-642.9984	1000.0	-57.455093	6.5603104	21.263002	-87.01793	535000	0.038279146	437.2762	-0.0016191043	-150.12073	8.050211	0.71932656	912.7952139377594
107	-566.0233	63.906574	-468.0306	-643.5035	1000.0	-52.191353	4.5986357	8.856666	-74.78041	540000	-0.031601653	202.95897	-0.0020571053	-29.289413	8.04752	0.7537723	921.2292537689209
108	-639.90045	70.72943	-554.25037	-724.17584	1000.0	-52.7686	4.332161	-5.719521	-77.975586	545000	-0.104231775	307.94406	-0.0015309677	-76.360306	8.004098	0.6588487	929.5685603618622
109	-632.1056	40.990234	-556.44885	-680.5352	1000.0	-56.993824	4.481041	-15.726913	-84.364586	550000	-0.013589299	224.0298	-0.0008305954	-27.753922	8.077427	0.71554255	937.7553062438965
110	-609.62366	29.045988	-572.31335	-657.1034	1000.0	-58.0586	6.129831	-31.224293	-87.36635	555000	-0.011019263	222.87096	-0.0013728794	-30.259445	8.072495	0.7506428	947.1354374885559
111	-639.279	35.194763	-584.52905	-676.97797	1000.0	-55.163242	3.8743916	-28.45549	-85.7761	560000	-0.06624889	217.21823	-0.002086252	-38.87903	8.053134	0.7092038	955.3493912220001
112	-623.625	59.06958	-559.15045	-697.3417	1000.0	-59.587063	7.1204853	-20.466803	-87.46353	565000	-0.13786441	304.5814	-0.0013876706	-63.185608	8.033521	0.74260926	963.840945482254
113	-563.8004	38.53839	-509.99808	-614.68854	1000.0	-56.24952	4.77041	-26.890612	-84.29789	570000	-0.090062946	284.1097	-0.0013032258	-77.71283	8.120132	0.79335064	972.1922965049744
114	-613.09875	29.356739	-564.02057	-653.9361	1000.0	-50.201145	5.2171993	9.951429	-77.8325	575000	-0.08968048	342.6347	-0.0016719326	-110.05176	8.080694	0.78044415	980.3354320526123
115	-608.4172	28.369764	-563.17004	-640.9328	1000.0	-54.686367	5.039551	-39.123905	-84.39909	580000	-0.099698596	230.32657	-0.0017451346	-26.280441	8.001097	0.67330235	988.7125854492188
116	-601.14545	54.77698	-498.65903	-657.6247	1000.0	-54.766907	3.807291	-23.876217	-81.96967	585000	-0.085940234	255.2651	-0.0019438639	-39.42218	7.9678936	0.72286445	997.0123255252838
117	-604.3624	61.506382	-507.68082	-669.6912	1000.0	-53.117237	6.0031986	-10.335634	-83.52545	590000	-0.04509832	311.11734	-0.0013958439	-79.97359	8.069176	0.7349702	1005.5464954376221
118	-632.8927	34.240875	-578.0901	-671.9966	1000.0	-53.85005	5.3939524	27.396643	-82.87531	595000	-0.0987565	267.22534	-0.0016613603	-62.619797	8.077358	0.7180534	1013.9089918136597
119	-610.47003	28.849869	-565.5716	-655.48334	1000.0	-56.44827	4.490613	-27.434298	-83.52729	600000	-0.027828433	246.58215	-0.0022025611	-27.812958	8.010403	0.69280964	1022.2143096923828
120	-624.7843	35.64883	-594.7984	-694.50104	1000.0	-55.932487	5.342257	-12.295368	-87.03584	605000	-0.054234374	205.70462	-0.0013444163	-27.14264	8.002639	0.7065824	1031.4966797828674
121	-620.16095	33.85506	-576.68896	-680.2397	1000.0	-54.910442	4.065956	-23.797964	-82.25773	610000	-0.11075509	244.81924	-0.0017688051	-27.945663	8.13039	0.77706873	1039.708703994751
122	-593.6055	35.869827	-537.602	-645.7852	1000.0	-55.508614	3.8447325	-21.117783	-84.53632	615000	-0.047174178	235.15778	-0.00083087385	-27.455185	7.9955654	0.7070164	1048.1291961669922
123	-570.5848	63.634266	-503.91943	-690.62524	1000.0	-53.7029	3.2876432	-13.693958	-75.6722	620000	-0.103608266	234.90974	-0.0021614134	-33.89424	8.049301	0.7717981	1056.5464842319489
124	-586.93243	45.032906	-510.368	-644.31226	1000.0	-53.101387	5.5691633	-14.362458	-83.04116	625000	-0.122999586	230.23718	-0.0016222149	-32.79506	8.067826	0.7971603	1065.0301494598389
125	-613.3802	64.98113	-490.68576	-678.01416	1000.0	-53.59561	6.3135095	-19.431084	-83.20577	630000	-0.028789582	245.30455	-0.0013886038	-43.657455	7.9630256	0.72435635	1073.331553220749
126	-667.4723	24.102743	-638.59845	-692.3425	1000.0	-54.346355	7.5778456	-27.952705	-82.90199	635000	-0.113067016	360.1302	-0.001305297	-111.15013	8.063658	0.72056866	1081.6007900238037
127	-567.5065	53.686737	-478.31006	-647.5798	1000.0	-56.53813	8.3563175	-36.574566	-89.08427	640000	-0.020317545	299.61246	-0.0017501712	-91.8801	7.9607406	0.7384333	1090.0490746498108
128	-599.0279	51.26904	-538.35724	-679.1337	1000.0	-51.425976	4.5644245	-21.225574	-87.66907	645000	-0.03958803	244.42578	-0.0012730062	-41.84456	8.037232	0.71700245	1098.5054695606232
129	-622.9964	65.67642	-502.37442	-683.75287	1000.0	-53.723938	5.403009	0.88853204	-88.746025	650000	-0.042148724	266.69308	-0.0014545061	-58.703247	7.9850993	0.6768837	1106.674402475357
130	-637.36945	47.32776	-580.92664	-719.4701	1000.0	-54.925514	6.7569532	31.419294	-88.29521	655000	-0.05311316	236.93385	-0.0016032718	-44.88336	8.082833	0.7391085	1115.6269490718842
131	-598.7436	42.410385	-548.30414	-652.2563	1000.0	-55.54257	5.7872496	-38.792953	-88.83734	660000	-0.10428074	260.70825	-0.0016160235	-33.9178	8.023989	0.6983082	1123.7884576320648
132	-598.30756	53.91918	-550.60815	-702.21204	1000.0	-54.544605	4.785567	-20.466118	-85.652985	665000	-0.05942987	233.31435	-0.0016048737	-32.953476	7.997972	0.70504063	1131.8384275436401
133	-579.6012	85.73167	-431.03445	-677.44775	1000.0	-54.4733	5.7329316	-23.966492	-85.64322	670000	-0.014144922	336.7184	-0.0018873904	-92.61479	7.990072	0.773764	1139.879585981369
134	-591.5626	33.802227	-550.69586	-634.33936	1000.0	-50.717648	6.7233367	-15.822675	-86.52996	675000	-0.036482204	228.0369	-0.0016872436	-62.354828	8.020168	0.73669153	1147.9403717517853
135	-622.20496	55.620594	-569.89777	-720.3256	1000.0	-53.829086	5.162459	-25.642075	-86.99629	680000	-0.13897397	314.3701	-0.0014757216	-72.86519	7.9704437	0.7015296	1156.051134109497
136	-594.7103	46.448616	-545.468	-671.805	1000.0	-54.556587	7.9000015	-2.1652899	-89.94229	685000	-0.11630572	261.33075	-0.0019172803	-57.82982	8.116139	0.76813966	1164.041173696518
137	-542.9212	176.98152	-190.1963	-649.61774	883.2	-54.9248	7.1108975	-18.358404	-88.22656	690000	0.03356433	319.8212	-0.0012604967	-79.11514	8.012028	0.7148366	1171.8575139045715
138	-545.1766	127.54684	-318.08984	-670.5964	1000.0	-52.820137	6.0913076	-21.484533	-85.099174	695000	-0.038088366	411.5223	-0.0019073784	-140.0505	7.9908056	0.70447206	1179.9880125522614
139	-565.012	24.588654	-544.30286	-611.9529	1000.0	-51.200043	7.302769	24.431374	-83.852776	700000	-0.0501034	244.31625	-0.0011973158	-80.87764	7.9810843	0.7557869	1188.069397687912
140	-608.7433	46.42945	-548.9766	-675.6625	1000.0	-50.48135	6.1301937	-5.174863	-83.81371	705000	-0.08875323	250.72513	-0.0016225129	-54.074905	7.9104843	0.6615582	1197.072625875473
141	-476.11914	225.91443	-57.30026	-670.95825	810.6	-54.112804	6.3406925	-25.473574	-87.67044	710000	-0.1169167	313.118	-0.0010892227	-80.46094	7.9781375	0.68616945	1205.3173124790192
142	-616.76337	45.709873	-574.3205	-696.4794	1000.0	-53.55347	7.3671584	26.45215	-87.94237	715000	-0.08200183	246.11197	-0.001189895	-55.627075	8.02053	0.7287925	1213.762466430664
143	-581.5685	71.15817	-483.09598	-676.2984	1000.0	-55.941025	9.200431	-6.891814	-88.9079	720000	-0.025851363	357.27545	-0.0012864228	-91.16635	8.010293	0.7356743	1221.7935218811035
144	-550.703	75.35673	-414.81046	-646.5297	1000.0	-51.007996	7.578262	4.7878337	-86.2648	725000	-0.037548438	235.08565	-0.0018350594	-48.712143	8.010162	0.72747725	1229.9510080814362
145	-586.9732	57.614235	-498.67596	-674.5405	1000.0	-49.90153	5.549273	-7.651807	-87.373	730000	-0.053329945	323.63486	-0.0012299418	-65.62225	8.042001	0.7588349	1238.225857257843
146	-586.37427	36.094063	-535.81775	-623.15393	1000.0	-52.910717	6.247743	-5.985825	-85.96263	735000	-0.013728486	221.8468	-0.0016774265	-35.72032	8.023325	0.7443909	1246.4773936271667
147	-612.4885	20.205238	-593.5758	-644.2307	1000.0	-52.796318	4.801691	-33.550343	-87.360405	740000	-0.04368911	203.042	-0.0021137558	-31.260452	8.010637	0.724381	1254.5321090221405
148	-554.81995	45.424652	-506.8328	-627.53546	1000.0	-53.032963	6.1523037	-31.256996	-87.484566	745000	-0.08354028	216.1231	-0.0013785735	-37.226517	8.0250435	0.75202185	1262.432476758957
149	-472.646	214.7248	-46.019615	-616.1078	814.2	-51.94361	6.9666786	-10.562751	-84.9258	750000	-0.14998956	216.99213	-0.001599893	-33.9523	8.020737	0.74302405	1270.3944625854492
150	-582.908	35.339184	-516.5195	-613.6825	1000.0	-50.822594	4.907232	-20.645672	-84.24505	755000	-0.018307403	224.40732	-0.00159101	-36.62227	7.8811984	0.65258664	1279.0070164203644
151	-518.8008	48.76043	-421.5525	-547.9708	1000.0	-53.706245	8.440116	-20.706076	-88.67166	760000	-0.10926438	380.0534	-0.0016278028	-168.10838	7.921656	0.7280298	1286.611430644989
152	-562.2342	18.766134	-534.3935	-586.6108	1000.0	-48.196564	4.6607294	-5.6235547	-78.086876	765000	-0.09151859	233.8906	-0.0015699491	-52.582275	7.976181	0.7191447	1294.0357897281647
153	-606.0067	62.36567	-536.58734	-708.7968	1000.0	-52.1431	5.2271695	-20.71403	-86.35392	770000	-0.03976935	399.97168	-0.0007097572	-108.636566	8.041495	0.755452	1301.6212375164032
154	-610.4696	66.0378	-513.4185	-706.4041	1000.0	-51.332706	7.597245	-16.717785	-89.47457	775000	-0.11627476	264.55414	-0.001474984	-47.863434	7.9857335	0.7039166	1309.1161603927612
155	-588.9835	55.088154	-492.49896	-651.4559	1000.0	-54.777775	8.339546	-31.016384	-91.88534	780000	-0.08788395	290.20865	-0.001443021	-63.400604	7.986185	0.70143765	1316.110816001892
156	-569.3589	32.767033	-524.67755	-609.6931	1000.0	-53.16675	5.9302335	6.699316	-91.039925	785000	-0.042851817	232.2361	-0.0015222691	-44.416656	8.0014515	0.73513967	1323.703641653061
157	-544.2705	54.86335	-446.40872	-616.74097	1000.0	-51.322674	6.4095798	0.9763721	-87.32821	790000	-0.06605513	231.2759	-0.0019325316	-60.648026	8.019528	0.76040685	1331.4091062545776
158	-553.87665	40.851337	-521.1143	-625.497	1000.0	-48.92802	4.6575046	-21.86712	-82.67625	795000	-0.01511282	273.96313	-0.0009790557	-51.39354	8.039425	0.8109679	1338.9940361976624
159	-542.7902	48.753143	-466.0361	-608.94135	1000.0	-49.669125	4.279201	-14.491413	-88.43645	800000	-0.098207265	213.4138	-0.001686506	-37.033096	8.033093	0.738162	1346.4463346004486
160	-598.23114	76.259575	-513.6357	-739.69476	1000.0	-50.36673	5.318179	-7.8334956	-90.815315	805000	-0.019063724	480.26776	-0.0019312799	-150.75305	8.049555	0.76916265	1355.1007642745972
161	-535.6855	20.26369	-501.89883	-561.78876	1000.0	-53.063007	9.456095	-33.383392	-92.27519	810000	-0.026842237	285.93784	-0.0023135096	-118.95665	8.001497	0.7264	1362.6612594127655
162	-577.05756	46.441578	-498.0977	-626.8471	1000.0	-47.62981	3.8231473	-20.06064	-83.728836	815000	-0.1261518	229.06783	-0.0015634149	-54.50856	8.047114	0.787547	1370.33403134346
163	-558.3795	51.30674	-480.82208	-621.8834	1000.0	-49.689587	4.5151978	-7.341431	-83.862114	820000	-0.026293714	196.64188	-0.0019518789	-35.584045	7.966107	0.6852584	1377.9892995357513
164	-592.1448	47.174896	-524.5716	-664.07794	1000.0	-52.74175	4.3891077	-2.8456292	-85.602554	825000	-0.1294916	250.0173	-0.0016132891	-52.025757	8.003977	0.7358867	1385.660202741623
165	-553.51154	41.491207	-481.29724	-609.42896	1000.0	-53.087337	8.416173	-24.367388	-91.5208	830000	-0.083393894	239.4328	-0.0010212064	-44.339676	7.955412	0.72118413	1393.3452310562134
166	-540.6706	32.346424	-498.7916	-597.9867	1000.0	-48.916824	5.5364017	-11.847437	-84.65431	835000	-0.07449511	238.12358	-0.0019733757	-35.471573	7.8682437	0.7025477	1401.4573249816895
167	-555.1455	27.304502	-522.9589	-601.81915	1000.0	-47.83685	3.774641	-23.898817	-82.61378	840000	-0.11100186	207.76726	-0.001020506	-21.044037	7.993353	0.745363	1409.634290933609
168	-594.90344	46.663834	-511.40012	-648.1463	1000.0	-49.8198	4.8961487	-35.922832	-81.74579	845000	-0.08813198	272.52374	-0.0011400729	-83.34796	7.9636765	0.7216334	1417.5063586235046
169	-543.047	72.64867	-412.36963	-602.8835	1000.0	-51.19897	7.43308	-25.655079	-90.774536	850000	-0.041952547	310.0923	-0.0021373257	-93.87233	8.042986	0.75480926	1425.3998005390167
170	-578.0959	47.896194	-515.0588	-641.8273	1000.0	-50.049595	5.1386456	0.60089266	-87.781525	855000	0.018384503	246.7831	-0.0017650947	-57.394302	8.057425	0.78572774	1434.1631984710693
171	-489.779	190.5118	-113.88569	-610.4812	825.8	-51.20059	6.468277	-8.233767	-91.79147	860000	-0.053054504	207.84192	-0.0011218749	-40.86801	7.942635	0.70094246	1442.0475344657898
172	-490.0294	175.75089	-139.47777	-593.58984	823.0	-52.537563	5.7228017	-1.8575674	-89.08158	865000	-0.033055015	261.2694	-0.0027829185	-55.59163	7.973422	0.7067693	1449.881555557251
173	-534.23627	42.775566	-480.25357	-606.3873	1000.0	-52.443424	5.6927156	-19.984512	-87.85141	870000	0.022718089	202.90053	-0.0009947009	-47.572327	7.946114	0.7352671	1457.844351053238
174	-521.5269	70.97167	-409.4296	-614.7915	1000.0	-48.637566	4.906402	13.092209	-80.26619	875000	-0.12586792	240.57097	-0.002022773	-41.40207	8.02194	0.7499994	1465.727335691452
175	-482.98413	199.13129	-86.8368	-613.2222	821.8	-48.186058	4.796361	0.33468854	-79.16896	880000	-0.0027978027	252.04507	-0.0010770143	-56.971252	7.9812765	0.738502	1473.1843359470367
176	-600.1482	104.55375	-528.86127	-807.98694	1000.0	-51.722443	5.6608157	-7.0177608	-84.75289	885000	-0.032368146	523.7607	-0.0019416139	-202.51715	7.904598	0.7015008	1480.7758831977844
177	-552.283	52.11657	-480.22766	-615.1567	1000.0	-53.2707	8.544028	-11.0731325	-94.49529	890000	-0.026895924	263.21005	-0.0019187517	-88.21727	7.991294	0.75180393	1488.5816504955292
178	-549.57983	41.90098	-502.72388	-625.16003	1000.0	-49.468094	5.2307673	18.245525	-85.57577	895000	-0.054864943	236.81343	-0.0024479106	-41.877945	8.062166	0.8205209	1496.4242577552795
179	-503.46942	25.962255	-459.45093	-537.4368	1000.0	-49.010223	3.6422176	-9.141889	-76.32212	900000	-0.111179836	143.45665	-0.0014545172	-31.870247	7.9208703	0.73241514	1504.2354907989502
180	-563.6406	34.01483	-497.90216	-592.7168	1000.0	-46.27473	4.9357605	-13.589198	-86.69305	905000	-0.055666797	258.79474	-0.0012365431	-72.90494	7.9165797	0.7192449	1512.9552721977234
181	-550.89966	21.863766	-523.05005	-580.3153	1000.0	-49.15	5.443564	-26.562132	-85.265625	910000	-0.012269711	166.62425	-0.0015295688	-22.827255	7.9710155	0.7360395	1520.847306728363
182	-508.26904	34.75655	-459.44467	-561.67786	1000.0	-50.09293	4.756633	-23.471659	-78.88013	915000	-0.07575036	342.5603	-0.001132518	-137.08345	7.920211	0.69835186	1528.2105085849762
183	-579.62415	47.42217	-525.2734	-661.03326	1000.0	-47.7449	7.54941	13.539145	-85.58588	920000	-0.07297505	485.1735	-0.0016179457	-216.38507	7.9731345	0.757967	1535.822351694107
184	-511.66446	29.278637	-478.32562	-564.0682	1000.0	-48.3467	5.3980756	-15.27811	-93.40742	925000	-0.1868983	219.99875	-0.0012805462	-36.023193	7.92688	0.73288125	1543.6555047035217
185	-501.16327	58.30561	-429.39084	-585.6057	1000.0	-47.9771	4.288339	-13.770893	-87.30368	930000	-0.13642609	239.23665	-0.0012854785	-41.849777	7.94215	0.7539264	1551.620198726654
186	-561.9835	36.06828	-522.41327	-628.59467	1000.0	-46.328957	4.818019	-8.157707	-85.85083	935000	-0.08626126	202.95958	-0.0020450056	-47.348083	7.9574904	0.7130869	1559.6405935287476
187	-548.5298	26.77066	-518.9481	-591.0031	1000.0	-50.988617	4.6209846	-20.800385	-88.35265	940000	-0.00039171142	199.41158	-0.0019219604	-49.298645	7.915105	0.72287095	1567.5235822200775
188	-524.63306	25.481258	-485.63638	-556.07886	1000.0	-48.6364	5.8008113	-15.282904	-88.99712	945000	-0.06678826	207.5788	-0.0016808361	-41.38379	7.8912344	0.669246	1575.4172537326813
189	-505.7334	71.76411	-399.0112	-614.16595	1000.0	-47.405506	4.057853	-13.558207	-82.41562	950000	-0.082271114	272.995	-0.0021542385	-50.093994	7.9239345	0.7673118	1583.2792212963104
190	-519.50604	70.815094	-386.21832	-590.69525	1000.0	-45.009495	4.5204673	-7.413171	-81.49314	955000	0.041920472	265.18625	-0.0014035292	-44.31505	7.9776244	0.77379936	1592.0812692642212
191	-553.9321	45.069256	-506.64386	-615.9911	1000.0	-46.561543	4.8751	-5.0366707	-89.65849	960000	-0.025533102	232.1496	-0.0017216895	-38.96428	8.016344	0.7978236	1599.9897842407227
192	-527.7275	60.432045	-447.87814	-605.669	1000.0	-49.834217	5.566014	-21.064756	-89.16236	965000	-0.053967047	228.22227	-0.0024351738	-39.418793	8.047047	0.80901194	1607.7673161029816
193	-514.88837	76.990074	-394.84198	-612.5699	1000.0	-49.24259	7.9604073	-6.473257	-92.69878	970000	-0.05041861	233.2406	-0.001864098	-61.584442	7.978722	0.7943914	1615.616518497467
194	-528.8011	29.71288	-480.02792	-570.05963	1000.0	-46.035183	5.060288	-8.257698	-78.429016	975000	-0.11183184	212.30893	-0.0014370009	-39.22432	7.9788055	0.752902	1623.5943610668182
195	-563.2011	58.15477	-496.92804	-632.2194	1000.0	-48.623848	5.1378913	-16.07637	-81.550095	980000	-0.027313752	256.41757	-0.0020806547	-55.196014	7.9799485	0.7522222	1631.5728709697723
196	-539.0183	66.18967	-426.01196	-618.7599	1000.0	-49.644566	6.644888	10.669323	-89.50273	985000	-0.1213454	240.21593	-0.0014778674	-37.15248	7.9198313	0.71739393	1639.4124491214752
197	-523.75793	39.683537	-475.6739	-595.95264	1000.0	-49.674847	6.279667	-12.698276	-88.31514	990000	0.031809907	279.7621	-0.0017124154	-74.24419	7.9450517	0.7355397	1647.3361468315125
198	-563.9059	22.369503	-540.055	-604.3518	1000.0	-46.78459	3.9821088	-21.563202	-73.93856	995000	-0.055680916	258.6831	-0.0012853742	-56.1781	7.963538	0.74135774	1655.190454006195
199	-566.31024	44.394444	-493.5413	-618.55304	1000.0	-49.757236	5.7291503	-14.876115	-86.49754	1000000	-0.008913922	236.78575	-0.0014483305	-48.246307	7.9525094	0.70474297	1663.0897409915924
200	-502.2177	44.41803	-459.86023	-582.1232	1000.0	-50.32979	6.609661	4.3543634	-88.511475	1005000	0.023715505	277.3732	-0.0012583192	-79.4637	7.942258	0.7906797	1671.8400666713715
201	-553.0733	24.509388	-513.7614	-583.8934	1000.0	-45.617104	5.0424237	-5.651814	-86.52496	1010000	-0.09560092	254.40227	-0.0016246587	-66.113235	7.9195704	0.7750159	1679.5420129299164
202	-570.652	43.381104	-515.3097	-646.39056	1000.0	-50.39366	7.307891	-23.376022	-93.15413	1015000	0.017550355	273.58884	-0.0013137292	-57.23268	7.8801093	0.72101545	1686.9108729362488
203	-519.9722	46.66527	-452.99786	-588.02844	1000.0	-49.765045	7.5480866	-14.374423	-93.59462	1020000	-0.0052305115	235.4258	-0.0019421205	-62.57309	7.8888783	0.7382644	1694.9150214195251
204	-515.8934	70.98131	-381.2916	-586.2818	1000.0	-47.17242	6.948943	0.14886034	-90.38972	1025000	-0.08804087	312.11914	-0.002172403	-81.457245	7.960813	0.7705125	1702.7636790275574
205	-591.7925	58.35683	-542.62756	-703.31256	1000.0	-47.180737	6.1269407	2.3801968	-85.53156	1030000	-0.083323844	302.1951	-0.0013226345	-104.04152	8.00196	0.78789324	1711.0466420650482
206	-499.61108	68.87434	-365.21753	-562.2606	1000.0	-52.343533	7.755459	-23.77596	-93.854515	1035000	-0.031091418	320.4407	-0.0017649755	-99.20946	7.8870077	0.739625	1719.3763558864594
207	-493.54858	77.85452	-384.86008	-571.5	1000.0	-47.09718	6.918671	-10.190174	-88.154	1040000	-0.061171886	280.2975	-0.0018366091	-93.851974	7.9388924	0.7412918	1727.277536869049
208	-542.7907	37.818386	-485.52576	-600.1152	1000.0	-44.680878	4.60623	16.687122	-86.85877	1045000	-0.03274579	250.03435	-0.001287669	-56.2995	7.87034	0.70743054	1735.0987858772278
209	-529.30164	28.59583	-490.98376	-567.2883	1000.0	-49.818844	3.9513397	-23.907608	-88.20366	1050000	-0.065611795	175.20958	-0.0015834048	-26.271866	7.8996468	0.7161326	1743.0615396499634
210	-514.7919	47.060795	-452.20038	-594.37744	1000.0	-47.358013	4.907567	-21.741283	-87.811264	1055000	-0.14886391	253.36255	-0.0019910783	-49.27948	7.8591094	0.688909	1752.0480108261108
211	-528.47644	56.111404	-461.60254	-597.246	1000.0	-46.759426	5.52682	-18.71463	-86.14105	1060000	-0.07989814	247.9573	-0.0016039014	-52.31534	7.9328218	0.7599286	1760.0015621185303
212	-503.50864	35.63162	-454.4649	-550.68945	1000.0	-47.814945	4.3537335	-7.20748	-78.12831	1065000	-0.013090619	191.91158	-0.0018571746	-37.907455	8.000818	0.8055259	1767.873012304306
213	-549.62524	37.71899	-503.25946	-589.9494	1000.0	-44.81344	4.4328766	-9.798262	-82.279305	1070000	-0.040790804	215.43745	-0.0015655793	-53.88893	7.9677134	0.7421495	1775.70236992836
214	-599.9876	57.881607	-522.87024	-693.46106	1000.0	-51.728107	6.3222904	-14.543171	-86.539375	1075000	-0.054883663	275.37216	-0.0018294416	-72.61386	7.9364467	0.7375847	1783.384038925171
215	-525.284	41.60777	-477.40128	-594.15063	1000.0	-49.65496	8.557687	-0.26627165	-88.63919	1080000	-0.054765888	229.90144	-0.0015812814	-64.756424	7.9620085	0.78104216	1791.225140094757
216	-496.9293	42.701515	-454.72272	-555.7046	1000.0	-47.38045	5.4559073	-9.368717	-80.69868	1085000	-0.016342236	169.28133	-0.0012400635	-37.177383	7.924575	0.77042973	1799.1818599700928
217	-556.41736	60.717533	-481.95245	-647.9844	1000.0	-44.719604	3.9925528	-19.030285	-73.52359	1090000	-0.15897089	301.03375	-0.001887992	-84.832245	7.9069037	0.7219879	1807.2101266384125
218	-525.1706	25.974161	-488.81708	-565.5853	1000.0	-48.84693	5.8128757	-29.499796	-85.17882	1095000	-0.089569926	186.43805	-0.001471959	-25.215149	7.947539	0.75302905	1815.0870108604431
219	-502.87915	36.95657	-453.75177	-558.0874	1000.0	-47.47175	4.720841	-31.063663	-79.931915	1100000	-0.04797775	143.55446	-0.0012622438	-25.727585	7.929559	0.7812928	1823.0143687725067
220	-538.319	10.206057	-524.2724	-555.19525	1000.0	-46.585682	5.443376	6.3304577	-78.68333	1105000	-0.11432218	219.8845	-0.0017337278	-45.72377	7.914647	0.7339211	1832.9017398357391
221	-482.66553	52.678272	-392.08817	-535.2834	1000.0	-47.049538	4.944267	-29.120441	-77.16641	1110000	-0.10678191	239.93706	-0.0012757853	-91.0379	7.8565197	0.71599823	1840.7518877983093
222	-492.56512	65.53857	-415.651	-591.34393	1000.0	-43.143692	4.848853	-2.9199977	-66.72293	1115000	-0.10071713	243.54475	-0.0022584572	-41.041122	7.8579555	0.69724846	1848.6980378627777
223	-518.671	53.898743	-442.41217	-595.4942	1000.0	-45.006226	5.6506743	3.485836	-70.911354	1120000	-0.031344015	337.62234	-0.0019542314	-82.379944	7.9741445	0.8039961	1856.6407084465027
224	-541.2689	27.62894	-516.78143	-590.12775	1000.0	-45.483795	5.5170226	-1.3075941	-78.887665	1125000	-0.09342708	243.09038	-0.0013128445	-64.08127	7.915247	0.6967358	1864.4133985042572
225	-523.21436	34.824974	-475.72736	-581.0324	1000.0	-48.400387	4.9645224	-24.526129	-84.288086	1130000	-0.14684685	182.41734	-0.0015212744	-32.554413	7.886977	0.72114646	1872.2732548713684
226	-500.0547	26.59695	-460.70627	-540.9447	1000.0	-46.268974	5.197648	-36.10164	-81.326096	1135000	-0.10044785	193.04414	-0.001654923	-27.83702	7.8967147	0.7608928	1880.2303879261017
227	-505.08823	46.719666	-444.3782	-569.11816	1000.0	-45.30877	3.6827738	-24.230522	-76.75614	1140000	-0.09290343	195.24713	-0.0021451116	-45.65628	7.8800406	0.7212	1888.1735587120056
228	-532.9082	68.13962	-455.18756	-658.5152	1000.0	-46.655434	4.380048	-9.276439	-79.73162	1145000	-0.046379767	324.0901	-0.0017469004	-117.517365	7.872731	0.73514795	1896.0466623306274
229	-527.22723	28.73366	-470.8168	-550.98834	1000.0	-46.629433	6.9973993	-12.117541	-86.077446	1150000	-0.06773571	209.8057	-0.0014402121	-38.291855	7.901675	0.7599086	1903.9273474216461
230	-511.51245	30.810795	-475.1307	-568.65765	1000.0	-47.568817	5.6977406	-15.703898	-82.32275	1155000	-0.117892124	211.66228	-0.001559779	-48.15294	7.9009423	0.75415295	1912.9880630970001
231	-520.68164	60.510902	-435.5607	-617.0662	1000.0	-45.78444	4.581355	-12.380148	-75.249954	1160000	-0.081284545	209.44534	-0.002043739	-63.299713	7.890122	0.76661843	1920.7421412467957
232	-550.5215	66.115456	-453.79474	-659.56134	1000.0	-44.454166	5.00061	-29.664145	-83.837006	1165000	-0.09646529	242.46585	-0.0023746267	-65.02606	7.9521165	0.75429446	1928.6177468299866
233	-514.6385	39.292538	-470.54407	-584.5357	1000.0	-48.677517	5.793049	-29.104599	-90.002785	1170000	-0.026238445	168.14165	-0.001569178	-41.211372	7.859896	0.722625	1936.4178965091705
234	-491.93393	27.343853	-451.20865	-531.2889	1000.0	-46.83745	4.1204324	-26.411074	-76.437325	1175000	-0.12469707	194.3375	-0.0019527897	-35.301224	7.813961	0.7253835	1944.0489456653595
235	-495.3256	42.868336	-422.95667	-551.0331	1000.0	-44.284344	4.601282	7.2120323	-81.35962	1180000	-0.06633305	228.55565	-0.0010367483	-40.804855	7.8892407	0.7837288	1951.6985459327698
236	-529.3162	55.81177	-436.1283	-582.20984	1000.0	-45.356876	4.8370037	-13.307519	-83.083725	1185000	0.020210939	183.5463	-0.0016707778	-38.26094	7.8828287	0.76623416	1959.1860711574554
237	-489.94473	36.43884	-438.19354	-542.95325	1000.0	-46.64435	5.570922	-25.531464	-85.233406	1190000	-0.040984552	193.996	-0.0010638423	-34.425705	7.8766065	0.773186	1966.812688589096
238	-502.91342	21.904087	-464.04102	-524.85565	1000.0	-44.257393	5.027483	-14.386966	-78.22523	1195000	-0.09536742	180.02635	-0.001473479	-35.81102	7.8525047	0.7352915	1974.614229440689
239	-490.19757	53.216404	-408.66278	-568.11884	1000.0	-45.663666	4.4364266	-9.133871	-74.57449	1200000	-0.015477621	223.0682	-0.0018103803	-56.991425	7.8611665	0.752007	1982.3762905597687
240	-524.0557	35.422874	-482.1945	-589.6135	1000.0	-45.383446	5.333953	-1.5918604	-73.65161	1205000	-0.069805786	264.99054	-0.0011846572	-90.901886	7.8905096	0.73478067	1991.2562580108643
241	-514.8895	20.994097	-478.71866	-534.7008	1000.0	-45.73895	5.423029	-21.527363	-83.49098	1210000	-0.11606751	216.64813	-0.0018295646	-30.803787	7.8524904	0.70880634	1999.1249930858612
242	-486.767	39.237717	-444.78937	-544.9343	1000.0	-46.74109	5.9843545	-29.96093	-79.1259	1215000	-0.095303275	202.55894	-0.0014328435	-58.46617	7.8870015	0.73388094	2007.0092289447784
243	-481.8431	16.218552	-454.16263	-498.0801	1000.0	-44.13963	4.4084926	-6.344974	-78.77195	1220000	-0.05044795	172.357	-0.0015560612	-34.19142	7.836147	0.7135894	2014.8751964569092
244	-486.34418	42.898888	-433.61362	-563.4931	1000.0	-43.658306	3.63512	13.094835	-66.805466	1225000	-0.047427196	187.6404	-0.0017916895	-32.621918	7.888608	0.7569212	2023.078191280365
245	-491.6556	51.977917	-425.80353	-579.48083	1000.0	-44.79974	4.723257	-21.280075	-69.97091	1230000	-0.102820605	238.38664	-0.0014869049	-49.57756	7.865318	0.7823472	2031.197761774063
246	-519.9932	43.2317	-444.48666	-558.8875	1000.0	-42.35871	4.3664236	-9.873686	-74.986694	1235000	-0.083932675	252.3617	-0.0013338104	-66.2256	7.888245	0.72072756	2039.2144379615784
247	-522.134	32.3067	-479.8835	-561.0874	1000.0	-47.20609	5.900846	-24.69092	-86.26713	1240000	-0.06590408	160.7835	-0.001710102	-35.344208	7.855999	0.73041826	2047.0508589744568
248	-462.78217	117.475174	-234.73418	-567.39624	1000.0	-45.490303	6.8281403	-12.090086	-83.06602	1245000	-0.11535136	384.41583	-0.0012508631	-124.49707	7.8812447	0.705867	2054.795071363449
249	-505.2552	25.974115	-461.26395	-540.02563	1000.0	-42.598053	5.0322595	14.83983	-75.45488	1250000	-0.01573548	179.28305	-0.0019825138	-46.878723	7.9001193	0.74298435	2063.7612340450287
