Epoch	AverageEpRet	StdEpRet	MaxEpRet	MinEpRet	EpLen	AverageVVals	StdVVals	MaxVVals	MinVVals	TotalEnvInteracts	LossPi	LossV	DeltaLossPi	DeltaLossV	Entropy	KL	Time
0	-1811.7543	46.633762	-1742.5184	-1883.4631	1000.0	-0.03487407	0.5388672	1.6959196	-1.7248987	5000	0.4018076	28531.68	-0.026231617	-4464.998	9.806654	2.3837745	16.1177978515625
1	-1748.2867	75.599434	-1607.1456	-1819.7501	1000.0	-14.183356	0.49728632	-9.684425	-14.643053	10000	0.23339339	21566.146	-0.016273618	-1944.9336	9.546783	2.2013495	24.50009036064148
2	-1672.74	54.55958	-1566.4164	-1722.7253	1000.0	-21.210913	0.09414486	-19.617908	-21.2775	15000	0.3472887	17884.846	-0.017098814	-1402.2031	9.3798275	2.0104563	32.98283243179321
3	-1713.9055	69.308014	-1624.3655	-1804.9171	1000.0	-26.777481	0.05794631	-25.124805	-26.809832	20000	0.28189927	16581.15	-0.01517427	-1271.6543	9.447433	2.0772462	41.17562985420227
4	-1539.508	60.349186	-1465.2268	-1645.2817	1000.0	-32.026375	0.035519946	-31.09117	-32.04609	25000	0.14439426	12220.154	-0.011770159	-949.10645	9.547146	2.1590688	49.21810841560364
5	-1490.9775	82.234276	-1363.4098	-1560.8813	1000.0	-36.629074	0.035514567	-35.589466	-36.646477	30000	0.2505397	10908.987	-0.012565136	-853.0596	9.375599	2.0603626	57.32534337043762
6	-1467.3528	71.01976	-1369.2234	-1577.131	1000.0	-41.042736	0.023604875	-40.475864	-41.054127	35000	0.1773896	9124.551	-0.011699513	-735.06055	9.522723	2.0721688	65.31993436813354
7	-1359.8086	90.27598	-1219.1234	-1468.2821	1000.0	-45.216366	0.024550151	-44.220642	-45.226093	40000	0.26976398	7191.4297	-0.01222837	-578.78906	9.339241	1.953825	73.42319464683533
8	-1406.6349	77.432884	-1305.4884	-1520.6974	1000.0	-49.005806	0.022564849	-48.258118	-49.014114	45000	0.22282498	7333.3906	-0.01172927	-592.8467	9.40202	1.968973	81.57666110992432
9	-1312.4739	77.92389	-1234.5566	-1453.9342	1000.0	-52.886307	0.017274447	-52.382683	-52.892586	50000	0.17552112	4812.5415	-0.00960961	-421.91748	9.388273	1.9908601	89.66454672813416
10	-1279.633	35.281765	-1225.7324	-1314.8594	1000.0	-56.266426	0.0138218375	-55.830547	-56.271885	55000	0.110651456	4149.3423	-0.009000629	-358.97437	9.366772	1.9759994	97.95714211463928
11	-1227.0317	73.5992	-1148.5509	-1328.5712	1000.0	-59.433914	0.015021013	-58.949177	-59.439255	60000	0.21755242	3415.3296	-0.010322437	-298.8506	9.310326	1.8966051	105.76166725158691
12	-1244.0817	75.65273	-1132.52	-1329.1294	1000.0	-62.39417	0.012834838	-61.850346	-62.398624	65000	0.07244359	3259.748	-0.0070224926	-285.62646	9.309998	1.8798672	113.90724444389343
13	-1133.3981	82.976875	-991.0338	-1245.0247	1000.0	-65.33946	0.014712395	-64.66518	-65.34402	70000	0.17868422	2055.2087	-0.009189397	-167.89136	9.343466	1.9401195	122.10792803764343
14	-976.5443	367.12067	-246.15744	-1225.7155	830.4	-67.68824	0.014909418	-67.24379	-67.69314	75000	0.12023932	2369.0422	-0.0065617934	-185.39258	9.197218	1.799165	129.94053196907043
15	-1090.8385	59.119884	-1005.17505	-1190.0	1000.0	-70.164024	0.0100551145	-69.81588	-70.16775	80000	0.05309465	1285.3326	-0.0067679957	-103.940186	9.1759405	1.7741889	137.9240620136261
16	-1102.1783	31.514362	-1065.4978	-1154.9287	1000.0	-72.10565	0.012074147	-71.531784	-72.10917	85000	0.075132206	1222.1292	-0.0060303733	-82.917725	9.178245	1.7262177	145.99661827087402
17	-1080.348	77.9383	-972.95636	-1209.1265	1000.0	-73.85783	0.0114361495	-73.51852	-73.86171	90000	0.16968183	1221.6276	-0.0077432543	-72.83972	9.21794	1.8204918	153.5822389125824
18	-995.99335	39.435238	-935.01447	-1041.2311	1000.0	-75.53726	0.011134279	-75.094666	-75.5407	95000	0.13884145	692.4432	-0.006058961	-34.884094	9.056958	1.7151402	161.4482717514038
19	-985.6696	67.14707	-907.8423	-1076.2566	1000.0	-76.753716	0.009974454	-76.33968	-76.75689	100000	0.10713062	703.8158	-0.004448168	-17.44336	9.25716	1.8107805	169.56246900558472
20	-964.38525	19.023611	-927.58606	-979.34033	1000.0	-77.63185	0.011554585	-77.047165	-77.63522	105000	0.08977975	545.9458	-0.00476902	-12.66803	9.078583	1.7045745	178.07874274253845
21	-1024.2783	66.256996	-937.1944	-1096.1307	1000.0	-78.38936	0.009660866	-78.03078	-78.392395	110000	0.12167339	796.3928	-0.00563477	-25.641846	9.123034	1.6789918	186.2734010219574
22	-950.9116	47.07486	-888.8262	-1014.86523	1000.0	-79.46479	0.011002782	-79.049995	-79.46817	115000	0.13092554	562.0809	-0.004363656	-8.760742	9.029939	1.5904999	194.2538115978241
23	-732.1396	346.33133	-45.089054	-982.8429	806.0	-80.14739	0.010641344	-79.76454	-80.150406	120000	0.17770362	474.211	-0.004862696	-0.32803345	9.026644	1.6530842	202.35309863090515
24	-673.3638	303.9131	-114.73701	-910.11993	757.0	-80.30711	0.01418554	-79.73477	-80.310875	125000	-0.0006048889	406.2914	-0.0045995726	-5.552826	9.031714	1.6179029	210.51169204711914
25	-909.44226	58.09894	-846.6296	-989.4041	1000.0	-80.174255	0.1998043	-72.1303	-80.19436	130000	0.15612192	541.1741	-0.0039788634	-0.66748047	9.053639	1.6837972	218.58240413665771
26	-873.0047	45.570908	-803.27594	-927.4078	1000.0	-80.13318	0.30464655	-65.40121	-80.16225	135000	0.15272877	474.2309	-0.005183503	-8.6145935	9.074953	1.6531856	226.6606957912445
27	-873.18176	41.10527	-843.6889	-954.62506	1000.0	-79.66487	1.7697154	-15.142666	-79.88293	140000	0.06448252	497.5922	-0.0059791356	-15.556702	8.977217	1.5919107	234.68118119239807
28	-831.0327	15.233881	-808.89594	-848.01086	1000.0	-78.870056	3.5080895	53.963627	-79.63387	145000	0.1588758	418.63416	-0.0038459897	-54.448456	9.025445	1.5826877	242.82468485832214
29	-795.90906	52.439316	-708.46277	-842.3985	1000.0	-75.126465	5.3420997	29.384365	-79.19021	150000	0.15114476	438.1011	-0.004207343	-67.629395	9.07834	1.6970707	250.9235553741455
30	-801.21124	78.73781	-645.33514	-857.1605	1000.0	-71.407166	5.301692	16.676113	-76.43336	155000	0.096993044	470.528	-0.003707692	-66.14432	8.832068	1.4430928	259.53054642677307
31	-781.1844	25.253054	-748.0518	-822.9616	1000.0	-71.01815	6.6067753	58.996696	-75.93631	160000	0.021297598	475.317	-0.003405802	-64.21344	9.013556	1.6377635	267.60786056518555
32	-543.62036	324.4542	-38.933605	-814.6756	720.6667	-69.44132	4.9462743	-17.917511	-76.70385	165000	0.05174397	408.56955	-0.0027016886	-68.69476	8.934345	1.5324557	275.6775984764099
33	-818.51855	110.53308	-682.9777	-941.3635	1000.0	-67.208275	6.866671	10.74824	-76.15981	170000	0.03139776	557.331	-0.002780255	-106.158295	8.915517	1.465291	283.70175671577454
34	-762.16125	38.970234	-719.5807	-829.45447	1000.0	-71.66888	3.6609278	-30.43363	-78.75913	175000	0.056042816	362.4131	-0.0033675097	-36.54898	9.056827	1.6312712	291.8829312324524
35	-756.9832	34.16595	-708.2659	-812.7116	1000.0	-68.16529	2.7354448	-48.700333	-78.149765	180000	-0.023392685	314.0458	-0.0023325346	-25.77182	9.011305	1.5638447	299.9524259567261
36	-778.72076	67.65587	-698.0525	-870.90424	1000.0	-68.7184	3.8575137	-39.90078	-78.75302	185000	0.10710901	378.2631	-0.0037001595	-34.31137	8.990283	1.5212255	307.3669226169586
37	-717.4968	28.740574	-688.9341	-763.03296	1000.0	-66.88912	3.3616831	-31.88808	-78.80204	190000	0.122459695	349.6615	-0.0034854785	-32.610474	8.99431	1.5717812	315.4610629081726
38	-723.1976	53.036205	-640.1268	-789.01636	1000.0	-65.48821	4.769912	-5.4267635	-78.68288	195000	0.12381008	388.969	-0.0034794435	-49.746643	8.934394	1.5155935	323.42331767082214
39	-741.0323	53.06418	-637.0605	-779.23944	1000.0	-64.900085	6.1429424	33.231564	-78.65926	200000	0.103379674	349.44925	-0.0035992935	-55.895813	8.948663	1.543789	331.7630777359009
40	-555.2315	244.0311	-67.90614	-700.3567	822.2	-66.01541	4.243722	45.30557	-78.74692	205000	0.024668006	376.2483	-0.002703486	-77.440186	8.968557	1.5606915	341.120644569397
41	-546.59143	255.95114	-62.290447	-785.43256	812.8	-59.726414	4.597977	9.759897	-78.10302	210000	0.016727418	414.60184	-0.0019108271	-68.79193	8.958078	1.519642	349.1868977546692
42	-660.9668	50.107704	-564.246	-700.10736	1000.0	-62.32312	6.7502537	42.931953	-78.632095	215000	0.18461812	313.6904	-0.0020992458	-67.0294	8.89975	1.4846938	357.24810886383057
43	-729.13104	66.47709	-647.3348	-807.7809	1000.0	-58.53684	4.910059	-13.3047285	-78.3312	220000	0.084596984	367.6103	-0.0025128648	-83.70618	8.873905	1.4671181	365.2969214916229
44	-625.39996	47.413258	-556.8372	-668.53314	1000.0	-64.915344	4.86032	2.2727304	-78.71768	225000	0.0841162	339.30017	-0.0037911907	-96.61224	9.01984	1.5595404	373.4487726688385
45	-654.1972	27.881042	-614.54565	-697.8486	1000.0	-57.802643	3.5057497	-6.0365586	-77.62022	230000	0.07530601	310.26083	-0.0022294149	-40.75302	8.865595	1.5079412	381.4618835449219
46	-671.28406	58.312637	-594.6245	-758.7713	1000.0	-58.33951	3.5094323	-26.359447	-78.16916	235000	0.05676377	319.48434	-0.0027059056	-21.873932	8.85962	1.4115665	389.6191580295563
47	-653.5459	47.092136	-596.63153	-739.3439	1000.0	-59.584286	4.4844007	-16.549685	-78.42487	240000	0.18587528	297.9995	-0.0021824539	-23.89441	8.962003	1.4974105	397.6815767288208
48	-584.8288	92.05943	-442.7561	-713.00757	1000.0	-58.024433	3.5477562	2.0589316	-77.90616	245000	0.03539733	436.4161	-0.0027127229	-93.57956	8.926913	1.5093375	405.8111310005188
49	-637.97064	65.54387	-540.2242	-736.56696	1000.0	-54.418137	6.2681823	36.967632	-77.6227	250000	-0.029685779	344.97906	-0.0024502147	-61.39615	8.8519535	1.4350657	413.9234039783478
50	-525.38947	250.66995	-40.109188	-710.9296	809.2	-57.036476	5.5630336	38.15323	-78.17868	255000	0.04310693	296.52124	-0.0016133189	-38.91214	8.862279	1.4483738	422.500150680542
51	-610.78815	68.91283	-498.98535	-707.1545	1000.0	-58.24325	4.1696224	-6.83643	-78.26574	260000	0.0128889615	306.2726	-0.0021469872	-42.233276	8.924871	1.5008625	430.8371913433075
52	-605.05115	33.764477	-550.0296	-647.3526	1000.0	-54.73147	3.7986681	-4.471897	-77.19286	265000	0.027553216	257.9478	-0.0024854597	-25.790985	8.857311	1.4246026	438.8607439994812
53	-645.0114	32.91066	-595.2724	-687.01	1000.0	-55.66092	3.7778728	-5.0351434	-77.62098	270000	0.040130753	304.48367	-0.0019661225	-30.166687	8.916528	1.4862787	446.8411021232605
54	-644.93536	31.825617	-611.00134	-689.7614	1000.0	-58.2516	3.4374053	-29.996988	-78.069695	275000	0.039558478	316.3951	-0.002347678	-36.22357	8.800407	1.3832115	454.8753595352173
55	-685.849	31.192913	-642.0092	-728.4006	1000.0	-57.02343	4.9188547	-12.342549	-78.0831	280000	0.011470319	260.21823	-0.0029954286	-52.1261	8.846432	1.3813945	462.87815141677856
56	-607.19635	50.46569	-518.0251	-656.08057	1000.0	-60.9812	5.4981503	-12.4295225	-78.390564	285000	0.09587187	325.00415	-0.0025731698	-91.66875	8.946188	1.5126152	470.96509313583374
57	-639.67395	46.97262	-577.2556	-710.4846	1000.0	-54.0382	4.8921733	-19.3583	-77.88809	290000	0.05153692	273.50656	-0.0022255555	-34.323868	8.925031	1.5198017	479.0486385822296
58	-630.2667	22.964401	-609.4474	-673.2786	1000.0	-56.47005	5.3170395	-6.640869	-78.139885	295000	0.034832604	297.16205	-0.0019520335	-32.953644	8.862402	1.4332461	487.0623834133148
59	-589.2966	41.942493	-534.45886	-657.10144	1000.0	-55.093105	3.1856785	-18.826391	-78.20131	300000	-0.01660505	240.0963	-0.0022169836	-15.27327	8.868029	1.4173397	494.98726058006287
60	-628.8392	91.47151	-506.56567	-750.14136	1000.0	-54.225555	4.1434927	-11.2726965	-77.93769	305000	-0.0010651428	436.9499	-0.001573796	-76.2016	8.882439	1.4378968	503.7769687175751
61	-633.68787	45.37617	-581.77277	-704.4067	1000.0	-54.49503	5.5007067	-17.315052	-77.953705	310000	-0.008024433	319.5629	-0.0019496363	-43.17816	8.929342	1.4577554	511.8500225543976
62	-622.95905	29.42622	-569.66254	-659.88666	1000.0	-56.181873	5.964623	-25.86751	-78.17878	315000	0.019293875	212.88397	-0.0021193381	-23.613571	8.77177	1.3807536	520.0416991710663
63	-618.0331	65.67802	-526.3173	-724.40686	1000.0	-55.150738	5.477755	-28.371529	-78.0726	320000	-0.0434074	364.04465	-0.0014023967	-51.370728	8.864586	1.4058452	528.0606822967529
64	-609.8296	35.59297	-562.45856	-667.4434	1000.0	-55.248177	6.475133	-19.460869	-78.32989	325000	0.022327911	281.80685	-0.0019239429	-56.368057	8.893467	1.4597759	535.9809136390686
65	-639.87885	50.2854	-565.2009	-716.40326	1000.0	-54.180325	3.5799685	-12.18238	-78.52868	330000	-0.08704223	255.926	-0.0012317449	-49.512268	8.755036	1.2685895	543.8948683738708
66	-589.3283	64.5455	-517.3036	-704.43835	1000.0	-56.966763	6.576002	-6.958832	-78.75786	335000	0.055164445	276.4752	-0.002360344	-46.111343	8.834198	1.3981991	552.1307184696198
67	-563.0355	57.985615	-499.14722	-667.2174	1000.0	-53.96931	6.662417	18.017445	-78.0266	340000	0.069325596	334.1675	-0.001652129	-111.78136	8.743814	1.3291551	560.2609167098999
68	-585.44763	38.571835	-532.2692	-652.7398	1000.0	-50.22343	5.424174	27.75775	-76.77724	345000	0.11769447	249.2882	-0.00228481	-66.29787	8.846795	1.4066746	568.0423753261566
69	-590.0951	60.285538	-532.88214	-703.8132	1000.0	-52.63244	3.6852727	9.402302	-77.2401	350000	-0.020252358	229.9158	-0.0018596202	-22.010712	8.848903	1.3893085	576.0265769958496
70	-615.0416	58.247204	-508.26086	-667.91174	1000.0	-52.88243	4.4446416	-24.206537	-77.543335	355000	-0.11580226	270.02368	-0.0014115348	-34.014435	8.827997	1.3778281	584.61390209198
71	-616.9115	66.36593	-539.01544	-734.4928	1000.0	-54.948788	5.5180726	-16.393976	-78.02235	360000	0.034709096	240.54214	-0.0018304139	-27.938995	8.779938	1.354668	592.3724730014801
72	-569.2826	33.01964	-536.0769	-631.0864	1000.0	-53.859463	6.0075507	-7.814486	-77.98832	365000	0.07686135	231.81685	-0.0020276085	-33.84778	8.804538	1.3893851	600.3183760643005
73	-613.8068	45.54554	-567.69275	-687.1667	1000.0	-52.43896	5.4434104	0.6918919	-76.939644	370000	-0.003266031	233.21555	-0.0018074648	-27.949768	8.846545	1.4085988	608.316041469574
74	-490.6236	243.96999	-22.394638	-655.5354	813.6	-52.802967	4.670891	-31.55071	-77.546974	375000	0.039122205	276.63965	-0.0016274415	-39.27629	8.792119	1.3304363	616.3352160453796
75	-546.0242	57.337315	-480.98456	-613.56305	1000.0	-52.558987	5.0013237	28.792994	-77.66544	380000	-0.006266986	315.5349	-0.002106334	-90.216156	8.827761	1.3689989	624.4234108924866
76	-620.3392	79.39568	-549.05255	-767.0708	1000.0	-49.893063	5.974014	25.877441	-74.03377	385000	0.026882404	438.0342	-0.0018144902	-138.7544	8.826999	1.3385272	632.5524604320526
77	-573.62823	46.663372	-509.9674	-619.1369	1000.0	-55.99735	6.1038113	4.2006755	-78.845085	390000	-0.04739663	231.8127	-0.0016050898	-45.26599	8.7548	1.3294291	640.5489082336426
78	-539.60144	43.45977	-488.55566	-599.8871	1000.0	-52.687763	5.1710515	-4.840088	-77.8464	395000	0.005722383	263.59152	-0.0020201278	-66.40497	8.893402	1.4161153	649.1356608867645
79	-536.2018	31.957687	-489.77954	-574.883	1000.0	-49.22292	3.8453581	-6.106955	-69.93909	400000	0.014599182	198.88876	-0.0012463862	-24.75151	8.720681	1.3324238	657.3649904727936
80	-560.2849	30.219444	-504.84097	-595.87854	1000.0	-49.045242	3.6712961	4.7831383	-74.439705	405000	0.052818567	209.19354	-0.0022771694	-27.95314	8.797138	1.3916309	666.0903694629669
81	-580.7435	56.70986	-482.62372	-647.32043	1000.0	-50.388332	4.1647825	-12.136365	-73.993835	410000	0.09283618	228.96715	-0.0016252398	-23.201843	8.892962	1.4041115	674.0788702964783
82	-614.9594	91.823784	-519.242	-783.1745	1000.0	-51.41372	5.0469584	6.6047945	-76.88711	415000	-0.07684834	435.6565	-0.0017156824	-105.16705	8.806276	1.3947787	682.269998550415
83	-573.04285	56.830956	-480.26416	-630.7335	1000.0	-51.79374	7.1508627	-25.81506	-78.182755	420000	0.019809388	251.25854	-0.0027766917	-36.277588	8.801728	1.323259	690.2330758571625
84	-589.231	54.198757	-521.0941	-672.35406	1000.0	-51.79961	5.0605435	-18.053677	-78.22404	425000	0.01777937	214.0776	-0.0015681423	-23.8667	8.742635	1.3283372	697.9182991981506
85	-619.1151	41.749443	-540.73004	-651.8442	1000.0	-52.581882	5.746719	-16.8232	-78.476715	430000	0.018146696	286.6121	-0.0016421508	-48.80899	8.816717	1.3819684	705.8754975795746
86	-574.7764	36.061092	-530.5553	-640.5335	1000.0	-54.327213	6.0494375	-31.56871	-78.86633	435000	0.06534745	193.52885	-0.0016307682	-32.350082	8.717284	1.2932115	713.751505613327
87	-542.2978	19.26659	-524.5692	-578.3957	1000.0	-52.624058	5.6532845	-26.647446	-78.54706	440000	0.068328805	245.22475	-0.002149716	-40.68315	8.753703	1.3374641	721.7143964767456
88	-601.1489	37.758015	-569.41016	-674.0823	1000.0	-49.559517	6.1213384	-23.79859	-77.43508	445000	0.015224191	240.28125	-0.0018365467	-34.094376	8.740147	1.3140447	729.6370785236359
89	-570.6525	82.35634	-432.39783	-658.4297	1000.0	-50.543575	5.2775407	2.6708825	-78.020905	450000	0.020361807	236.2021	-0.0014667213	-27.50821	8.914819	1.4380552	737.7776362895966
90	-564.10724	61.30325	-482.53824	-628.8964	1000.0	-50.912193	6.4150243	5.5185285	-78.30699	455000	0.13533306	230.85216	-0.0026937425	-51.641922	8.735158	1.3363687	746.4058632850647
91	-546.7485	56.498573	-494.21997	-651.84796	1000.0	-50.80248	4.106691	-14.157754	-76.8721	460000	0.08821022	296.3865	-0.0017738193	-50.84926	8.827112	1.4001713	754.3043954372406
92	-559.2592	42.494404	-515.3648	-631.49023	1000.0	-49.62953	5.7306004	3.5842998	-78.21929	465000	0.029184895	249.72777	-0.0018530805	-39.293	8.844102	1.3680761	762.1642785072327
93	-562.6217	47.304394	-508.57974	-647.8906	1000.0	-49.784985	3.9809036	-5.318479	-78.1059	470000	0.0031010376	205.64285	-0.0019283539	-17.252579	8.885588	1.4125983	770.1143372058868
94	-577.2201	44.63644	-523.1229	-640.1845	1000.0	-50.28634	4.18453	-15.378483	-77.78649	475000	0.026362918	251.13893	-0.0017622933	-28.227478	8.801995	1.3453381	778.0367388725281
95	-538.9002	54.843864	-457.92133	-600.99426	1000.0	-51.787342	5.5227075	-7.4167457	-78.86875	480000	-0.027266247	261.9268	-0.0017268918	-44.899292	8.8155155	1.4052621	786.0138342380524
96	-596.415	77.262054	-505.12405	-731.8576	1000.0	-48.168446	4.2374797	-1.6188381	-75.72866	485000	-0.00084227603	405.26938	-0.0012939849	-72.90137	8.778957	1.3338404	793.960857629776
97	-527.06964	68.761986	-416.82782	-614.1371	1000.0	-50.713505	4.6312866	1.3625685	-79.33315	490000	0.042847514	275.98364	-0.0016567223	-47.903442	8.902632	1.4409252	801.9178333282471
98	-582.0604	50.570446	-500.01163	-638.417	1000.0	-47.074	4.8932705	26.817924	-78.067535	495000	-0.05525343	310.70673	-0.0024974123	-81.41882	8.805377	1.3173676	809.9400944709778
99	-543.5949	53.40288	-500.43228	-646.8317	1000.0	-52.30029	7.553163	-2.6956987	-79.38747	500000	0.0029111633	298.8809	-0.0014203674	-59.985764	8.813942	1.3550127	817.8870692253113
100	-551.2736	21.145973	-509.5609	-568.4488	1000.0	-48.99476	4.278987	3.4259784	-77.99477	505000	0.012934704	216.67288	-0.0016848752	-24.349945	8.824232	1.3071141	826.5108125209808
101	-583.6173	15.785733	-558.30304	-600.3666	1000.0	-50.084095	4.4675746	-11.723561	-78.65159	510000	-0.009996066	212.3029	-0.0016555088	-29.769516	8.832695	1.3402662	834.554060459137
102	-548.9789	77.316	-437.8766	-671.76495	1000.0	-50.57942	5.299853	-6.109306	-79.11903	515000	0.062374126	306.38287	-0.0021607056	-62.189972	8.838554	1.3967861	842.365407705307
103	-522.2078	46.064026	-455.0128	-591.82605	1000.0	-47.64654	5.52429	4.764798	-78.53972	520000	-0.015775617	260.20712	-0.0017174091	-43.05597	8.721199	1.2969984	850.0735394954681
104	-540.5797	96.38808	-409.40524	-692.62805	1000.0	-46.49555	3.9911144	15.098421	-70.845085	525000	0.078122	343.4538	-0.002017513	-88.5172	8.843437	1.3260357	858.1359777450562
105	-548.8664	49.186485	-476.5226	-610.40283	1000.0	-51.630783	7.2994213	54.029167	-80.89721	530000	-0.02248208	290.6031	-0.0014236867	-55.97499	8.784286	1.3252254	865.3756859302521
106	-556.9868	43.598343	-504.18475	-630.8148	1000.0	-49.0802	5.442096	-2.946583	-79.30569	535000	0.006557529	189.8085	-0.0026037781	-32.197372	8.757881	1.3151559	872.5543873310089
107	-550.1456	28.88476	-518.6086	-592.525	1000.0	-49.513046	7.4748406	0.745295	-79.04491	540000	0.039244067	258.16605	-0.0016107745	-36.51802	8.756867	1.2711895	880.4364938735962
108	-524.3332	44.643417	-466.33218	-566.1981	1000.0	-49.71638	4.8323464	7.8097043	-79.39326	545000	-0.035187647	185.2196	-0.0017180219	-40.838425	8.737739	1.2894245	888.2472882270813
109	-535.6565	27.406786	-502.0415	-562.2076	1000.0	-47.982426	4.115013	2.5857463	-77.4702	550000	-0.019683065	191.76813	-0.0018345434	-33.208527	8.792496	1.3658636	896.3124446868896
110	-569.78986	38.24101	-504.36212	-620.8093	1000.0	-47.72895	4.411581	-25.81482	-77.633995	555000	0.03670887	176.40094	-0.0017601512	-29.044312	8.829625	1.3556306	905.1594715118408
111	-522.60565	43.25176	-451.6264	-575.1266	944.2	-52.33443	6.332564	-1.170999	-78.614624	560000	0.027060926	284.94113	-0.0012709424	-60.684326	8.753262	1.3285152	913.0667395591736
112	-560.1244	14.04612	-544.52167	-585.4862	1000.0	-48.94963	4.682393	4.7481804	-77.479614	565000	0.008772026	267.20874	-0.0015095426	-34.646683	8.867953	1.3455449	921.0025396347046
113	-542.92285	101.988235	-430.9842	-709.4867	1000.0	-49.354313	5.340195	-12.004581	-78.74642	570000	-0.019693417	388.20355	-0.0022463668	-101.40051	8.731913	1.3443577	928.9593770503998
114	-577.69934	76.85521	-479.9731	-679.5634	1000.0	-48.79203	9.688477	25.931036	-79.7611	575000	0.022799125	318.701	-0.0018314049	-79.234985	8.876134	1.4103205	937.0615637302399
115	-465.87402	96.82187	-290.20395	-553.68536	1000.0	-50.54332	7.0906763	-8.913938	-80.400955	580000	0.050228298	548.2139	-0.0016908944	-292.07544	8.766365	1.3369043	945.0752460956573
116	-580.7187	41.437466	-506.3523	-620.255	1000.0	-43.085445	10.043444	23.899847	-68.73471	585000	0.011061279	480.86435	-0.0014314754	-258.16473	8.851666	1.3727691	953.1972455978394
117	-552.2697	63.826366	-470.4482	-632.76825	1000.0	-50.72265	4.211406	-24.430912	-80.04158	590000	0.029336331	319.73477	-0.0017677546	-39.639618	8.84241	1.3485088	961.9201962947845
118	-589.8258	84.392136	-436.41953	-677.22253	1000.0	-51.41382	7.5057654	-14.137587	-81.407616	595000	-0.023312015	453.41165	-0.0018219445	-67.19156	8.831403	1.3378603	969.9119954109192
119	-543.7346	38.3547	-487.20822	-585.0123	1000.0	-49.747158	6.4249787	-31.955933	-82.86152	600000	0.016100584	190.62512	-0.001557474	-26.629135	8.784544	1.3358644	977.7923555374146
120	-514.93005	27.253832	-478.6002	-560.5133	1000.0	-47.942093	6.583654	-14.150577	-82.59125	605000	0.11007816	210.49535	-0.0015708655	-34.429214	8.757526	1.3290235	986.3962786197662
121	-485.07138	18.136251	-462.76987	-516.7274	1000.0	-45.77883	4.734365	20.897839	-79.14312	610000	-0.03355583	274.0786	-0.0019369982	-34.711166	8.790981	1.3505019	994.2307653427124
122	-533.7149	62.24819	-422.91922	-588.68744	1000.0	-44.575603	3.393968	-2.3654022	-73.427315	615000	0.001641156	272.3281	-0.002315808	-49.95169	8.798736	1.3478255	1002.3222312927246
123	-544.075	24.959057	-496.99124	-568.134	1000.0	-48.95118	4.603153	-2.9112916	-82.71683	620000	-0.086975224	310.60455	-0.0016576946	-35.56476	8.81065	1.3252248	1009.8130760192871
124	-554.65735	54.474625	-495.44476	-647.09796	1000.0	-50.134712	4.408148	-16.59782	-83.06393	625000	0.064943016	246.4403	-0.0014064461	-34.524963	8.80071	1.3588936	1017.7141530513763
125	-535.7853	32.432446	-497.6084	-576.82275	1000.0	-48.764164	4.615399	-11.649829	-83.01779	630000	-0.029822696	220.60347	-0.0016534142	-21.768127	8.793916	1.3261192	1025.7327690124512
126	-487.20175	17.983809	-456.49286	-506.2084	1000.0	-48.296856	4.1368446	3.2832618	-81.744675	635000	0.017158952	253.95947	-0.0011518653	-38.770172	8.821774	1.3596842	1033.8839132785797
127	-529.63086	47.576744	-434.92075	-560.64044	1000.0	-45.431606	4.0243554	26.964006	-79.82909	640000	-0.04441816	236.93492	-0.0013726428	-28.790604	8.766825	1.3063444	1042.1130182743073
128	-552.83246	75.28035	-432.45404	-659.0858	1000.0	-47.45635	4.4158936	45.279194	-77.917145	645000	0.040012732	343.3553	-0.0012851544	-84.19055	8.773418	1.3191531	1050.0619592666626
129	-551.7501	64.632614	-468.43857	-644.0643	1000.0	-48.47977	5.623364	-8.250747	-82.01891	650000	0.04257204	242.6671	-0.0014357679	-27.700546	8.875043	1.3830963	1058.048353433609
130	-570.8534	49.437607	-520.8819	-658.3631	1000.0	-49.16475	5.076107	-6.896531	-82.48516	655000	0.07620365	192.10712	-0.0023955107	-27.794312	8.762042	1.3111482	1066.7241294384003
131	-523.36847	23.26117	-495.1093	-559.4693	1000.0	-50.550804	6.352799	-21.428442	-83.4691	660000	0.11978147	237.55522	-0.0017823353	-45.066406	8.672812	1.203708	1074.5488059520721
132	-541.3228	84.99641	-377.80817	-611.69025	1000.0	-47.353336	4.467236	-2.7854955	-79.74843	665000	0.043632433	408.83167	-0.0012754127	-109.344604	8.826524	1.3192817	1082.5582435131073
133	-594.57227	66.5686	-496.90338	-687.04517	1000.0	-49.87468	7.7885623	34.857323	-82.38821	670000	0.010866553	339.54782	-0.0020711794	-111.5715	8.778599	1.296594	1090.385192155838
134	-570.5767	41.751656	-507.71478	-626.4876	1000.0	-49.1866	6.5366793	-34.13439	-82.86101	675000	-0.041932013	167.47083	-0.0015566759	-20.781357	8.784914	1.2878593	1098.4479429721832
135	-507.35635	37.07034	-459.56165	-567.25964	1000.0	-49.823765	7.711728	-12.151812	-83.38662	680000	0.06036579	280.13922	-0.0024821162	-91.31906	8.799772	1.3401607	1106.337586402893
136	-565.2457	37.085243	-515.233	-616.94507	1000.0	-45.45434	3.5771573	10.389807	-79.33497	685000	-0.14569703	319.07605	-0.001723066	-69.83122	8.816622	1.3128163	1114.3121514320374
137	-530.94586	28.069242	-485.6114	-561.8004	1000.0	-50.2691	4.179812	2.8727522	-81.669464	690000	0.00052285154	158.62823	-0.0010608535	-21.970688	8.748509	1.2686431	1122.324643611908
138	-547.6532	84.010376	-386.99704	-631.9296	1000.0	-49.578094	4.4897213	10.239222	-81.86554	695000	-0.026357468	304.82205	-0.0016260576	-69.77826	8.837766	1.3389442	1130.108609676361
139	-572.0119	73.48415	-451.60864	-672.082	1000.0	-50.33432	4.772862	20.305689	-75.49416	700000	0.0044883043	365.022	-0.0015756197	-84.85657	8.747634	1.2918055	1138.0075886249542
140	-524.72144	49.30815	-470.73596	-612.47644	1000.0	-51.40935	6.846074	-1.567713	-84.88824	705000	0.1232378	241.01645	-0.0019277334	-67.330154	8.906977	1.382129	1146.762946844101
141	-513.39685	20.62219	-490.91675	-540.6497	1000.0	-46.26037	4.798319	13.27565	-81.05862	710000	0.08903334	236.52455	-0.0018553734	-35.336334	8.816894	1.3513069	1154.6297488212585
142	-563.1373	68.39088	-490.33682	-683.61523	1000.0	-46.70899	4.7853494	-10.87853	-82.458466	715000	0.058553424	323.4945	-0.0015693344	-72.27971	8.76141	1.3151741	1162.4051325321198
143	-489.17416	134.02258	-228.24155	-613.548	1000.0	-48.184914	7.6042957	5.9877996	-84.63146	720000	0.006298236	513.07855	-0.0014285757	-210.49814	8.82065	1.3482512	1170.2290244102478
144	-514.76056	42.37285	-452.28143	-583.40454	1000.0	-44.227863	6.803521	33.980377	-75.47215	725000	0.023384733	229.82312	-0.0025803614	-57.53804	8.710605	1.2456431	1178.157428741455
145	-526.873	75.1	-415.551	-630.9782	1000.0	-46.357315	4.635902	-0.5286471	-80.84437	730000	-0.008600705	267.13333	-0.0023766449	-36.301086	8.785387	1.316815	1186.2690682411194
146	-516.9978	58.546486	-430.0167	-594.0814	1000.0	-46.1715	5.426008	11.400457	-83.25516	735000	0.035830062	237.85475	-0.0023739524	-34.85498	8.831939	1.3924992	1194.3140902519226
147	-529.0411	55.523674	-467.5032	-620.1139	1000.0	-45.482708	4.4704494	1.1215804	-81.31261	740000	0.012364853	202.6	-0.0015666233	-24.359467	8.837103	1.3654938	1202.188244819641
148	-552.2324	26.956884	-510.03592	-591.23987	1000.0	-47.251583	4.9546037	-14.531528	-83.22866	745000	0.06572952	254.84915	-0.0018242374	-34.092484	8.845473	1.355353	1210.061145067215
149	-540.99756	44.09565	-489.5568	-619.3858	1000.0	-49.95373	5.5260205	-5.6308208	-84.37831	750000	0.060254425	247.68945	-0.0016955994	-34.76935	8.814316	1.3388923	1217.9700832366943
150	-562.37244	64.304855	-482.0889	-627.193	1000.0	-49.836193	5.984425	-14.053433	-83.572014	755000	0.019082606	221.7876	-0.0015953798	-30.830627	8.726573	1.2550095	1226.5135157108307
151	-511.3514	55.04874	-445.9197	-605.9606	1000.0	-48.024708	5.420563	-24.147306	-83.00212	760000	0.086927556	200.80446	-0.002157338	-27.91394	8.723938	1.31037	1234.5510075092316
152	-557.5862	73.94491	-471.73456	-684.9579	1000.0	-45.867405	6.374473	-0.46700355	-78.19342	765000	-0.07010509	312.12735	-0.0011406094	-59.096146	8.780786	1.3045366	1242.6733062267303
153	-517.91376	30.78038	-481.1707	-571.92285	1000.0	-49.29906	5.777043	-5.096915	-83.36825	770000	-0.063288055	194.08755	-0.0018293634	-31.600754	8.781788	1.3351787	1250.5432238578796
154	-494.94116	20.041616	-470.69376	-531.318	1000.0	-46.30134	4.063598	-6.1270285	-72.62239	775000	0.016459774	206.1746	-0.001992382	-21.1922	8.754885	1.3251864	1258.7353072166443
155	-498.34937	50.465435	-419.50415	-543.63715	1000.0	-44.925426	3.497551	-11.66672	-73.47561	780000	0.07423986	248.5115	-0.00080530345	-35.42688	8.794565	1.3249153	1266.9997777938843
156	-558.7337	94.925	-415.94495	-696.9009	1000.0	-46.889557	5.22603	2.178167	-79.79023	785000	0.042183407	317.64194	-0.0016184077	-67.38689	8.809166	1.3217727	1275.27823472023
157	-491.19482	51.680614	-391.45032	-539.91254	1000.0	-50.136738	8.228005	8.313388	-85.40303	790000	0.056543764	359.8289	-0.0017154329	-88.41513	8.809475	1.3616784	1283.303138256073
158	-539.17285	32.855274	-492.08722	-584.1921	1000.0	-44.69331	4.06415	-21.282686	-72.75356	795000	0.06007893	230.0242	-0.0016587079	-51.129425	8.789228	1.3283536	1291.3273966312408
159	-523.87396	60.69684	-456.8087	-620.7319	1000.0	-49.033855	6.350208	-18.764614	-84.065094	800000	0.063991055	236.19475	-0.0015902184	-52.306168	8.840149	1.3995974	1299.2563633918762
160	-511.01202	55.09214	-418.159	-569.6302	1000.0	-45.933174	7.234566	-27.078428	-83.505844	805000	0.041199133	204.14087	-0.0019624382	-47.036057	8.805135	1.3286865	1308.0766732692719
161	-521.7476	34.64891	-470.30746	-553.81335	1000.0	-46.662804	4.139375	-12.677387	-79.55023	810000	-0.044232234	247.4326	-0.001816541	-48.38173	8.748711	1.2768055	1316.0517284870148
162	-507.31598	44.085335	-427.49832	-549.2958	1000.0	-46.720314	8.090066	-17.969233	-83.14129	815000	-0.014154074	195.9721	-0.0016292883	-46.181015	8.805186	1.3605399	1323.8779306411743
163	-517.31494	41.884266	-467.73276	-583.45374	1000.0	-45.438988	4.2848034	5.7381096	-78.65387	820000	0.027757062	195.51433	-0.0017686468	-26.71666	8.800203	1.3327284	1331.8105626106262
164	-548.23035	64.30773	-463.64316	-637.99854	1000.0	-47.3479	6.362905	-26.537466	-81.17308	825000	0.0051939604	284.4767	-0.0017974363	-53.232513	8.81401	1.3211936	1339.7565219402313
165	-551.5996	46.41786	-507.59808	-640.06323	1000.0	-48.398247	7.6211963	-21.464157	-83.65975	830000	0.033845518	213.62172	-0.0021486394	-34.00598	8.769205	1.2790494	1347.9529027938843
166	-540.59485	49.239056	-453.50485	-602.63904	1000.0	-49.430016	9.29703	-15.445769	-84.26855	835000	0.038171377	268.4626	-0.0016371347	-68.30289	8.799993	1.3301591	1355.8189611434937
167	-490.9794	100.47942	-382.20584	-637.84894	1000.0	-47.669	8.774806	37.436302	-82.807014	840000	0.0081036715	340.51053	-0.0013175141	-113.35715	8.841039	1.3634458	1363.789800643921
168	-512.7986	73.06753	-448.8519	-648.4548	1000.0	-45.26269	7.562752	32.931118	-82.951096	845000	-0.00024366454	352.9948	-0.0016840575	-102.80916	8.880795	1.3797168	1372.0044865608215
169	-507.22208	68.86642	-407.11887	-618.8298	1000.0	-46.35458	6.3771544	13.798902	-84.296104	850000	0.032124866	280.2483	-0.001514947	-76.3018	8.752389	1.2863172	1379.8790173530579
170	-548.9785	26.466866	-511.391	-590.0217	1000.0	-46.449955	5.6285305	0.34261125	-81.497475	855000	0.021928884	231.14893	-0.002133647	-59.759293	8.827029	1.3558217	1388.5996870994568
171	-517.7304	42.16798	-456.1044	-576.6773	1000.0	-48.558155	7.7212296	-16.340788	-83.85156	860000	0.023089666	236.6887	-0.0014368147	-48.35852	8.835721	1.3546082	1396.5146815776825
172	-542.6226	65.36978	-423.72626	-614.8444	1000.0	-46.88007	4.8166766	-0.813062	-77.31441	865000	0.057700194	269.01746	-0.001697667	-57.261963	8.7959175	1.2948757	1404.410092830658
173	-536.7633	39.906353	-499.8798	-603.1481	1000.0	-46.963367	5.1633253	-6.9076276	-84.375984	870000	-0.043948278	220.13635	-0.0017755851	-54.41603	8.799442	1.3713713	1412.3870034217834
174	-475.9576	62.050583	-395.82376	-566.5891	1000.0	-46.318195	7.289817	1.3328428	-82.642006	875000	0.008861316	312.3073	-0.0017118659	-72.31741	8.753096	1.3180807	1420.3682618141174
175	-503.0834	42.22168	-422.02	-532.68756	1000.0	-43.783157	5.655187	21.418333	-79.29147	880000	-0.0010141144	257.33203	-0.0019552673	-49.54872	8.796084	1.2868704	1428.4086298942566
176	-516.7814	44.36819	-463.45187	-573.8897	1000.0	-46.325607	5.1363683	3.9412007	-83.98228	885000	0.034833923	201.80406	-0.0015193708	-51.266693	8.670047	1.2227532	1436.4823956489563
177	-519.70013	58.0958	-438.52835	-604.4448	1000.0	-47.46817	4.42696	1.1469027	-82.145905	890000	0.090763584	239.3839	-0.0019383729	-38.96135	8.771309	1.2793767	1444.6424255371094
178	-471.77423	45.40968	-422.59473	-540.1013	1000.0	-45.49357	5.0931563	30.236849	-80.97659	895000	0.07545913	290.06738	-0.001614213	-76.83786	8.901157	1.3861233	1452.5946748256683
179	-491.1001	46.655483	-437.55798	-577.05615	1000.0	-42.575794	6.372872	23.71238	-63.341087	900000	-0.05632528	244.277	-0.0021119155	-59.842773	8.785773	1.299814	1460.640541791916
180	-503.89874	49.197693	-437.96268	-578.9069	1000.0	-46.79735	2.858767	-19.018448	-65.08231	905000	0.0047084917	198.65933	-0.0015387246	-24.708405	8.730475	1.276731	1469.6086328029633
181	-518.5238	39.337715	-458.5063	-573.5722	1000.0	-44.73604	3.531736	3.3113894	-74.21427	910000	-0.07927884	222.86047	-0.001421161	-28.350647	8.809646	1.3042709	1477.3026826381683
182	-528.7721	42.003212	-464.1196	-569.28174	1000.0	-46.39665	3.6441429	-5.240769	-80.44506	915000	-0.13979302	218.14117	-0.0009587556	-39.147842	8.787662	1.2827941	1485.2578239440918
183	-533.3097	16.318977	-512.64716	-560.05273	1000.0	-47.43383	4.115121	2.547751	-65.70328	920000	0.042360738	170.20969	-0.0019254759	-25.945312	8.748056	1.2243558	1493.2489347457886
184	-548.75964	53.548897	-453.08948	-605.9725	1000.0	-48.771988	4.1724076	-26.255592	-77.91316	925000	-0.040797178	248.34225	-0.0016225912	-59.63655	8.8086815	1.3243173	1501.227279663086
185	-533.4994	32.98004	-484.88754	-579.6449	1000.0	-45.990314	5.3651958	-16.60685	-80.06428	930000	-0.0063764374	205.76836	-0.0015721614	-29.4469	8.7404995	1.2707355	1509.1287906169891
186	-498.8609	35.20962	-458.2663	-551.8828	1000.0	-48.567116	5.08712	-21.33317	-80.74021	935000	0.019274939	241.83125	-0.0011415742	-60.21292	8.680203	1.2192698	1516.9333279132843
187	-489.80576	55.74061	-429.04233	-563.3833	1000.0	-45.76316	4.764238	-11.525556	-77.37132	940000	0.09435402	219.4098	-0.001778543	-45.254974	8.865592	1.3550918	1524.6189258098602
188	-541.2357	52.103767	-470.61362	-609.78516	1000.0	-45.306213	4.803284	-5.5998	-78.303535	945000	-0.0042250785	291.91864	-0.0011390885	-62.211044	8.717126	1.247219	1532.48286485672
189	-488.94073	63.52093	-414.74963	-582.82306	1000.0	-48.9547	5.3722153	-7.2371573	-82.1834	950000	0.0448672	313.48975	-0.0015315004	-112.714645	8.836506	1.323059	1540.4139149188995
190	-493.25885	24.121836	-449.75537	-521.4688	1000.0	-43.400875	4.864198	-1.5455533	-68.05899	955000	-0.030089948	197.04202	-0.0019755661	-35.41652	8.711838	1.2141105	1548.9826564788818
191	-513.4679	27.855299	-489.78287	-559.4777	1000.0	-44.74182	3.2341049	-12.232494	-67.80891	960000	0.03573756	155.08075	-0.0015480071	-19.137314	8.768712	1.2680409	1556.3063516616821
192	-524.90015	32.177853	-490.79013	-581.2019	1000.0	-45.992306	2.8949516	-17.306023	-66.80313	965000	0.027458094	172.62213	-0.0014711581	-31.021042	8.724791	1.2609707	1564.1757938861847
193	-503.4135	47.236855	-435.463	-548.49115	1000.0	-47.871	3.8766425	-21.290874	-76.42083	970000	-0.01043974	211.51292	-0.0015667379	-31.899506	8.815809	1.3092009	1572.3591938018799
194	-494.60394	34.206394	-450.8008	-550.16626	1000.0	-44.72382	2.9459612	-20.919886	-65.43792	975000	0.003938794	188.95097	-0.0013967471	-22.859879	8.6841	1.1991578	1580.846165895462
195	-501.08505	58.94008	-405.514	-573.77075	1000.0	-45.191574	3.463131	8.138939	-68.54792	980000	0.0022667237	224.45296	-0.0013973939	-30.416428	8.726788	1.2485994	1588.9956848621368
196	-496.2793	39.760456	-443.737	-544.97656	1000.0	-46.27833	3.8599062	-0.87610096	-68.753815	985000	-0.02966189	215.1695	-0.0015015621	-56.429016	8.759523	1.3309622	1597.0567276477814
197	-522.3223	83.700066	-363.90118	-613.0654	1000.0	-43.110363	4.727254	-7.586108	-75.95776	990000	-0.084047265	313.29916	-0.0007881969	-71.86197	8.675015	1.1876336	1604.718608379364
198	-550.961	46.291447	-511.60977	-639.9298	1000.0	-47.54099	5.2781215	-23.336134	-81.96069	995000	-0.009278606	254.23425	-0.0013206294	-42.47986	8.7223	1.2338631	1612.2980780601501
199	-472.5005	38.459557	-431.8294	-541.3459	1000.0	-48.988052	5.896601	-28.772877	-87.62778	1000000	-0.018685251	183.48967	-0.0012682006	-74.366646	8.75713	1.3075159	1620.2124786376953
200	-540.0842	33.81363	-505.53366	-599.65063	1000.0	-42.25495	4.626165	-0.5473592	-79.923706	1005000	-0.028006313	224.97943	-0.002204487	-56.69536	8.77475	1.2606492	1629.1777231693268
201	-492.2635	31.148293	-443.1878	-532.31085	1000.0	-46.713387	5.259941	-26.35358	-82.12109	1010000	0.0068587526	225.86345	-0.00082415156	-30.595016	8.763974	1.2627372	1636.9755177497864
202	-496.75873	58.459923	-425.46027	-591.3625	1000.0	-45.549633	5.6974087	-29.540035	-79.882935	1015000	0.034512237	253.12895	-0.0010967627	-43.23175	8.765764	1.3097047	1644.955693244934
203	-532.2643	69.608	-435.2234	-648.06396	1000.0	-43.67861	3.7072163	-11.790182	-81.05288	1020000	0.033361778	367.99506	-0.0014767312	-111.41394	8.754506	1.2477115	1653.0474257469177
204	-520.7844	42.535465	-469.56223	-595.18976	1000.0	-47.854355	5.5750394	5.980698	-83.35372	1025000	0.036335766	200.83163	-0.0009678155	-67.36159	8.703152	1.2706054	1660.9488275051117
205	-522.3542	39.918415	-481.8362	-597.71277	1000.0	-46.176544	5.945493	-18.861479	-86.15543	1030000	0.03272913	205.87662	-0.0014174096	-28.846466	8.796714	1.3178493	1668.9562480449677
206	-536.0524	22.62911	-508.68478	-572.8743	1000.0	-46.22158	5.1635036	-16.81307	-79.85749	1035000	0.14069484	262.35123	-0.0014935732	-43.139008	8.701317	1.1869006	1676.927365064621
207	-505.4955	27.635672	-468.38388	-549.2218	1000.0	-47.674683	3.8501108	-16.145025	-69.293724	1040000	0.0032271973	163.24167	-0.0014860536	-22.062943	8.751073	1.2687275	1684.8793251514435
208	-533.82446	75.51608	-417.69138	-646.9712	1000.0	-46.030968	3.9471796	-16.784374	-73.331535	1045000	-0.06500658	328.9563	-0.0016429275	-88.145905	8.815787	1.3127431	1692.812400817871
209	-486.28833	71.406075	-399.84323	-571.25775	1000.0	-46.956573	7.801731	10.741985	-86.65301	1050000	0.028860595	303.1003	-0.001350237	-77.195786	8.798257	1.3114176	1700.7884125709534
210	-508.70526	101.99132	-388.36145	-645.7898	1000.0	-43.397617	6.5684304	14.748237	-81.59752	1055000	0.007521652	343.58865	-0.0016165283	-87.4827	8.809268	1.3337609	1709.5799927711487
211	-523.86804	54.677986	-441.20825	-585.7203	1000.0	-47.051792	9.16862	10.122078	-88.98442	1060000	0.065208755	228.08015	-0.0014596954	-56.08235	8.750815	1.2697593	1717.510606765747
212	-473.3339	35.794758	-423.42935	-533.04193	1000.0	-45.50476	6.76509	-17.791876	-88.04714	1065000	0.06694037	201.89352	-0.0012396798	-53.03038	8.768439	1.3156283	1725.5285453796387
213	-494.73032	72.3014	-369.78235	-568.3265	1000.0	-41.536663	5.8604507	10.722465	-80.70786	1070000	0.058753394	272.36563	-0.0014443062	-68.341125	8.82025	1.2976496	1733.4344673156738
214	-476.30304	36.217857	-404.63828	-500.46848	1000.0	-46.418037	3.5666134	-13.073759	-78.39848	1075000	-0.018620815	195.39815	-0.0013643801	-45.42726	8.740147	1.3260652	1741.4066903591156
215	-519.1955	65.57757	-461.51834	-646.11847	1000.0	-43.10285	5.1073527	-8.918668	-72.9638	1080000	0.051899828	278.31064	-0.0016816482	-76.841156	8.800439	1.3160354	1749.3736279010773
216	-534.80804	43.089733	-491.38358	-587.81165	1000.0	-47.18315	5.5946074	0.44958472	-88.63647	1085000	-0.046530508	228.7729	-0.0014152452	-48.372787	8.794636	1.320794	1757.3057379722595
217	-495.358	41.852333	-459.89844	-575.37537	1000.0	-46.377792	5.601768	-16.953497	-85.49533	1090000	0.008543561	198.61656	-0.0014745379	-35.683624	8.794153	1.2908317	1765.2614443302155
218	-507.76337	46.890846	-447.0577	-585.328	1000.0	-43.989464	3.777016	-18.86634	-72.22654	1095000	-0.07201295	223.38	-0.0017841235	-32.43155	8.769847	1.2593648	1773.1617889404297
219	-525.5944	22.328957	-494.0055	-562.40356	1000.0	-47.100063	4.913082	-14.91348	-79.25736	1100000	0.009141903	217.172	-0.0014954037	-37.960754	8.729267	1.276274	1781.051653623581
220	-475.97812	79.60544	-326.82507	-556.77545	1000.0	-44.69446	3.923462	-11.323938	-82.124695	1105000	-0.03398832	239.53523	-0.001415398	-49.39984	8.757435	1.3351537	1790.9840970039368
221	-513.4852	117.392456	-321.0056	-691.6024	1000.0	-43.015892	5.5756335	14.841805	-82.55444	1110000	0.091090664	310.34488	-0.0019214675	-90.133484	8.760284	1.2824343	1798.694661617279
222	-500.46558	26.887478	-462.97906	-540.2571	1000.0	-46.133858	5.454443	14.225739	-85.14968	1115000	-0.036710482	180.68365	-0.00085777044	-38.932724	8.781875	1.281455	1806.3902549743652
223	-565.2358	47.47511	-500.79828	-632.1445	1000.0	-44.905273	5.6626515	-7.3904943	-86.299774	1120000	0.009900138	234.89627	-0.0010172613	-93.63684	8.638778	1.163211	1814.0714344978333
224	-500.4782	135.02669	-368.9343	-726.56433	1000.0	-49.414433	9.7686405	-8.764247	-91.48514	1125000	0.02688307	430.0089	-0.001889417	-121.9404	8.810503	1.3104336	1821.9242160320282
225	-513.2487	68.70045	-449.8288	-643.1716	1000.0	-45.02533	8.952929	13.653558	-90.68261	1130000	-0.010346955	300.14395	-0.0011835229	-83.520905	8.847754	1.3546027	1829.8008379936218
226	-490.83218	47.915783	-439.2292	-569.02264	1000.0	-46.926514	5.0047693	-10.116277	-84.8211	1135000	0.011576425	203.14272	-0.0025183316	-43.704834	8.751618	1.2233528	1837.54780626297
227	-500.02588	42.054146	-440.4985	-539.6378	1000.0	-44.052742	4.5685887	31.24997	-81.08621	1140000	-0.030005578	251.43747	-0.0012741312	-46.374237	8.831675	1.3056705	1845.3457701206207
228	-497.80453	32.711582	-447.8208	-537.03723	1000.0	-44.902607	4.3967643	-5.9457674	-78.009926	1145000	-0.051800646	200.42984	-0.0014008321	-32.17273	8.685019	1.206967	1852.9986789226532
229	-497.35025	43.232616	-434.64053	-543.67053	1000.0	-46.57986	4.8122663	3.5249448	-82.76237	1150000	-0.008838818	272.9247	-0.0017631007	-64.94861	8.7724	1.327593	1860.7252404689789
230	-515.9142	10.094154	-500.414	-524.1054	1000.0	-44.45887	4.807761	5.465411	-73.43444	1155000	0.042319085	232.5079	-0.0016781464	-63.18535	8.720355	1.2859064	1869.281034708023
231	-488.62042	34.313904	-434.4618	-527.9835	1000.0	-45.116024	5.7043886	-7.410796	-83.42585	1160000	-0.034012195	216.1712	-0.0011684	-44.42003	8.795871	1.3070496	1877.0455765724182
232	-482.56763	35.324165	-446.8682	-536.11646	1000.0	-45.186413	3.8917072	-5.16376	-81.12128	1165000	-0.043681853	216.6858	-0.001523938	-43.586197	8.674883	1.2201058	1885.0524134635925
233	-514.0083	36.267384	-458.6259	-562.86957	1000.0	-43.661736	4.1303873	-0.2545302	-60.763992	1170000	0.024049137	202.3957	-0.0013618991	-54.22281	8.704518	1.2337	1893.345664024353
234	-577.00006	62.078915	-496.91354	-645.5681	1000.0	-46.588726	4.849095	-0.4616568	-77.74051	1175000	0.027446939	313.55026	-0.0018014088	-86.466095	8.744958	1.2696213	1901.1374111175537
235	-493.19467	68.86125	-405.18326	-597.09894	1000.0	-48.84955	7.10065	-7.1751876	-89.4928	1180000	0.0023301453	242.05444	-0.0014600556	-65.944916	8.729208	1.2817154	1908.9326844215393
236	-534.9376	42.528664	-495.4115	-611.3042	1000.0	-45.4	5.657474	-18.198257	-89.02557	1185000	0.05089285	253.35374	-0.0018541962	-61.367996	8.688373	1.2433722	1916.63494181633
237	-536.1459	42.557106	-492.94534	-608.605	1000.0	-47.02528	9.148574	-32.111633	-89.03175	1190000	0.04997411	309.57593	-0.0016155094	-64.537384	8.738465	1.2269125	1924.1921062469482
238	-561.39825	76.78963	-467.97452	-693.7488	1000.0	-48.101345	8.1381	-23.152859	-90.672226	1195000	-0.012696631	317.28558	-0.0012127282	-63.44438	8.767615	1.2781423	1931.4095969200134
239	-546.49445	27.111227	-512.2055	-593.63824	1000.0	-47.420372	6.672722	-7.2811728	-94.779106	1200000	0.053641066	190.27797	-0.0010665841	-44.272797	8.8348465	1.3217554	1939.0210361480713
240	-534.29675	42.7045	-493.7896	-611.99164	1000.0	-47.873432	8.816593	-25.505678	-95.46597	1205000	-0.020345062	310.20715	-0.0014108829	-58.2511	8.743323	1.2574083	1947.3903291225433
241	-508.74445	35.6992	-451.35233	-540.81836	1000.0	-47.087708	8.417734	-24.772795	-96.07241	1210000	-0.0939516	241.1955	-0.001395531	-63.99402	8.773393	1.2515959	1954.8979873657227
242	-513.80334	74.083275	-435.6628	-629.5386	1000.0	-46.98616	6.4595957	5.7690187	-94.251205	1215000	0.07596432	273.10785	-0.0015438646	-67.36749	8.821175	1.3664569	1962.407292842865
243	-490.39728	22.792114	-454.07245	-520.3377	1000.0	-44.307167	6.3949633	8.789843	-82.49291	1220000	-0.004450116	231.2253	-0.0013893312	-56.413406	8.755412	1.2273709	1969.65216422081
244	-416.36484	197.08392	-25.581402	-539.2226	817.6	-44.65378	5.0977564	2.2912488	-79.59697	1225000	0.0068659666	237.7234	-0.0014994778	-54.98935	8.779283	1.2727351	1976.9719078540802
245	-496.49316	88.06077	-393.10614	-634.0811	1000.0	-46.709732	5.8226123	-11.253749	-85.2054	1230000	0.054952547	264.86746	-0.0016919523	-68.38669	8.706304	1.2333869	1984.5273303985596
246	-459.76312	86.78679	-356.2021	-612.8223	1000.0	-45.103737	6.7252746	7.556259	-88.323685	1235000	-0.0115204435	369.43475	-0.0010889284	-115.020355	8.813052	1.2844697	1992.0719101428986
247	-495.62622	72.61137	-423.2093	-625.12445	1000.0	-41.251324	7.434015	13.896058	-93.76206	1240000	-0.02399261	358.4728	-0.0017200857	-138.64941	8.807387	1.322539	1999.5932309627533
248	-432.27057	193.15297	-58.98797	-612.3604	825.0	-44.893265	7.413643	2.555912	-93.032364	1245000	0.017474316	216.83173	-0.002333776	-47.373627	8.73132	1.2353063	2006.9965665340424
249	-495.78473	51.567696	-409.13986	-565.04614	1000.0	-46.00412	5.5775824	-15.749655	-83.25298	1250000	-0.009455037	220.42908	-0.0014963197	-47.35855	8.662975	1.2010647	2015.2196998596191
