Epoch	AverageEpRet	StdEpRet	MaxEpRet	MinEpRet	EpLen	AverageVVals	StdVVals	MaxVVals	MinVVals	TotalEnvInteracts	LossPi	LossV	DeltaLossPi	DeltaLossV	Entropy	KL	Time
0	-1515.0974	80.11492	-1433.5146	-1638.3021	1000.0	0.0065404153	0.55684406	1.9610567	-1.6200693	5000	0.6166348	19821.678	-0.031587303	-3662.9502	10.89341	3.4432442	14.378624200820923
1	-1512.9044	91.70951	-1446.4814	-1694.7777	1000.0	-14.007486	0.5549192	-7.9420505	-14.558998	10000	0.33719864	15852.436	-0.021506399	-1702.3096	10.774062	3.4054973	21.141221284866333
2	-1444.6682	43.597454	-1369.0326	-1484.5022	1000.0	-21.225382	0.079029255	-20.09294	-21.284946	15000	0.50841904	12369.785	-0.020557314	-1143.7529	10.729045	3.3318806	28.518354177474976
3	-1379.5369	40.82877	-1339.3746	-1444.6628	1000.0	-26.724957	0.04544857	-25.525328	-26.755047	20000	0.39891124	10331.893	-0.020457268	-948.458	10.599279	3.204898	35.316155195236206
4	-1080.0414	547.1184	10.597453	-1410.675	811.4	-31.72368	0.043433174	-29.920898	-31.742027	25000	0.398447	8992.78	-0.018708885	-816.229	10.526773	3.117282	41.418121576309204
5	-1049.005	452.2423	-165.07936	-1359.4531	829.0	-36.40064	0.06686632	-33.157726	-36.41989	30000	0.29479453	6881.875	-0.011921614	-614.3008	10.423525	3.0904856	47.54279828071594
6	-1225.593	70.05798	-1105.8962	-1300.8073	1000.0	-40.55738	0.06609806	-37.709705	-40.571884	35000	0.325074	5617.313	-0.012720436	-526.78076	10.556295	3.0914824	53.77371096611023
7	-1151.7852	64.56024	-1078.3499	-1266.824	1000.0	-44.47682	0.028825322	-43.437992	-44.487114	40000	0.41642827	4253.668	-0.016423523	-410.55518	10.457193	3.0534642	60.24622201919556
8	-1185.4617	48.06231	-1102.6509	-1243.5575	1000.0	-48.02839	0.04548549	-45.52479	-48.03761	45000	0.38613158	4075.8535	-0.015654713	-402.68066	10.425852	2.9759996	66.75432777404785
9	-891.8742	436.91632	-30.4054	-1193.3193	803.4	-51.601925	0.018062398	-51.026432	-51.60925	50000	0.3198788	2943.8362	-0.011653483	-287.13184	10.342676	2.9314165	73.13431119918823
10	-1097.2776	57.967186	-1022.334	-1189.0951	1000.0	-54.72248	0.016371131	-54.22575	-54.728695	55000	0.39249885	2652.507	-0.013839185	-258.12402	10.166141	2.7616343	79.57891654968262
11	-1062.8859	45.455795	-994.6927	-1135.7119	1000.0	-57.728973	0.014144553	-57.189724	-57.734867	60000	0.20742041	1958.94	-0.008845165	-190.6012	10.220602	2.7932231	86.24520063400269
12	-785.05853	374.96002	-40.12969	-1020.99493	808.8	-60.393887	0.015390414	-59.848618	-60.399242	65000	0.2087417	1443.2662	-0.010872498	-139.568	10.193564	2.7502508	92.68412446975708
13	-852.2303	262.96875	-329.45517	-1030.0569	846.0	-62.732212	0.014879362	-62.317432	-62.737175	70000	0.16523463	1183.7166	-0.006739378	-107.1178	10.172402	2.7620056	99.86958837509155
14	-957.54785	34.206642	-906.3979	-994.9027	1000.0	-64.830734	0.011199162	-64.4896	-64.835175	75000	0.34602457	891.7294	-0.008969247	-61.834167	10.082262	2.6723516	106.93510270118713
15	-908.3182	95.543564	-756.9228	-999.86615	1000.0	-66.482315	0.012902914	-66.0908	-66.48729	80000	0.17516583	720.677	-0.0070673823	-34.366394	10.006351	2.5974138	113.92428183555603
16	-947.8153	43.710888	-881.3624	-1015.9923	1000.0	-67.74861	0.010903688	-67.42963	-67.75272	85000	0.17367901	750.2683	-0.0070115924	-40.12262	10.105854	2.6451945	120.44567108154297
17	-753.4869	317.93677	-131.99919	-1003.5984	820.0	-69.12004	0.017194537	-68.41253	-69.12432	90000	0.2800636	649.7489	-0.0077449977	-23.55017	10.063707	2.6566541	126.90865969657898
18	-842.4346	32.522923	-791.49927	-886.1373	1000.0	-70.205666	0.013807545	-69.820694	-70.21027	95000	0.24611387	460.2281	-0.007810712	-5.8987427	9.963492	2.6104836	133.2464451789856
19	-827.9171	67.172455	-732.8862	-939.06305	1000.0	-70.791435	0.012873223	-70.31602	-70.79557	100000	0.13564771	434.10864	-0.0073372126	-1.3739319	10.102298	2.6476645	140.07195353507996
20	-825.2658	116.06127	-630.65344	-944.84247	999.8	-71.08159	0.011143783	-70.76156	-71.085724	105000	0.20424162	453.4621	-0.006425187	-0.49365234	9.972925	2.589221	147.9526445865631
21	-850.5742	48.78709	-773.72833	-910.6611	1000.0	-71.25339	0.028973214	-69.49718	-71.258766	110000	0.13341197	524.3726	-0.004800305	-6.504944	9.966873	2.5138714	155.44748544692993
22	-796.5182	76.44676	-694.8587	-919.2165	1000.0	-71.856834	0.013483075	-71.31965	-71.86063	115000	0.13091357	511.96765	-0.0052610785	-0.8510437	10.00906	2.5595827	162.5336651802063
23	-755.36945	55.789368	-680.1449	-817.48114	1000.0	-71.66831	0.011099387	-71.28579	-71.67199	120000	0.17950495	391.5594	-0.0035318136	-4.3010864	9.92285	2.540935	169.7401466369629
24	-737.00494	100.35838	-655.4178	-890.1358	1000.0	-71.14421	0.014106917	-70.659294	-71.14826	125000	0.1538361	512.75867	-0.0054175407	-13.2725525	9.846177	2.421479	177.23198437690735
25	-703.74243	47.87703	-644.3574	-790.62476	1000.0	-69.7863	2.8984997	-13.965008	-70.41927	130000	0.24001028	415.96094	-0.004940629	-45.257782	9.872645	2.4937277	184.56516671180725
26	-721.6253	37.008232	-671.74677	-781.56195	1000.0	-65.712906	5.0744195	49.295216	-69.89703	135000	0.016969094	367.6779	-0.004545263	-38.12213	9.904616	2.475784	192.04981303215027
27	-671.8519	45.727177	-616.12354	-746.8463	1000.0	-64.297005	4.0689387	23.28335	-69.0299	140000	0.1314175	330.3856	-0.003264159	-51.677948	9.918378	2.5260293	199.8051028251648
28	-726.3214	109.6094	-603.40344	-893.3172	1000.0	-60.804626	4.8342233	21.54606	-65.85305	145000	0.1987395	479.3633	-0.0048389584	-52.13141	9.951027	2.5007796	208.05803322792053
29	-625.0541	64.452965	-547.1532	-705.854	1000.0	-63.83534	3.00743	-24.99477	-67.61233	150000	0.17803496	302.39624	-0.0028641373	-74.262985	9.924383	2.534224	216.34996581077576
30	-634.91516	38.556953	-580.02106	-694.511	1000.0	-56.890068	4.150375	11.076075	-64.92871	155000	0.16297422	312.42404	-0.0046855956	-29.048157	9.766655	2.3693879	224.21122550964355
31	-623.47156	72.3255	-547.6579	-760.2531	1000.0	-56.77883	3.067513	-22.838785	-62.88624	160000	0.20834541	376.13544	-0.0045517683	-56.842224	9.785806	2.4031892	231.98948764801025
32	-687.1268	69.3531	-588.2792	-784.51984	1000.0	-54.628662	5.836117	14.703345	-64.713936	165000	0.118188895	317.6172	-0.003662847	-70.04187	9.740643	2.3309338	240.22816252708435
33	-646.64355	53.00332	-564.21747	-725.9236	1000.0	-59.4747	2.5110614	-28.018255	-67.626045	170000	0.27918896	275.79105	-0.0044949055	-40.66472	9.709539	2.2502	248.3511836528778
34	-643.5831	59.67426	-588.1512	-755.47675	1000.0	-58.6551	4.991606	-23.444181	-67.96915	175000	0.22097427	337.32834	-0.003406927	-41.321136	9.698548	2.264738	256.1980996131897
35	-632.4073	46.99666	-583.97	-706.6598	1000.0	-56.133877	6.048096	-14.948552	-68.66559	180000	0.10002307	315.9846	-0.0041191205	-29.386871	9.813105	2.3552258	264.37070059776306
36	-596.2931	22.736399	-551.32434	-611.3671	1000.0	-58.519238	4.9974093	3.6263542	-69.41704	185000	0.17978455	315.37225	-0.004175365	-60.67372	9.786797	2.3094099	272.5203640460968
37	-612.7472	82.69205	-522.40393	-740.3102	1000.0	-53.098946	2.8700688	-4.263919	-66.56485	190000	0.12894695	320.79126	-0.0030349642	-32.41574	9.759158	2.325918	280.35123467445374
38	-597.1229	56.244072	-544.8533	-688.13477	1000.0	-53.294243	4.8144355	-2.6142893	-69.60942	195000	0.18450435	320.1277	-0.0037171245	-42.42096	9.737362	2.3078852	288.2721552848816
39	-601.16437	46.417118	-551.7963	-671.1788	1000.0	-52.29102	2.8947215	-22.624624	-69.56311	200000	0.122068115	220.37358	-0.0032116696	-12.165283	9.6275215	2.2123919	296.33322405815125
40	-553.0541	48.02776	-475.453	-607.8379	1000.0	-53.160244	3.2610102	-26.330349	-69.736206	205000	0.038600624	290.34494	-0.0032048672	-24.365417	9.72589	2.3077111	305.0221416950226
41	-637.06915	70.691	-555.81537	-728.83655	1000.0	-51.201626	4.22579	-26.669716	-69.641136	210000	0.028750064	379.37595	-0.0027516875	-57.12314	9.686428	2.23738	312.7965552806854
42	-552.4515	38.511375	-503.21027	-602.1439	1000.0	-54.23554	5.574022	-13.282352	-70.04989	215000	0.11523348	273.08926	-0.0038724244	-67.67883	9.761306	2.3352284	321.0863049030304
43	-568.86584	55.28742	-509.82526	-655.9676	1000.0	-48.353123	6.129329	-6.5575247	-69.87907	220000	0.19238111	290.88162	-0.0039351434	-66.94333	9.670327	2.2532394	329.3358807563782
44	-567.96674	20.474844	-534.2717	-592.8566	1000.0	-51.371906	4.0393867	42.57402	-69.81988	225000	0.16813271	225.81468	-0.0032551438	-21.782959	9.641625	2.1709995	337.5537660121918
45	-540.421	62.957787	-442.6282	-623.3924	1000.0	-50.764248	3.8500836	18.617579	-69.82316	230000	0.12489621	289.4585	-0.003085278	-40.29242	9.531211	2.1648874	345.579199552536
46	-543.3068	37.615425	-480.02783	-589.29663	1000.0	-48.685955	4.3702874	18.323038	-68.42855	235000	0.10747997	222.37697	-0.003074415	-24.45758	9.600495	2.1433508	353.5185408592224
47	-565.50745	22.558527	-531.992	-601.66095	1000.0	-49.048443	3.210625	8.221569	-68.01492	240000	0.14042741	170.96815	-0.0036768168	-17.228226	9.620761	2.1481328	361.4687821865082
48	-566.90405	89.3438	-446.0202	-723.6836	1000.0	-50.797657	3.0928369	-16.355587	-69.716095	245000	0.11887576	308.58823	-0.0016239882	-50.788025	9.566689	2.1394882	369.60106468200684
49	-542.76917	25.75566	-500.20773	-568.98914	1000.0	-50.1959	4.601674	-17.195398	-70.084274	250000	0.26061627	225.24052	-0.0028166175	-28.508453	9.561088	2.1335232	377.4553484916687
50	-515.6713	47.89002	-456.42038	-600.83795	1000.0	-48.962006	5.0531445	-10.97598	-69.96546	255000	0.12028897	223.74542	-0.0021979138	-37.052673	9.537958	2.1110313	385.8073830604553
51	-449.76447	91.65012	-339.81226	-605.8577	1000.0	-47.879177	4.7066407	-7.7812657	-69.735405	260000	0.16009936	379.28357	-0.0027639568	-114.04004	9.638436	2.2032137	393.8202848434448
52	-542.95026	46.011276	-462.98245	-587.2564	1000.0	-40.954872	5.4053273	8.302891	-69.487144	265000	0.13327673	258.64035	-0.002724871	-82.42555	9.69095	2.2453344	402.29516315460205
53	-373.21368	182.7107	-10.262714	-487.62704	811.2	-47.51871	4.3583794	-25.687687	-69.96362	270000	0.21420632	250.3336	-0.0036936551	-47.71428	9.678664	2.234976	410.41691994667053
54	-528.54236	60.257908	-473.46878	-645.6368	1000.0	-43.260525	4.2792225	-6.2774525	-69.07848	275000	0.10148328	212.95474	-0.0026191175	-43.556503	9.630282	2.1987238	418.5185844898224
55	-423.04218	188.4467	-74.054115	-609.8677	826.8	-46.063316	6.5528893	-15.191452	-69.416145	280000	0.16114488	362.95837	-0.0024605542	-81.19385	9.595473	2.11693	426.6146366596222
56	-470.10654	65.29047	-353.19543	-553.387	1000.0	-45.25192	4.4312844	50.51308	-62.95834	285000	0.2206458	226.99335	-0.0026410818	-41.45331	9.586785	2.1389382	434.9083364009857
57	-484.71573	30.393728	-436.271	-524.75977	1000.0	-44.361423	4.7342815	17.09667	-63.218933	290000	0.11517738	277.10617	-0.0019049421	-56.182495	9.582937	2.1623292	443.1061489582062
58	-422.108	204.97876	-15.237341	-570.15594	804.4	-42.945545	4.0412483	14.798892	-68.5448	295000	0.13804016	205.0474	-0.002978474	-41.00952	9.551579	2.1069741	451.09940814971924
59	-497.23566	90.57469	-366.19537	-634.3874	1000.0	-45.711647	5.20526	8.622523	-69.06907	300000	0.21337266	258.62976	-0.00159657	-36.95903	9.554119	2.0880191	459.1490137577057
60	-454.6006	59.205112	-348.13123	-531.30194	1000.0	-43.4475	5.7133183	31.938557	-69.3501	305000	0.07708617	231.4464	-0.0029487088	-55.785553	9.593501	2.1322355	468.2009768486023
61	-524.30725	37.548428	-476.72818	-585.03253	1000.0	-41.600334	4.689013	10.760496	-67.18667	310000	0.14579338	225.46295	-0.003208682	-48.657883	9.506585	2.0176883	476.62326407432556
62	-522.0568	71.95112	-463.06317	-655.2227	1000.0	-46.292477	5.104037	17.08548	-69.77891	315000	0.090895936	332.00684	-0.0021198317	-105.92644	9.520225	2.1096027	484.9936728477478
63	-381.17236	182.82607	-19.483162	-505.04813	808.0	-45.280636	6.561255	-11.072988	-70.2319	320000	0.07707056	280.08365	-0.0037363917	-77.54166	9.632632	2.155957	493.4438407421112
64	-514.4491	62.856525	-437.50906	-620.6099	1000.0	-45.026176	5.905801	19.69373	-70.05381	325000	0.07901031	256.656	-0.0027821362	-45.52655	9.538819	2.08575	502.2182912826538
65	-526.6264	89.87984	-349.34375	-590.752	1000.0	-45.605873	7.5360622	1.9377745	-70.16243	330000	0.15923536	414.55627	-0.0031596571	-59.327087	9.586202	2.0780327	510.7424576282501
66	-444.01202	174.44392	-98.46238	-564.54706	839.2	-46.109707	6.785179	-4.1118693	-70.41903	335000	0.1453294	218.78423	-0.0025763959	-36.54332	9.495136	2.038368	519.0825242996216
67	-479.8807	70.436035	-416.63995	-593.45294	1000.0	-46.937096	5.210786	33.541904	-70.51618	340000	0.22888403	258.446	-0.0024990588	-40.31726	9.490777	2.0532238	527.2572283744812
68	-489.8627	62.16778	-422.6192	-595.0918	1000.0	-44.25265	6.4755898	0.38995743	-70.07815	345000	0.071402475	266.8565	-0.001879476	-39.01805	9.490993	2.0274715	535.7306056022644
69	-486.06006	73.187416	-371.8454	-566.4521	1000.0	-43.44272	6.3203588	-7.2541757	-69.98923	350000	0.054048877	301.69135	-0.0010908581	-58.925095	9.494583	2.0098875	544.1755530834198
70	-485.0336	43.69778	-405.2197	-520.938	1000.0	-42.661366	5.769867	8.914314	-70.14792	355000	0.21086013	204.01338	-0.0031335205	-34.060226	9.568738	2.0932262	553.2307357788086
71	-489.81705	56.620453	-434.3027	-598.86633	1000.0	-44.000286	3.862924	-16.121277	-69.99565	360000	0.07476812	270.0707	-0.0023240894	-30.113281	9.479291	2.0279448	561.8541123867035
72	-485.32245	60.890984	-386.15305	-561.476	1000.0	-44.454594	5.047747	10.201914	-70.33665	365000	0.1178429	244.54538	-0.002720803	-43.821472	9.407146	1.964819	570.3807623386383
73	-433.47958	19.815374	-407.52707	-456.57962	1000.0	-44.295624	8.538227	49.365273	-70.2906	370000	-0.015695523	414.43237	-0.0013977233	-131.10818	9.535193	2.070477	579.0516629219055
74	-474.47055	42.78822	-428.75418	-545.18475	1000.0	-37.384377	6.15358	52.199833	-64.513855	375000	0.12731616	240.2102	-0.002488114	-71.732025	9.468468	1.9789467	587.4652276039124
75	-461.0481	59.516888	-394.14346	-565.19525	1000.0	-43.54779	3.8055003	-1.2810092	-69.740685	380000	0.1536055	246.0317	-0.002084285	-50.867035	9.586334	2.0987759	596.189446926117
76	-417.51065	35.47369	-353.926	-462.31772	1000.0	-41.10859	4.867036	-2.1422129	-69.83977	385000	0.14355531	183.11287	-0.0028994828	-48.795563	9.6087675	2.0907395	604.9534747600555
77	-460.69272	51.18533	-384.08054	-543.0463	1000.0	-38.855408	3.7640522	17.623215	-67.175415	390000	0.16428642	220.31665	-0.0019850582	-30.455673	9.442473	1.9870559	613.6937317848206
78	-435.69052	40.500286	-391.1693	-502.11795	1000.0	-40.901955	6.4225063	28.70574	-69.907974	395000	0.1500545	234.77257	-0.0014364719	-53.833206	9.5386715	2.0293748	622.6894054412842
79	-449.94952	12.234914	-430.49744	-464.837	1000.0	-40.86648	3.9863381	8.514828	-66.31076	400000	0.062472027	180.01797	-0.0022913516	-26.121017	9.433335	2.0118213	632.2746946811676
80	-451.81192	43.623924	-394.93503	-506.7954	1000.0	-40.883476	3.6633997	-3.8735676	-66.26456	405000	0.10280768	189.99872	-0.0024540648	-21.141022	9.418269	1.9793438	642.5203437805176
81	-463.88925	87.24996	-319.5959	-557.7581	1000.0	-41.47153	3.4761424	-18.179909	-69.574196	410000	0.16758083	290.70615	-0.0024535805	-53.070602	9.605848	2.0810933	651.593700170517
82	-433.03818	66.1431	-361.36438	-519.16504	1000.0	-39.443195	7.2705894	7.0818005	-69.501854	415000	0.10825508	233.41002	-0.0024213046	-65.410126	9.482408	2.0334692	660.6513662338257
83	-490.55664	57.809746	-398.2562	-554.16766	1000.0	-39.295864	4.635479	22.18201	-69.04356	420000	0.097870566	390.6566	-0.0021499023	-135.63904	9.522444	2.0062902	669.8334720134735
84	-424.9691	85.44631	-271.14673	-535.3365	1000.0	-44.223843	9.145852	-28.76377	-70.366264	425000	0.11466154	688.5427	-0.0020224229	-239.62753	9.489466	2.0373638	679.2582280635834
85	-405.0999	70.26631	-328.42374	-527.9912	1000.0	-38.05778	7.994007	60.375458	-69.77579	430000	0.20900257	231.42426	-0.0026376694	-58.25836	9.581045	2.1056762	688.7693128585815
86	-450.03436	30.010939	-400.187	-489.67905	1000.0	-36.610756	4.6098127	2.7240257	-67.828026	435000	0.16062675	165.19629	-0.0018944442	-31.608856	9.435853	1.9710892	698.1712567806244
87	-437.94376	83.29778	-366.1187	-598.05035	1000.0	-39.965664	4.4283667	0.22175169	-69.490654	440000	0.12106924	266.64975	-0.0023195893	-64.03778	9.376381	1.9177758	707.6159870624542
88	-441.20694	47.542606	-373.25916	-494.15744	1000.0	-40.589127	5.244945	7.8139462	-70.79651	445000	0.22527075	187.64328	-0.0033687502	-24.110046	9.475733	2.0057287	717.0935270786285
89	-479.00946	23.837227	-437.32602	-506.05557	1000.0	-39.82359	3.6620405	-0.9690917	-69.3125	450000	0.056485657	240.4281	-0.0021153875	-39.07274	9.502266	1.9814416	726.493869304657
90	-384.9768	56.11167	-296.92633	-467.0415	1000.0	-41.672024	6.220769	17.390156	-70.530075	455000	0.13703647	264.5832	-0.002335772	-98.4749	9.4520035	2.0069551	736.7226648330688
91	-459.78485	21.441523	-421.15683	-481.22238	1000.0	-36.122147	3.9800143	4.388445	-67.76922	460000	0.15393615	208.88124	-0.002103895	-61.247498	9.4474535	1.9740152	746.3453447818756
92	-408.06882	42.06917	-366.0702	-483.65033	1000.0	-39.928337	6.306451	-11.184074	-69.7346	465000	0.12100082	278.2665	-0.0019847825	-92.14465	9.460569	1.9382468	756.1919274330139
93	-513.4103	34.9169	-448.71475	-551.0437	1000.0	-37.886875	4.2572455	21.175816	-62.61607	470000	0.021531105	354.70935	-0.0024761148	-136.6155	9.391016	1.8705922	765.7798247337341
94	-411.37494	50.84481	-315.2654	-452.79565	1000.0	-44.956394	5.29913	-17.66845	-71.68195	475000	0.147196	265.36905	-0.0019445568	-101.99338	9.504275	1.9997879	775.2975997924805
95	-432.89484	71.58653	-292.41214	-487.40845	1000.0	-37.670406	3.0745115	-2.6062589	-64.68048	480000	0.10242522	242.91875	-0.0011963323	-47.18065	9.454449	1.9941739	785.1352145671844
96	-440.00278	46.950123	-354.75235	-498.2956	1000.0	-38.676067	5.3639407	46.598927	-67.19011	485000	0.101853676	217.05624	-0.0028276742	-38.558838	9.447081	1.951245	794.6253843307495
97	-456.07007	23.661373	-427.23355	-484.32126	1000.0	-39.78136	4.448384	-5.027162	-67.84295	490000	0.15952143	170.29913	-0.0022316426	-23.576126	9.476114	1.9637895	804.2616279125214
98	-467.34735	76.738205	-353.57263	-586.6923	1000.0	-41.019382	3.722699	14.524212	-66.77486	495000	0.10020254	343.55276	-0.0020924583	-45.711548	9.471959	1.9335301	813.9794676303864
99	-428.62305	75.08762	-344.95657	-531.1652	1000.0	-41.675686	5.6412325	18.103083	-70.0025	500000	0.07665484	349.6818	-0.002163738	-61.32834	9.449109	1.9384071	823.5961678028107
100	-516.1223	67.4731	-449.05515	-641.6575	1000.0	-38.301876	5.844241	9.970397	-69.6589	505000	0.03461264	490.06265	-0.0017612092	-129.71878	9.50827	1.9380286	834.125063419342
101	-390.1369	166.00601	-114.27936	-632.86163	854.6	-46.823513	7.355376	-31.869614	-73.18878	510000	0.1280616	397.7337	-0.002625987	-147.6868	9.511501	1.9658277	843.843498468399
102	-404.90857	31.06211	-372.83487	-445.74625	1000.0	-37.97545	2.3819976	-22.027441	-71.12292	515000	0.17760985	153.49489	-0.001641646	-5.9199066	9.465153	1.9682473	853.4864430427551
103	-431.09344	28.054777	-397.69614	-482.6809	1000.0	-37.2248	2.0189502	-16.459093	-67.53505	520000	0.0960363	176.59874	-0.0015294105	-13.911407	9.453171	1.9727652	862.7234432697296
104	-430.07544	64.853676	-340.77808	-506.66296	1000.0	-39.663906	2.910975	-6.787183	-70.917786	525000	0.062279787	179.52333	-0.002186738	-20.41661	9.542873	1.9680026	872.4556188583374
105	-460.8877	43.287872	-391.02618	-517.77637	1000.0	-39.143818	3.4578278	21.9831	-71.528656	530000	0.03571147	213.1516	-0.00094836205	-21.791245	9.414289	1.8958137	881.9993333816528
106	-438.462	44.318115	-353.48572	-476.79437	1000.0	-41.12185	4.0987134	-10.633642	-72.318016	535000	0.17123213	200.37477	-0.0019088537	-22.102356	9.421616	1.9177231	891.5628106594086
107	-489.5075	59.978523	-415.77994	-564.99774	1000.0	-39.476143	5.1165147	-0.26708007	-72.158806	540000	0.07349137	274.04144	-0.0014266074	-48.851486	9.392836	1.8455465	901.3772177696228
108	-348.10687	148.49551	-56.60972	-475.74432	835.4	-43.05974	4.9943175	-24.002462	-73.55351	545000	0.059406135	241.33405	-0.0016873367	-48.64377	9.419894	1.9097266	911.2316246032715
109	-459.58496	44.202324	-381.77283	-513.29956	1000.0	-39.023182	3.6915538	6.2401752	-71.96505	550000	-0.018256294	157.01877	-0.0018484164	-16.913025	9.412878	1.9235778	921.0653314590454
110	-398.51047	54.419243	-319.7239	-463.0987	1000.0	-40.03471	4.546187	25.50513	-72.25914	555000	0.13263153	232.05135	-0.0015665144	-52.1364	9.464283	1.9270157	931.7129828929901
111	-466.08563	44.875034	-416.17792	-532.387	1000.0	-36.958836	5.5663533	29.068932	-71.395096	560000	-0.0026118606	215.85475	-0.0015260759	-52.45027	9.375872	1.887878	941.5833773612976
112	-349.23297	164.69131	-41.458176	-531.5318	808.8	-41.91281	4.322172	-4.6062093	-72.77751	565000	0.048573345	232.09093	-0.0023062453	-41.54889	9.483768	1.8970761	951.5247664451599
113	-471.62012	52.657043	-382.4819	-523.8757	1000.0	-39.786537	3.5351772	2.4292817	-65.138664	570000	0.11687441	347.41016	-0.0013503358	-63.244293	9.409393	1.9563898	961.1877858638763
114	-439.97827	33.148052	-402.46048	-477.78964	1000.0	-41.70659	4.908075	-6.125498	-72.10377	575000	0.036458496	153.10675	-0.001407776	-25.479828	9.426544	1.8959067	970.7140111923218
115	-413.37128	30.71307	-369.8394	-464.31268	1000.0	-39.698902	3.6380737	25.599365	-68.46149	580000	0.07942406	148.89423	-0.0014847964	-21.204803	9.420205	1.924947	980.4362707138062
116	-441.0192	72.93983	-298.83978	-493.25253	1000.0	-38.183754	3.5571578	7.2384853	-69.796005	585000	0.09428171	362.74286	-0.0023375899	-64.003845	9.507845	1.9631406	990.2493176460266
117	-487.65717	77.99214	-424.6149	-629.1238	1000.0	-39.44935	5.268187	16.700895	-71.91625	590000	-0.0012195313	226.6358	-0.0016704497	-52.55269	9.413456	1.854	999.9084651470184
118	-433.36523	23.519274	-405.5933	-463.6798	1000.0	-42.991325	6.679215	-13.789626	-74.06008	595000	0.06447238	220.3338	-0.0016738325	-49.98073	9.525769	1.9647394	1009.6438813209534
119	-423.8255	27.948864	-385.70416	-463.96155	1000.0	-38.31118	4.4983945	9.696091	-71.784386	600000	0.0814034	169.35617	-0.0016878024	-30.751328	9.420855	1.9050121	1019.4740288257599
120	-450.98218	50.229183	-369.85272	-503.58817	1000.0	-39.870377	4.3871045	9.848043	-70.308075	605000	0.000567749	202.75713	-0.0022855194	-45.9554	9.418495	1.9213586	1030.213519334793
121	-455.4248	41.2275	-401.1834	-509.11224	1000.0	-40.090294	6.463976	5.351315	-72.48264	610000	-0.0014959045	196.77577	-0.0023841157	-32.966797	9.40569	1.8975071	1039.6376345157623
122	-452.26312	62.176147	-384.7672	-550.6988	1000.0	-39.450817	5.2598405	-9.040558	-72.60058	615000	0.13044602	297.58237	-0.0021652132	-57.80516	9.409584	1.8900706	1049.192146539688
123	-440.45428	47.633717	-383.03955	-506.38165	1000.0	-42.076073	7.3878136	4.245184	-73.90933	620000	0.0129960235	266.02414	-0.0014264919	-71.86899	9.394178	1.8388367	1059.025109052658
124	-367.33902	150.70216	-86.70739	-527.52094	838.8	-38.6392	7.2916603	10.27305	-72.91803	625000	0.06552361	227.25266	-0.0013455003	-52.0959	9.398207	1.8870286	1068.8381447792053
125	-453.6704	35.603493	-417.13254	-496.90198	1000.0	-40.069828	6.7096977	40.906067	-73.14433	630000	0.014441397	221.24815	-0.0012442805	-43.598465	9.5291605	1.9904265	1078.6034474372864
126	-411.63974	54.748688	-311.86176	-471.01727	1000.0	-38.918106	5.3207784	17.5375	-70.5759	635000	0.13165489	270.0858	-0.002293855	-56.339462	9.440109	1.9079422	1088.3087847232819
127	-437.39096	48.891006	-351.75146	-484.99646	1000.0	-37.511486	4.7374635	27.979334	-66.688774	640000	0.096398324	160.19412	-0.0014945418	-30.17302	9.425554	1.8931352	1098.3078744411469
128	-401.18817	42.30748	-351.1013	-460.5725	1000.0	-40.344036	5.409328	14.641931	-72.72993	645000	0.079197526	219.44435	-0.0008974895	-57.00627	9.385287	1.8574653	1107.9276928901672
129	-443.9519	48.390488	-376.12823	-488.43143	1000.0	-35.855675	5.501902	-5.718052	-71.44347	650000	0.0608372	185.92233	-0.001474835	-40.13855	9.396954	1.8314176	1117.557626247406
130	-436.76865	74.80139	-322.74472	-518.3493	1000.0	-39.82887	5.085613	43.337135	-66.92638	655000	0.11134612	329.23407	-0.0014547259	-66.6958	9.449174	1.9236379	1127.9262263774872
131	-416.9768	48.395416	-342.30457	-472.73218	1000.0	-38.876526	4.758858	13.604621	-70.259186	660000	0.138017	184.13058	-0.0015470237	-32.59105	9.43411	1.8890436	1137.8284618854523
132	-359.4331	99.56696	-225.83157	-530.466	1000.0	-36.899563	5.5666122	15.731166	-70.398026	665000	0.106949314	366.8186	-0.0023892298	-143.45981	9.554695	1.9715793	1147.6864361763
133	-420.08	55.115826	-324.9331	-494.66397	1000.0	-33.57117	4.9875307	26.235954	-62.247963	670000	0.12647177	192.8681	-0.0022082254	-51.186996	9.458887	1.899389	1157.5081820487976
134	-437.93768	42.259342	-367.85062	-477.1657	1000.0	-37.609043	4.518308	42.52026	-59.503338	675000	0.08163523	224.5599	-0.0018649399	-30.959778	9.441319	1.8662176	1166.9935629367828
135	-397.34448	27.573828	-353.4926	-433.51382	1000.0	-39.966236	3.3322353	1.7846985	-61.880276	680000	0.027988987	179.2118	-0.002014067	-50.116135	9.463062	1.9251535	1176.5925042629242
136	-434.05313	52.25677	-353.4528	-514.2372	1000.0	-35.282455	3.7303283	40.166702	-64.74976	685000	0.032357335	242.7926	-0.0028117243	-54.346756	9.411838	1.828754	1186.276575088501
137	-414.56332	83.31497	-342.64072	-576.9304	1000.0	-39.83872	7.4485626	23.302843	-70.93313	690000	0.17398372	350.24777	-0.0015601367	-83.39578	9.426942	1.8667176	1195.9922134876251
138	-475.9586	17.757523	-444.57642	-491.136	1000.0	-37.35945	7.1361165	20.257263	-72.48045	695000	0.07375891	272.28244	-0.0018146634	-67.919785	9.449216	1.8691074	1205.4831023216248
139	-412.4035	31.062593	-374.11124	-458.9032	1000.0	-40.511257	4.5127587	-5.1514897	-72.03523	700000	0.11873262	147.71117	-0.0031445548	-33.27639	9.434499	1.8954984	1215.177196264267
140	-424.74423	32.80669	-376.60837	-458.7316	1000.0	-37.513683	3.1154728	14.53495	-62.25876	705000	0.13045128	225.08675	-0.001760453	-28.55635	9.467147	1.8593187	1226.0272431373596
141	-440.58978	65.19343	-346.80765	-522.71246	1000.0	-39.801132	2.8902423	-15.930688	-62.10583	710000	0.032872573	183.16554	-0.0014551394	-32.87448	9.384251	1.8347571	1235.8402812480927
142	-421.27426	44.74003	-359.85678	-471.2851	1000.0	-40.23008	4.8849645	-8.812951	-72.57395	715000	-0.011491714	144.06424	-0.0023113163	-27.693214	9.304783	1.7745875	1245.2786662578583
143	-389.61188	60.330925	-297.61786	-477.2783	1000.0	-37.63163	3.7367485	-0.27894497	-64.03253	720000	0.06512487	210.93214	-0.0020762458	-38.454636	9.456316	1.8994024	1255.7348012924194
144	-419.63028	79.71162	-267.38895	-499.18036	1000.0	-36.592533	4.7364807	19.395758	-64.732635	725000	0.107395604	219.78685	-0.0012782738	-49.028107	9.382834	1.832441	1265.4952268600464
145	-476.81918	87.25194	-315.15387	-547.50665	1000.0	-38.1493	6.6185694	28.329193	-71.5884	730000	-0.03287988	321.6709	-0.0020770319	-107.4725	9.405301	1.8521082	1274.8569049835205
146	-450.36688	74.78011	-341.94928	-523.0863	1000.0	-40.347244	8.260164	1.2125251	-76.2865	735000	0.10658971	288.23697	-0.0013266727	-63.779526	9.372805	1.8475602	1284.475254535675
147	-411.0103	34.739025	-359.0329	-464.13455	1000.0	-40.57969	5.57855	-12.62221	-73.29289	740000	0.09403902	201.44434	-0.0018439665	-45.6015	9.438316	1.8813103	1294.0650706291199
148	-429.7967	85.80733	-325.05203	-580.0489	1000.0	-36.927883	3.6603863	8.506521	-66.35645	745000	0.12225935	295.00446	-0.0018920004	-62.742004	9.340079	1.7635663	1303.9211978912354
149	-420.14746	44.115128	-353.9466	-470.10907	1000.0	-39.142395	4.6804557	15.864292	-70.37423	750000	0.047553908	221.1354	-0.0018263906	-44.35115	9.440536	1.8792605	1313.4624927043915
150	-453.22797	30.190594	-406.49292	-493.4351	1000.0	-38.4193	5.9996448	9.037394	-74.19645	755000	0.04673618	184.38074	-0.0015520193	-50.096176	9.402228	1.8439587	1324.5180957317352
151	-469.5959	90.75015	-361.1077	-586.7933	1000.0	-38.14879	6.105482	-5.040935	-74.54177	760000	0.09856647	231.7963	-0.0018706843	-59.49913	9.398048	1.89628	1334.1777093410492
152	-432.17505	50.003334	-332.57193	-463.57877	1000.0	-40.12557	7.690613	-19.058752	-77.15066	765000	0.07007455	199.59285	-0.0025046319	-51.82634	9.459064	1.8956437	1344.0572147369385
153	-405.07898	21.791899	-371.08154	-432.3541	1000.0	-38.809036	4.687374	-19.149082	-73.62071	770000	0.06178648	169.59595	-0.0011343919	-33.26558	9.382303	1.8479778	1353.9983048439026
154	-399.63632	52.654102	-324.82413	-457.76718	1000.0	-36.805855	3.2781396	-2.1329968	-65.819435	775000	0.018037336	227.54767	-0.0016024094	-34.890213	9.345686	1.8276656	1363.3244726657867
155	-444.33408	79.74247	-363.7933	-588.41846	1000.0	-36.9097	4.783163	37.95956	-65.6962	780000	0.08430364	296.63596	-0.0017296523	-101.64818	9.4598675	1.8995851	1373.0551362037659
156	-450.33722	48.809868	-386.54727	-512.65894	1000.0	-36.20445	6.3599987	3.5645168	-73.49649	785000	0.15744634	209.23524	-0.0011841953	-53.767166	9.392196	1.8140769	1382.6249282360077
157	-405.7102	29.172771	-358.80493	-449.6562	1000.0	-40.58688	5.081573	19.497038	-76.09303	790000	0.023221662	164.25941	-0.0016689822	-44.593338	9.426356	1.8879229	1392.4255845546722
158	-411.83798	26.237717	-388.07343	-455.73587	1000.0	-36.42862	2.9904444	-25.110346	-63.167343	795000	0.07110074	144.6271	-0.0018447861	-13.506256	9.369297	1.8185222	1402.232310295105
159	-431.72485	68.51868	-349.49612	-547.5285	1000.0	-37.41648	3.025873	-14.091974	-64.91203	800000	0.08956123	198.05539	-0.0015536994	-43.9834	9.3982	1.8674736	1411.904040813446
160	-446.40097	53.177727	-394.5208	-515.8627	1000.0	-37.822845	5.952769	6.828897	-74.474655	805000	0.07416372	173.69298	-0.0016320273	-22.265121	9.444077	1.8773172	1422.7965743541718
161	-423.09277	45.641193	-334.99054	-457.29413	1000.0	-39.982044	6.0347743	-4.0744796	-74.76615	810000	0.022453675	303.61334	-0.0011996217	-52.095444	9.405197	1.8421342	1432.381727695465
162	-419.8565	80.73829	-291.80524	-514.40454	1000.0	-37.77222	6.266347	6.3709764	-75.18528	815000	0.042218395	397.7805	-0.0018271878	-169.78398	9.416673	1.8808547	1441.8817915916443
163	-404.83276	62.28848	-309.27148	-488.38635	1000.0	-38.22827	9.58073	49.734165	-74.5063	820000	-0.0021380677	342.9913	-0.001390164	-165.81805	9.4264145	1.8679894	1451.2942326068878
164	-464.7834	44.316235	-427.15308	-550.77075	1000.0	-35.89238	6.415849	-4.962438	-73.92121	825000	0.08972564	200.24376	-0.0015182346	-59.467438	9.415319	1.830161	1460.8251252174377
165	-441.8825	28.622843	-392.2047	-470.35776	1000.0	-40.313377	3.5555878	-22.362213	-71.515015	830000	0.032044057	158.57185	-0.0011763535	-14.42012	9.445378	1.8619112	1470.7350606918335
166	-419.0851	36.648556	-376.03244	-478.26245	1000.0	-39.976868	4.612443	-1.9245474	-70.87517	835000	0.15552498	234.6107	-0.0022313297	-36.026062	9.343376	1.7804992	1480.378588438034
167	-456.76923	80.01152	-326.82642	-549.222	1000.0	-39.546944	4.20234	-8.036934	-70.01849	840000	0.04589377	294.3814	-0.0014644414	-100.769165	9.436141	1.8651344	1490.2329137325287
168	-408.88593	22.844135	-376.16385	-444.87952	1000.0	-38.806904	8.374079	24.593805	-75.31746	845000	0.049465947	259.975	-0.0015968047	-115.14816	9.471336	1.8761727	1499.676311969757
169	-473.55917	57.16667	-416.98166	-579.81616	1000.0	-38.27782	2.7149537	-4.9547386	-63.663517	850000	0.07542998	277.0074	-0.001617983	-88.10126	9.390338	1.8288645	1509.294780254364
170	-439.9323	20.825195	-417.58392	-473.88055	1000.0	-42.67985	7.247402	-8.917925	-76.771416	855000	0.015355708	204.61157	-0.0012706462	-38.870316	9.392604	1.826132	1519.9962861537933
171	-433.03653	26.793835	-399.02142	-479.90335	1000.0	-38.511654	4.2734327	-0.5464975	-69.7496	860000	-0.018225964	189.95375	-0.0018243678	-26.017227	9.475065	1.8973572	1529.9466445446014
172	-367.435	148.26564	-71.20897	-449.67453	849.4	-39.7492	5.338764	8.365601	-69.864716	865000	0.059067164	230.80772	-0.001621563	-61.90358	9.41453	1.8178973	1539.5907697677612
173	-397.09497	51.01401	-328.4811	-452.8152	1000.0	-38.995617	4.4766097	3.285075	-63.31934	870000	0.10612321	511.8929	-0.0023467094	-191.07178	9.468767	1.9435934	1549.3883221149445
174	-420.74237	49.773514	-344.9762	-495.61252	1000.0	-37.40742	8.989018	26.757132	-76.32019	875000	0.15964024	204.36014	-0.0013631582	-61.956818	9.359509	1.8290565	1559.3989248275757
175	-434.1267	29.510063	-385.0411	-459.9672	1000.0	-38.00303	6.283718	20.771519	-73.4458	880000	-0.015327348	196.85724	-0.0013900874	-36.98987	9.400087	1.7938426	1569.3911619186401
176	-409.29657	70.543015	-312.11987	-532.5909	1000.0	-39.51566	3.8034012	1.8104202	-68.00722	885000	0.13889444	181.66133	-0.0018443465	-28.974472	9.265206	1.7194799	1579.045526266098
177	-410.73175	52.93971	-347.14978	-477.98508	1000.0	-37.460133	3.4217782	2.4433413	-62.39485	890000	0.1225745	222.83955	-0.0013728142	-30.871933	9.34262	1.7523125	1588.8987686634064
178	-417.02988	33.545204	-371.74655	-450.60574	1000.0	-38.908367	4.031717	9.459556	-71.78358	895000	0.0121773835	161.02153	-0.002141214	-23.149002	9.515272	1.9007363	1598.544404745102
179	-421.34872	38.131485	-380.10938	-486.18542	1000.0	-38.85183	4.977927	-3.1101403	-68.251656	900000	0.09873401	238.172	-0.002386421	-43.12886	9.404087	1.8184328	1607.80699801445
180	-431.31094	53.243618	-349.03543	-507.63272	1000.0	-36.753708	4.2994146	15.186321	-65.551605	905000	0.0809841	207.0758	-0.0015733168	-33.804184	9.439606	1.8859245	1618.546596288681
181	-425.06137	49.049812	-359.09235	-485.60425	1000.0	-39.155636	4.4504075	1.9429862	-67.589264	910000	-0.023799328	173.8943	-0.001273891	-24.442245	9.431702	1.8245414	1628.5238251686096
182	-493.08722	53.53936	-415.96356	-570.2526	1000.0	-38.91797	5.1835885	2.377307	-71.92421	915000	0.0937392	261.83466	-0.0008837804	-54.220078	9.383087	1.7768509	1638.2377235889435
183	-453.1219	85.59886	-321.0107	-588.9546	1000.0	-42.00257	5.4580708	-14.495919	-76.50415	920000	0.10560709	237.92885	-0.0016231909	-43.168655	9.3923	1.7656219	1647.8124125003815
184	-319.3059	160.97516	-3.929203	-494.66486	765.3333	-42.03144	6.676955	17.236551	-80.3163	925000	-0.029961316	323.0629	-0.0017068367	-100.9144	9.508482	1.9208664	1657.610857963562
185	-408.5252	76.46231	-285.57224	-514.6696	1000.0	-37.425762	4.813722	-4.6252184	-73.42113	930000	0.056866314	262.16776	-0.0016336963	-46.74391	9.398187	1.8237861	1667.0266439914703
186	-469.36542	28.291922	-443.12686	-519.19995	1000.0	-36.534195	6.1094947	-9.6522255	-76.60551	935000	0.17832087	229.50896	-0.001325056	-40.85202	9.4590645	1.8921711	1676.8388171195984
187	-444.78204	51.048954	-395.79462	-532.7715	1000.0	-40.31154	5.5353656	-11.04488	-75.25156	940000	0.06699759	220.33965	-0.002267547	-34.671295	9.398811	1.7814043	1686.1266391277313
188	-446.8369	32.688732	-396.00446	-498.2794	1000.0	-38.874283	5.194323	10.276131	-75.467834	945000	0.08687965	190.55334	-0.0017350242	-27.800858	9.370602	1.7937309	1695.7141802310944
189	-489.55878	50.75314	-421.07132	-561.61566	1000.0	-39.79485	3.9501834	-7.2982907	-69.17781	950000	0.00063128665	276.48474	-0.0015170318	-77.53557	9.486515	1.8657844	1705.339228630066
190	-407.36194	51.183407	-312.33823	-455.98843	1000.0	-42.09982	6.295155	-14.336169	-77.49359	955000	-0.013350336	311.43427	-0.0011574142	-108.00073	9.420307	1.8148429	1716.4380886554718
191	-390.11127	70.788795	-258.5478	-463.95822	1000.0	-36.557236	5.5068064	10.56246	-76.10481	960000	0.08290358	344.0667	-0.0021276474	-94.92854	9.486404	1.8766336	1725.862493276596
192	-441.10962	63.669006	-348.55704	-535.82556	1000.0	-36.12163	5.0277686	25.813568	-70.808205	965000	0.10801226	203.5171	-0.0014517158	-54.579117	9.378877	1.8054969	1735.6669707298279
193	-460.75107	46.977512	-394.91376	-515.76404	1000.0	-39.930832	5.4678197	14.838302	-78.60756	970000	0.015686527	188.54054	-0.0013367468	-22.240143	9.3259535	1.7080317	1745.3556070327759
194	-421.056	48.701145	-373.90146	-510.47638	1000.0	-40.90395	6.8333187	15.848515	-80.09095	975000	0.018669922	316.6527	-0.0015242547	-89.00284	9.352402	1.7559273	1754.9753580093384
195	-431.3037	44.30326	-395.90787	-517.8531	1000.0	-37.90795	4.141788	11.316956	-64.458725	980000	0.14961267	178.28986	-0.0016164333	-27.381561	9.347869	1.7573817	1764.603980064392
196	-377.14194	25.26715	-344.5095	-405.19485	1000.0	-38.28472	4.622837	22.358398	-66.79175	985000	0.09773055	174.9636	-0.0022607893	-33.99504	9.397524	1.8559265	1774.348459482193
197	-415.46866	70.94338	-339.63434	-509.97263	1000.0	-35.34047	3.7872703	11.994162	-69.15858	990000	0.19319749	227.88893	-0.00175713	-40.193756	9.368159	1.7662041	1783.825499534607
198	-438.74838	59.553146	-394.63333	-555.8229	1000.0	-37.33268	4.3030667	1.034133	-69.49275	995000	0.09253249	213.62054	-0.0016960949	-41.316666	9.405492	1.8009926	1793.492606163025
199	-435.8581	21.33647	-400.57355	-456.84766	1000.0	-39.378437	5.2857733	4.336666	-76.746994	1000000	0.095966116	206.32791	-0.0017577559	-29.690552	9.295649	1.7303908	1803.3907163143158
200	-483.72568	70.83776	-396.06625	-575.34753	1000.0	-39.77939	5.1839886	7.3992496	-72.95176	1005000	0.073901035	474.58365	-0.0015728474	-122.39929	9.396694	1.765115	1814.2268235683441
201	-435.15567	32.27922	-384.01398	-484.14307	1000.0	-43.432713	6.0820556	-16.418125	-83.2265	1010000	0.054954346	200.80785	-0.0010585822	-43.894333	9.408474	1.7889082	1824.1186530590057
202	-365.11343	166.13177	-45.724674	-500.70947	817.0	-40.41832	7.027466	6.9758234	-80.169624	1015000	0.022492515	255.6524	-0.0013900157	-55.999664	9.383067	1.8067619	1834.0762481689453
203	-423.10028	25.745028	-394.45612	-468.28128	1000.0	-38.65789	4.1161137	-3.007006	-70.073044	1020000	0.10331292	203.08424	-0.0018336326	-46.354645	9.478845	1.8508496	1843.3671979904175
204	-381.27972	16.662876	-356.3023	-401.62497	1000.0	-37.034702	5.123147	26.114592	-63.35814	1025000	0.16125005	163.80742	-0.001436621	-31.707138	9.398256	1.8425161	1852.878859758377
205	-405.03214	95.28432	-241.72397	-502.90054	1000.0	-35.024624	4.075948	13.006781	-66.27171	1030000	0.05494341	283.403	-0.001606293	-60.341064	9.48689	1.8835688	1862.6906516551971
206	-342.9509	191.04436	12.944615	-529.70544	771.3333	-36.452938	6.641594	33.52487	-75.02	1035000	0.085992135	391.765	-0.0017085671	-119.74106	9.358803	1.7192551	1872.9610300064087
207	-458.9787	35.888966	-419.4325	-524.04395	1000.0	-42.048233	6.0566144	15.28078	-70.05803	1040000	0.06483093	265.0032	-0.0010329783	-90.83502	9.387382	1.7794894	1883.0388247966766
208	-393.2348	43.36517	-315.57486	-445.35577	1000.0	-39.09805	4.7343626	6.1475945	-73.68036	1045000	0.09755928	218.64815	-0.0018480048	-61.43489	9.421286	1.7920136	1892.803956270218
209	-422.67227	78.14621	-323.88638	-538.64734	1000.0	-36.68268	4.360203	11.073432	-65.379555	1050000	0.040360995	276.01825	-0.0011701658	-65.95833	9.438582	1.824219	1902.3187062740326
210	-440.18164	79.300354	-329.20486	-520.65814	1000.0	-37.561718	5.486712	-6.956484	-77.48024	1055000	0.07522962	162.23892	-0.0017814934	-21.87738	9.390133	1.7868481	1913.1374366283417
211	-403.09668	78.47747	-270.03415	-486.13025	1000.0	-38.006336	5.9653654	1.611674	-75.19762	1060000	0.08880643	292.5118	-0.0015910193	-102.68448	9.420421	1.8104769	1922.7152168750763
212	-419.86163	51.338036	-360.21967	-513.765	1000.0	-37.683136	7.089929	28.575397	-76.38255	1065000	0.15705234	255.6377	-0.0019211471	-69.74722	9.39939	1.8168749	1932.4023833274841
213	-462.7522	59.58595	-391.38443	-536.29486	1000.0	-37.68004	4.24419	-15.355904	-77.553116	1070000	0.011439679	189.7867	-0.0018682238	-33.16539	9.419958	1.7672801	1942.1209874153137
214	-435.5787	15.745042	-406.4805	-454.18106	1000.0	-40.627827	5.518571	-12.828917	-80.271706	1075000	0.083503366	175.42917	-0.0010503754	-33.435013	9.286877	1.7425588	1952.0639083385468
215	-435.95517	65.00217	-344.86295	-543.7998	1000.0	-37.27693	4.1064973	8.692652	-73.94312	1080000	0.042701673	190.12965	-0.0012431405	-22.320114	9.397644	1.7834928	1961.5971336364746
216	-427.45245	68.63392	-327.77515	-534.31824	1000.0	-38.872364	4.646869	11.717241	-79.04876	1085000	-0.008914252	178.57436	-0.0015672622	-32.120605	9.2632065	1.6587535	1971.0976271629333
217	-432.8449	73.020615	-302.5595	-522.41144	1000.0	-40.626755	8.685618	29.2094	-79.985695	1090000	0.096024565	387.20493	-0.0019621253	-114.155914	9.413556	1.7788597	1980.4932458400726
218	-453.04004	79.166145	-380.74026	-578.0747	1000.0	-37.14159	6.901006	8.000044	-75.9836	1095000	0.11773791	312.8563	-0.0010187253	-91.117386	9.363377	1.7207744	1990.1403901576996
219	-440.2002	45.926125	-386.9405	-513.32904	1000.0	-42.481606	5.7643604	16.730888	-74.6687	1100000	0.000834729	187.91382	-0.0015122314	-54.43112	9.359851	1.7749767	1999.7852063179016
220	-437.6875	79.56343	-289.39972	-508.7219	1000.0	-39.023663	5.894186	30.415886	-72.80782	1105000	0.049501356	314.0289	-0.001360666	-72.52835	9.366875	1.809857	2011.8048067092896
221	-431.57324	78.697334	-332.87207	-544.23474	1000.0	-38.43136	6.567838	25.068146	-78.080574	1110000	0.0450677	218.66983	-0.0012164973	-54.394928	9.304332	1.6914117	2021.324358701706
222	-442.81625	51.41345	-352.05194	-502.69382	1000.0	-39.065308	6.251998	25.891537	-75.48552	1115000	0.118194774	215.28215	-0.0017222017	-50.087524	9.419042	1.7834237	2031.1041152477264
223	-456.56503	20.561922	-430.23282	-485.5092	1000.0	-39.45219	4.7502275	4.768689	-69.706665	1120000	0.10746138	170.95157	-0.0016273484	-35.254623	9.428986	1.8164506	2041.0392663478851
224	-423.90625	65.214096	-337.4202	-519.485	1000.0	-41.18423	5.378187	-17.402271	-75.054855	1125000	0.029162658	251.22122	-0.0014517736	-51.597565	9.422455	1.784859	2050.7498936653137
225	-433.66342	19.88905	-395.66733	-453.6066	1000.0	-38.303856	5.1718893	19.291653	-75.5368	1130000	0.011431006	174.76308	-0.0016893251	-24.192734	9.442285	1.8111933	2060.516078710556
226	-456.48633	61.122894	-388.73062	-561.58636	1000.0	-38.569057	3.7927337	-6.912266	-72.915344	1135000	0.019552197	286.50797	-0.0013311617	-48.473465	9.528225	1.8617742	2070.79195356369
227	-461.54468	66.018234	-390.43292	-575.80566	1000.0	-40.948	5.671554	-14.004552	-79.78407	1140000	-0.033138417	430.6842	-0.0018365942	-109.884766	9.3897705	1.724927	2080.239437818527
228	-426.3605	61.39365	-357.77	-527.9929	1000.0	-39.799793	7.639089	8.848889	-82.12349	1145000	0.05116598	242.0882	-0.0015507564	-41.6102	9.342044	1.7235246	2089.906245946884
229	-490.84003	31.891376	-455.24677	-530.59784	1000.0	-38.789097	6.0821495	-6.8420887	-78.382935	1150000	0.04942647	341.789	-0.0024185553	-68.46805	9.299422	1.7144411	2099.546851873398
230	-460.59082	26.110947	-429.0241	-498.1803	1000.0	-43.65332	5.809852	-15.590474	-80.64571	1155000	0.07106984	250.5132	-0.0016156286	-74.09024	9.384228	1.8079332	2110.578567504883
231	-440.73346	53.77194	-376.17075	-523.343	1000.0	-38.22894	7.0379744	-12.421523	-81.76405	1160000	0.08076304	216.02972	-0.000977397	-44.566925	9.423164	1.7921902	2120.334644317627
232	-464.70288	40.679703	-421.74408	-523.9638	1000.0	-39.673473	5.250792	-10.481825	-79.51057	1165000	0.06041384	173.72588	-0.0013155304	-44.159317	9.364126	1.764539	2130.0748419761658
233	-447.48886	61.64225	-335.49448	-524.13306	1000.0	-40.50828	7.3970985	-9.893871	-80.36759	1170000	0.023638489	252.97275	-0.0014698524	-57.073486	9.281955	1.6660196	2139.415739774704
234	-426.04355	58.250523	-331.71948	-497.03955	1000.0	-39.95519	4.8337817	-9.328006	-75.977516	1175000	0.026124487	220.76555	-0.0010800138	-50.35608	9.3606415	1.7404629	2148.893393278122
235	-411.89667	60.58642	-293.95975	-458.44382	1000.0	-39.06157	5.161206	6.4796257	-71.469246	1180000	0.06318235	249.9187	-0.0015219748	-59.90738	9.351391	1.7584286	2158.6523563861847
236	-419.16147	49.651474	-345.9997	-474.64993	1000.0	-37.377853	4.8732934	5.1040373	-76.68291	1185000	0.034435492	244.22694	-0.0015870817	-48.726196	9.433703	1.841809	2168.358779668808
237	-423.06818	77.620155	-305.75732	-549.6994	1000.0	-36.577145	6.0161557	2.1510446	-74.042915	1190000	-0.013876339	325.1772	-0.001344556	-72.47354	9.435912	1.7766621	2178.0340690612793
238	-456.0462	65.14176	-355.76736	-556.78955	1000.0	-39.334896	4.588223	0.4207521	-74.57626	1195000	0.08362016	175.31206	-0.0019913465	-27.081863	9.3923645	1.7552613	2188.1996335983276
239	-448.13663	32.503735	-391.42047	-481.9641	1000.0	-40.92028	3.6720757	3.344417	-74.53507	1200000	0.12332434	180.63866	-0.0022658184	-24.415604	9.360268	1.7003465	2197.9029240608215
240	-489.2951	61.080166	-426.80402	-598.8184	1000.0	-41.740143	5.1600904	-6.907853	-79.20021	1205000	0.15552713	266.78165	-0.0011061877	-89.928986	9.400445	1.7655729	2208.962797641754
241	-450.88437	48.27807	-385.28806	-499.90573	1000.0	-42.980244	8.311819	8.584952	-88.686554	1210000	0.1230813	194.61342	-0.0025124252	-46.13437	9.481895	1.8096457	2218.3943972587585
242	-404.6866	37.00181	-359.6176	-450.95117	1000.0	-40.842922	4.7023935	-15.032402	-77.17734	1215000	0.038689006	202.4577	-0.001282189	-49.12213	9.417613	1.8117566	2228.1926848888397
243	-451.51538	62.643135	-357.04346	-539.3756	1000.0	-37.93792	3.815695	-4.50224	-72.66878	1220000	0.02915003	187.09467	-0.0016360134	-27.139038	9.464263	1.7855145	2238.1557421684265
244	-480.10162	37.635483	-407.26224	-515.96344	1000.0	-39.751682	4.578162	-5.9175415	-77.165306	1225000	0.07213433	163.46336	-0.0015926585	-25.456757	9.360631	1.701707	2247.711597919464
245	-417.3676	20.276173	-394.55783	-451.00195	1000.0	-42.961308	5.534889	-4.4330053	-84.92511	1230000	0.020594198	208.67288	-0.0014317464	-68.95056	9.402368	1.7767392	2257.3941473960876
246	-470.28345	89.70881	-382.70825	-638.97174	1000.0	-36.00272	5.189554	-0.85139644	-70.68278	1235000	0.100488394	258.98694	-0.0015774667	-77.10036	9.395769	1.7141498	2266.844753742218
247	-435.04883	26.31762	-389.7296	-468.12604	1000.0	-42.615604	5.392549	-10.610141	-80.65709	1240000	0.08800293	214.3446	-0.0014396608	-49.217926	9.3793545	1.7410402	2276.3599004745483
248	-371.63007	47.122913	-288.26376	-410.79645	1000.0	-37.80822	5.0027256	2.470204	-68.61162	1245000	0.07643209	190.09715	-0.0016609654	-48.833298	9.435733	1.7836256	2286.066777944565
249	-406.79907	41.83316	-357.1526	-474.02124	1000.0	-35.183643	4.6998262	10.686949	-75.36723	1250000	0.08359502	182.63985	-0.0011860058	-33.890854	9.3593855	1.7414758	2297.1773664951324
