Epoch	AverageEpRet	StdEpRet	MaxEpRet	MinEpRet	AverageTestEpRet	StdTestEpRet	MaxTestEpRet	MinTestEpRet	EpLen	TestEpLen	TotalEnvInteracts	AverageQVals	StdQVals	MaxQVals	MinQVals	LossPi	LossQ	Time
1	-354.73087	24.70373	-327.79214	-398.12036	-2535.7563	821.57635	-76.18803	-2923.22	1000.0	902.8	5000	19.91135	19.12873	94.247734	-9.38345	-23.158613	2.6971931	26.602535724639893
2	-332.89105	6.776387	-325.9446	-344.78937	-2923.0178	78.62483	-2727.8616	-3017.5762	1000.0	1000.0	10000	121.20971	35.306507	212.16646	43.20765	-127.68728	12.181928	54.01430583000183
3	-2438.7722	110.81501	-2259.9333	-2585.893	-1638.8333	468.4786	-260.28238	-1916.6466	1000.0	916.1	15000	183.92781	8.284151	236.8701	155.53299	-186.41803	12.218793	84.96703147888184
4	-526.8273	650.3387	53.617317	-1759.8925	-9.136765	314.83124	259.0406	-849.3419	1000.0	1000.0	20000	161.38892	9.015468	207.25487	126.53472	-163.03052	4.54126	117.179771900177
5	196.34897	197.42972	432.0178	-115.37171	225.69917	136.18651	381.5594	-43.67889	1000.0	1000.0	25000	141.62611	6.6794066	173.47687	108.18521	-143.08084	2.6555936	148.8527603149414
6	246.40894	219.36584	510.2428	-48.90347	473.7374	56.33919	594.042	404.49936	1000.0	1000.0	30000	125.92118	5.5866747	155.45695	95.066055	-127.208275	2.0905912	180.84900522232056
7	459.45044	58.811783	538.96533	379.8294	512.805	111.12881	709.6865	281.87128	1000.0	1000.0	35000	114.847824	4.7340713	142.77779	81.98199	-116.07327	1.821398	213.66074323654175
8	456.6004	96.51736	590.59485	351.8791	610.8106	44.857666	680.7949	512.03986	1000.0	1000.0	40000	107.79467	4.5151014	137.07776	76.26773	-108.93658	1.706093	246.104346036911
9	487.10858	219.99635	625.48004	52.70473	546.169	43.8958	623.3638	453.09003	1000.0	1000.0	45000	102.707664	4.1748476	135.54742	71.9722	-103.78319	1.615245	278.2862448692322
10	503.09772	61.890514	588.1322	415.01477	565.1689	91.22548	691.03766	347.00378	1000.0	1000.0	50000	99.17869	4.301551	135.42014	68.11834	-100.202126	1.5770693	311.4065980911255
11	490.2287	82.802635	616.69574	395.79385	590.16254	160.56538	707.0586	213.95233	1000.0	1000.0	55000	96.803185	4.808241	135.69406	63.667248	-97.79318	1.4893061	344.7705421447754
12	541.5085	78.35791	616.33905	426.62506	593.26874	103.33176	742.6437	382.72427	1000.0	1000.0	60000	95.5455	5.4811225	136.83313	65.44967	-96.50033	1.4419212	379.3196122646332
13	387.0569	176.70433	615.7976	159.31935	663.47986	30.129461	696.6076	610.292	1000.0	1000.0	65000	94.761925	6.127167	135.36528	60.148884	-95.68617	1.4406444	412.95382928848267
14	364.95068	101.67316	550.1618	268.00528	647.19763	80.24882	722.29926	471.08524	1000.0	1000.0	70000	94.506935	6.3860765	137.66716	60.078568	-95.4176	1.5192543	447.7231559753418
15	632.2075	33.479576	669.1029	577.4565	758.43384	55.41874	839.6748	655.9846	1000.0	1000.0	75000	94.58857	6.5150437	136.87398	58.010468	-95.502785	1.4750129	483.4695031642914
16	642.4645	74.81457	705.9499	501.65732	614.9018	109.17191	714.17957	323.04996	1000.0	1000.0	80000	95.33947	6.764873	133.47182	61.54869	-96.247665	1.400429	520.8426258563995
17	628.9666	138.60124	739.6827	370.86996	624.1612	164.54012	757.7842	196.39125	1000.0	1000.0	85000	96.27311	7.2848873	135.73395	60.61817	-97.146675	1.4037352	558.5196311473846
18	663.4802	51.17504	721.0144	569.4387	656.17834	252.8263	882.5214	-59.572083	1000.0	1000.0	90000	96.79673	7.9358926	137.08388	61.846317	-97.626915	1.3860955	597.8192229270935
19	665.8554	38.02797	726.7404	623.03625	530.9772	169.74777	762.42395	167.31508	1000.0	1000.0	95000	97.06007	8.677058	149.96523	59.491673	-97.88863	1.3901316	636.2840580940247
20	494.6369	189.4754	679.2909	170.86832	544.15326	137.90907	693.4857	169.62712	1000.0	1000.0	100000	97.56996	10.215922	155.32584	56.41853	-98.38529	1.4553262	675.1261477470398
21	485.69962	285.3198	680.2724	-78.779366	389.49664	437.47247	706.8173	-731.3643	1000.0	903.4	105000	98.38345	12.203249	160.13289	56.694267	-99.22378	1.5894837	713.1277053356171
22	526.1011	67.53767	626.65985	433.5615	625.04877	33.60809	671.39233	573.0001	1000.0	1000.0	110000	99.28644	14.004545	162.61778	55.3059	-100.11786	1.6688024	752.4275758266449
23	621.204	160.42778	805.5415	335.9157	570.93964	375.59583	768.2199	-544.5581	1000.0	1000.0	115000	99.76973	15.586234	161.28893	47.376293	-100.57232	1.6961024	791.4683468341827
24	434.6188	208.8061	665.00824	46.803127	575.7201	116.0463	753.2183	406.16327	1000.0	1000.0	120000	100.055214	16.613071	163.64046	53.238255	-100.8562	1.7568762	831.9602239131927
25	418.4394	332.589	673.03265	-239.46379	477.35028	177.79913	702.74603	73.43535	1000.0	1000.0	125000	100.02275	16.938368	165.09647	52.552956	-100.8074	1.8036901	871.9203939437866
26	472.47842	184.44647	721.55945	152.74237	405.29813	215.16068	556.5972	-143.44644	1000.0	1000.0	130000	100.18712	17.499994	166.8433	49.99671	-100.95251	1.8471875	911.6208891868591
27	584.37506	44.183807	647.758	525.51764	556.047	177.63037	763.7897	70.13701	1000.0	907.9	135000	99.99813	17.461613	167.32991	54.462738	-100.744316	1.77908	950.1242206096649
28	625.8921	52.24394	705.755	552.49316	496.5251	153.78506	826.124	233.57498	1000.0	1000.0	140000	99.57936	17.285698	168.82979	55.786774	-100.32219	1.7282164	989.8431100845337
29	533.7589	100.16197	714.79407	411.7234	520.6919	188.57393	752.1791	106.0791	1000.0	1000.0	145000	99.37507	17.384521	165.86414	52.956688	-100.08935	1.6986871	1029.838079214096
30	437.27374	150.4208	685.5405	216.35092	557.93005	360.84665	777.0031	-512.7355	1000.0	1000.0	150000	98.92837	17.533943	166.71747	59.33389	-99.65351	1.7675549	1069.2274148464203
31	645.1412	40.171585	705.0062	579.1823	556.51855	67.75641	640.8494	437.14032	1000.0	1000.0	155000	98.773766	18.015585	168.26599	54.866882	-99.523865	1.7843609	1109.6956193447113
32	451.83926	93.07708	544.6787	287.80038	380.2168	155.73817	644.50867	165.50713	1000.0	1000.0	160000	99.404366	18.887524	175.44211	66.74959	-100.14766	1.8296914	1150.6472873687744
33	492.70343	104.56363	596.7792	337.19193	500.47568	303.0997	707.9223	-264.6737	1000.0	1000.0	165000	99.54854	19.614466	177.98729	65.41877	-100.2793	1.8665223	1190.6576426029205
34	506.0019	180.68428	703.9928	229.30424	639.80035	67.44166	722.2388	522.03516	1000.0	1000.0	170000	100.08223	19.51551	176.93254	68.06891	-100.8265	1.8823304	1230.8543047904968
35	523.9119	172.1029	678.88617	189.62498	651.17944	151.34615	793.7086	283.76373	856.6	1000.0	175000	100.98468	19.133396	175.45384	68.33012	-101.75289	1.9495023	1268.3745908737183
36	542.1605	126.62082	648.12683	345.9059	357.92157	163.793	548.6224	52.94757	1000.0	1000.0	180000	101.91568	19.071407	176.7576	69.2419	-102.67248	2.046174	1309.2766885757446
37	622.44714	84.631165	759.97656	524.89374	657.0659	94.01861	808.54816	526.6872	1000.0	1000.0	185000	102.2872	18.89185	172.50134	68.21817	-103.02641	2.1008747	1349.0399858951569
38	244.9263	404.38507	566.98346	-544.5205	-151.95134	561.36365	439.57526	-1446.6093	1000.0	1000.0	190000	102.492485	18.942781	174.24284	69.36005	-103.22741	2.1803603	1390.213280916214
39	361.54584	197.43784	747.2801	210.91495	554.4262	225.19196	729.5812	82.0403	1000.0	908.7	195000	102.39516	19.06138	173.8651	70.0072	-103.118355	2.2103367	1430.0466039180756
40	499.76	90.85862	628.71606	387.1203	626.59393	227.33017	777.02405	-13.084988	1000.0	1000.0	200000	101.99477	19.128176	172.52873	67.041504	-102.70569	2.2044823	1470.0976123809814
41	532.0829	175.54022	758.2709	253.96318	591.53125	90.52461	739.27106	399.82474	1000.0	1000.0	205000	102.14259	19.17807	173.39691	68.14635	-102.87725	2.168248	1510.6227474212646
42	669.4575	69.94755	788.71655	589.2331	334.82837	175.12518	501.902	-80.202415	1000.0	1000.0	210000	101.982605	19.516571	176.44066	67.3305	-102.68247	2.2158668	1551.4770019054413
43	313.4157	266.17538	599.989	-168.76276	465.04718	132.6602	714.2697	236.71875	1000.0	1000.0	215000	101.7201	19.792515	175.29814	69.05706	-102.452484	2.3711867	1592.1077032089233
44	600.9544	85.18508	700.9103	486.0067	483.90967	182.47766	742.6578	232.93567	1000.0	1000.0	220000	102.696846	19.929144	175.51715	51.904015	-103.44293	2.3156874	1632.4499862194061
45	442.87256	171.40555	619.6318	183.01009	577.3651	91.56739	767.6261	407.05887	1000.0	1000.0	225000	103.439316	19.846199	179.30481	59.65317	-104.177666	2.219163	1673.1436603069305
46	438.98315	157.11462	576.44434	145.93974	468.27637	320.0478	757.0133	-333.3921	1000.0	1000.0	230000	103.28545	19.763853	177.94629	67.114426	-103.97752	2.21741	1713.3414192199707
47	543.1504	56.957584	602.7399	450.2055	294.0854	218.54549	624.39795	-60.64708	1000.0	1000.0	235000	102.86131	19.85736	178.80836	64.95997	-103.5621	2.3032398	1754.629441022873
48	265.753	342.6164	655.2107	-287.20245	449.0853	228.01997	640.4744	-41.896847	1000.0	1000.0	240000	102.649864	19.633749	178.02078	59.185905	-103.34271	2.3031032	1795.5292234420776
49	271.6684	604.8229	597.88165	-937.41016	562.3049	52.699455	662.2168	508.9623	1000.0	1000.0	245000	102.227036	19.150646	176.84096	60.839108	-102.918	2.254633	1836.8992002010345
50	481.67926	105.3937	630.0371	312.77368	556.494	92.47936	720.70325	436.41714	1000.0	1000.0	250000	102.22998	18.937443	177.06064	60.92477	-102.93115	2.2721741	1877.8709905147552
51	319.85266	226.39096	543.5474	-72.106964	488.05185	129.88557	702.87177	258.75058	1000.0	1000.0	255000	102.232544	18.539087	177.34787	56.908737	-102.91455	2.2808497	1919.2832233905792
52	366.02185	92.65176	457.4421	198.50476	467.89752	112.250336	737.53894	328.35226	1000.0	1000.0	260000	101.46693	18.227259	175.68549	56.79995	-102.135666	2.2401786	1961.2632803916931
53	496.9554	66.27451	563.23505	382.71948	603.25195	61.787148	688.3912	487.23572	1000.0	1000.0	265000	101.4265	17.948885	173.40173	51.905495	-102.125534	2.2804534	2002.1646728515625
54	563.99445	61.080166	648.2175	466.4334	224.57735	460.97238	769.3111	-891.5295	1000.0	1000.0	270000	101.47206	17.942337	175.64304	47.995117	-102.15541	2.262779	2043.9433495998383
55	445.29248	170.36539	591.1812	121.75009	587.6898	257.58713	728.6134	-149.561	1000.0	1000.0	275000	101.312744	17.825758	174.00601	52.694973	-101.99924	2.3279474	2085.7434208393097
56	405.74802	167.38333	591.8507	106.85605	412.0646	269.92648	744.0455	-134.20607	1000.0	1000.0	280000	101.34559	17.856903	174.09317	50.22853	-102.02464	2.3079352	2127.4277255535126
57	491.72794	130.1049	610.5065	252.46143	-2.001007	464.73322	614.34094	-743.50183	1000.0	903.1	285000	101.076614	17.694798	174.7335	57.358974	-101.763954	2.2871525	2167.4754111766815
58	313.649	426.22946	547.5269	-538.0852	594.7245	53.915024	680.5095	523.18274	1000.0	1000.0	290000	101.31285	17.439087	173.27534	56.30667	-101.994354	2.2978458	2207.4525089263916
59	267.39844	349.4365	588.41235	-403.28824	552.83984	206.05893	818.2083	64.84019	1000.0	1000.0	295000	101.11123	17.130812	175.9993	62.118534	-101.78468	2.3160722	2247.388060092926
60	377.1744	121.42064	538.71	186.29536	564.8093	154.04114	811.50684	308.49313	1000.0	1000.0	300000	100.89243	16.979969	175.18768	64.529526	-101.56134	2.2749352	2287.362180709839
61	508.18945	101.10269	630.4119	365.31158	655.6231	112.021065	784.4944	355.42862	1000.0	1000.0	305000	100.88094	17.17439	173.21637	62.16338	-101.55503	2.3455248	2327.272773504257
62	647.43274	115.01087	824.07776	532.9706	590.69904	321.27237	822.97424	-344.0829	1000.0	1000.0	310000	101.10099	17.010746	173.14009	60.49204	-101.792496	2.2638686	2367.6746509075165
63	587.54364	49.02738	653.19617	522.40094	473.17523	140.71098	649.6276	280.93988	1000.0	1000.0	315000	101.41264	16.871943	172.91609	60.243565	-102.09605	2.3044457	2407.5937390327454
64	502.64337	154.70242	704.6435	226.20631	450.52594	442.48785	744.2882	-854.6513	1000.0	1000.0	320000	101.55533	16.571861	173.39523	58.197487	-102.222694	2.1777706	2447.358609676361
65	539.37354	152.03174	704.61597	265.98026	347.04376	241.25186	574.5088	-194.1679	1000.0	1000.0	325000	101.62202	16.355545	176.77773	51.409206	-102.302635	2.1454303	2487.8599741458893
66	562.3421	85.20354	655.5817	407.75302	666.10895	68.97533	738.6156	529.67456	1000.0	1000.0	330000	102.027016	16.08901	170.91243	65.26736	-102.71711	2.0797381	2528.2448258399963
67	520.0236	259.07675	688.933	5.060933	658.8727	125.51505	836.4142	383.51666	1000.0	1000.0	335000	102.42067	15.786446	170.05247	65.412895	-103.09515	2.1102798	2567.7590160369873
68	591.9518	50.706493	664.95746	515.9917	632.90125	282.89136	872.8867	-174.95961	1000.0	1000.0	340000	102.50367	15.524261	172.62253	54.6347	-103.177124	2.1733656	2608.9649198055267
69	641.3906	47.72217	700.72675	581.88885	422.81586	268.96475	736.33887	-277.92395	1000.0	1000.0	345000	102.78178	15.560576	183.48518	66.90829	-103.45244	2.2102354	2649.4605708122253
70	559.64703	110.631966	692.32733	357.5798	590.06964	125.436935	726.44653	371.01495	1000.0	1000.0	350000	103.016685	15.969602	185.03644	62.315105	-103.69484	2.2273479	2690.015107870102
71	512.8335	103.560074	600.702	318.23242	646.12177	153.32697	865.0046	358.04108	1000.0	1000.0	355000	102.96717	15.974414	176.58109	31.518913	-103.61218	2.16929	2730.7204213142395
72	534.0011	176.31194	687.6756	193.10013	720.4108	109.98657	876.9312	545.7362	1000.0	1000.0	360000	102.70388	16.101238	173.79362	67.17444	-103.37014	2.1503723	2770.6599082946777
73	679.99994	114.08389	858.7963	501.72586	581.6477	152.53773	756.2348	259.425	1000.0	1000.0	365000	102.7822	16.258345	177.46678	66.10169	-103.43513	2.191571	2811.073746442795
74	383.84543	218.66754	627.1371	8.984096	441.02728	311.56097	707.7347	-277.37927	841.0	1000.0	370000	102.81614	16.052855	175.59581	58.256992	-103.4885	2.2011852	2851.4383659362793
75	654.59424	99.77899	741.19696	474.96057	606.2567	292.1307	876.6253	34.40938	1000.0	905.8	375000	103.27965	16.01293	173.71037	63.841763	-103.94901	2.225743	2891.1009044647217
76	663.1965	76.150085	805.3217	596.7758	546.4708	125.94494	718.14624	247.70253	1000.0	1000.0	380000	103.591644	15.993268	174.78963	40.139065	-104.2776	2.2106464	2931.448318004608
77	593.34406	39.820824	656.9097	551.5847	598.28735	113.1197	743.64795	407.56763	1000.0	1000.0	385000	104.07835	16.59961	179.13446	59.228447	-104.733376	2.282995	2972.2691271305084
78	456.85294	81.53553	546.27075	357.8861	660.9855	93.513084	868.80096	469.33755	1000.0	1000.0	390000	103.76572	16.89235	185.32755	61.92276	-104.415764	2.4234757	3013.305530309677
79	589.18195	83.045586	739.77185	484.73273	526.88586	129.45093	696.01575	223.73967	1000.0	1000.0	395000	103.23159	17.037878	176.63142	53.6281	-103.86087	2.4140933	3054.156135082245
80	650.7269	100.389725	800.4327	543.42346	557.4223	222.83937	770.45435	-19.524158	1000.0	1000.0	400000	102.57962	17.530489	178.36897	25.231585	-103.20321	2.503927	3094.535642385483
81	473.39658	165.71796	665.6233	226.4565	497.96338	211.37646	762.1024	184.89737	1000.0	1000.0	405000	101.90994	17.918175	181.6245	57.967472	-102.523705	2.501648	3135.490639925003
82	377.65808	104.93778	576.9967	285.8853	328.10077	231.09132	566.23	-124.19615	1000.0	903.3	410000	101.30425	18.481813	188.26074	57.697437	-101.930145	2.6016273	3175.243355035782
83	392.47372	150.6998	557.67255	203.97652	416.6972	182.85779	633.7183	38.33772	1000.0	913.4	415000	100.887	18.882559	184.7554	59.020138	-101.50447	2.5829666	3215.442591905594
84	565.28864	66.90484	661.71466	454.96518	582.1083	57.848278	690.2388	488.48926	1000.0	1000.0	420000	100.41487	19.349993	184.28885	59.709633	-101.02753	2.7018907	3256.3324410915375
85	579.07166	59.318615	667.93823	487.8419	622.3297	80.69433	741.8003	480.62628	1000.0	1000.0	425000	100.513214	19.914362	183.97308	58.30752	-101.15414	2.8321648	3297.401996612549
86	464.1464	167.55495	622.5685	161.54138	436.3414	220.6932	763.72797	114.82055	1000.0	1000.0	430000	100.61688	20.182346	183.1275	52.114716	-101.2439	2.7632587	3338.3761324882507
87	426.30396	136.44336	538.82587	162.5994	623.01	97.47566	727.9389	418.20105	1000.0	1000.0	435000	100.37008	20.382973	180.8603	48.540916	-100.98235	2.725909	3379.4881393909454
88	450.09888	140.48155	654.8045	280.4889	620.9141	133.51552	743.2762	289.27924	1000.0	1000.0	440000	100.07437	20.867788	181.4329	40.853477	-100.699066	2.9094102	3420.549472093582
89	512.78436	140.357	631.2107	238.90054	343.6678	241.3183	651.095	-122.636314	1000.0	919.4	445000	100.09662	21.277544	184.72592	45.496082	-100.7183	2.9431353	3461.109013557434
90	496.21176	207.2527	673.90594	111.98987	418.57364	155.4413	692.726	250.267	1000.0	1000.0	450000	99.73222	21.056246	184.93253	48.499435	-100.34115	2.8853629	3502.1508705615997
91	494.9607	193.28201	655.53577	137.87471	642.259	252.33305	986.6231	241.26508	1000.0	1000.0	455000	99.53687	21.230295	186.8292	54.207462	-100.15776	3.0445595	3543.6188378334045
92	437.05063	98.315506	557.4548	319.96542	205.66719	265.4544	688.8261	-281.82764	1000.0	1000.0	460000	99.438805	21.555979	188.16774	50.34457	-100.044914	3.1038594	3585.4508776664734
93	304.27972	211.992	718.1105	2.5814877	416.20523	234.20995	723.79926	-199.87665	838.1667	1000.0	465000	98.96998	21.6295	185.72417	40.93828	-99.58012	3.1482928	3628.304173707962
94	355.69983	127.369774	548.22174	159.44243	288.65814	210.71164	497.22632	-125.09891	1000.0	1000.0	470000	98.61275	21.787863	186.19807	28.723896	-99.21065	3.0185714	3670.044293642044
95	341.48117	73.81997	424.8122	212.43205	308.85052	147.63089	491.27795	-34.629757	1000.0	909.3	475000	98.51556	22.433365	188.76822	55.73764	-99.12267	3.1690948	3710.3825669288635
96	374.2233	297.14835	754.3816	-75.78662	484.1158	161.81532	648.6703	57.17278	1000.0	1000.0	480000	98.32166	22.575651	188.28088	54.600418	-98.934166	3.369643	3751.6379532814026
97	536.48566	139.30568	734.1269	334.95715	500.51074	101.40115	681.6095	343.33453	1000.0	1000.0	485000	98.60963	22.484705	187.7547	45.32974	-99.23929	3.1910362	3793.0051090717316
98	366.8702	184.9617	624.63715	80.17549	254.76543	189.92896	502.00784	-154.56259	1000.0	1000.0	490000	98.73447	22.277145	186.08519	59.146767	-99.351364	3.2257082	3835.1239199638367
99	262.02728	129.88617	449.52225	112.979294	315.51886	175.61511	571.6638	-36.391777	1000.0	1000.0	495000	98.61565	22.253868	193.88792	42.666477	-99.220375	3.251334	3876.651841878891
100	386.38083	245.64511	573.93335	-79.83353	507.98886	165.71097	727.66943	276.09424	1000.0	1000.0	500000	98.67095	22.09053	186.86224	57.555107	-99.30415	3.2426932	3919.3274676799774
101	382.61835	221.1577	693.93274	37.997536	416.7171	198.68826	717.94183	78.15307	1000.0	1000.0	505000	99.02794	21.566488	184.3956	41.01687	-99.660416	3.3046508	3961.612117767334
102	579.48065	85.846725	679.25073	460.09714	479.73993	104.25835	653.0214	378.51068	1000.0	1000.0	510000	99.411285	21.353834	187.18001	50.108257	-100.07447	3.4522476	4003.8284180164337
103	397.59976	250.31401	593.05817	-83.23317	426.1337	199.84523	710.3317	76.67414	1000.0	1000.0	515000	100.56366	20.965836	190.50557	26.368546	-101.220795	3.3305402	4045.088163137436
104	149.11978	517.46234	640.7656	-748.3719	192.00558	138.63496	454.24335	20.031933	1000.0	947.6	520000	100.33168	20.481392	189.12135	49.841164	-100.945755	3.3324661	4085.6734359264374
105	409.952	314.26657	666.769	-200.1177	507.33563	169.95326	698.04175	215.6842	1000.0	1000.0	525000	100.03307	20.549784	183.37453	45.54076	-100.65229	3.0471718	4127.901642084122
106	453.7946	235.47398	644.3156	4.569441	508.65936	103.66036	741.33453	420.494	1000.0	1000.0	530000	99.969826	20.273018	195.02673	55.17153	-100.59957	3.035534	4169.790398597717
107	325.52325	163.75963	505.90775	86.37996	243.98994	309.88443	521.1573	-525.30646	1000.0	903.0	535000	99.873886	20.15395	183.11784	48.84792	-100.47772	3.1156034	4210.0403418540955
108	475.11523	155.74327	719.9598	280.77466	392.1266	316.43515	736.99335	-250.36296	921.6667	1000.0	540000	99.1942	19.654459	180.91122	48.53729	-99.81051	3.0096045	4254.762364625931
109	565.44617	82.47944	637.0149	455.36853	490.10797	232.78654	773.6807	-28.22071	1000.0	929.0	545000	99.33482	19.226875	182.04901	41.918186	-99.95262	2.856727	4296.196226358414
110	483.80865	74.18654	599.1684	401.54266	546.9637	113.16127	703.7699	266.6708	1000.0	1000.0	550000	99.23195	19.18022	180.02234	53.18256	-99.83954	3.117221	4337.822920799255
111	448.28094	249.34926	711.0972	123.234276	342.98837	306.01678	619.6426	-235.72523	1000.0	1000.0	555000	99.255424	19.02122	179.69063	49.452778	-99.88193	2.9276364	4380.043614625931
112	552.42084	66.67331	612.3002	445.7497	403.2874	268.0802	690.49414	-137.86418	1000.0	1000.0	560000	99.46137	18.951153	179.54642	32.988457	-100.07644	2.9123096	4422.766109466553
113	554.01953	158.16945	678.49884	250.92609	642.46643	57.53708	723.64105	506.70905	1000.0	1000.0	565000	98.99588	18.823326	180.11374	34.437477	-99.5878	2.9751263	4465.161080360413
114	487.07437	155.54922	778.59	329.95978	315.35532	189.20021	717.40106	58.45463	1000.0	913.1	570000	98.59358	19.230423	182.09918	50.4395	-99.1854	2.9646456	4506.672257423401
115	340.01358	154.39958	535.6769	201.3718	339.20093	365.43738	713.50464	-391.68802	1000.0	1000.0	575000	98.35422	19.58544	182.45547	40.133644	-98.95357	3.0034983	4549.853761434555
116	318.8737	225.09442	591.5672	-39.824604	282.9837	239.81384	554.2664	-148.06023	1000.0	1000.0	580000	98.14404	20.039505	181.12	35.42901	-98.746475	3.0692344	4594.255468130112
117	426.2923	77.82764	495.10953	290.97952	534.53754	140.21124	803.58075	390.7598	1000.0	1000.0	585000	97.832466	20.678154	181.46219	35.99672	-98.41461	3.083679	4639.497503042221
118	469.0663	175.03487	776.4243	284.2983	466.9081	112.69889	625.6086	292.65567	1000.0	1000.0	590000	96.95627	21.056818	188.65552	54.90237	-97.51719	3.191411	4686.790964126587
119	163.02206	261.99982	456.5893	-185.08755	649.4605	98.66501	850.8148	497.8076	1000.0	1000.0	595000	96.17083	21.03937	183.1757	35.16063	-96.72876	3.0600343	4736.606038093567
120	384.98145	65.637024	485.1212	282.8395	482.86026	195.2909	757.8338	135.38232	1000.0	1000.0	600000	95.55374	21.333754	187.8157	46.4353	-96.12356	3.1468027	4787.794057607651
121	462.35294	207.54265	662.0704	152.63261	540.4087	158.33849	761.84344	256.08212	1000.0	1000.0	605000	95.46834	21.702866	184.32684	36.173115	-96.065384	3.1096559	4839.564570188522
122	499.04688	145.75613	698.2844	254.78886	626.99457	93.84099	729.11865	424.77707	1000.0	1000.0	610000	95.815414	21.766874	185.74886	15.5271225	-96.4091	3.1042554	4892.910118818283
123	431.67197	201.566	635.90576	107.7187	416.24033	235.54803	610.1775	-208.63354	1000.0	1000.0	615000	95.52898	21.602383	179.90834	38.936764	-96.106	3.110147	4947.558405160904
124	420.1429	236.6237	617.0963	-42.910152	384.74814	266.8058	760.6525	-76.71612	1000.0	909.2	620000	95.63199	21.907423	184.12433	39.324432	-96.23931	3.2059472	4999.141314268112
125	423.28583	127.715034	656.2919	299.86176	486.1494	139.47903	618.3785	248.56924	1000.0	1000.0	625000	96.271255	22.32978	188.14441	46.94768	-96.8671	3.347428	5053.4846658706665
126	244.89578	192.19229	466.0731	-52.193577	554.2455	106.97626	692.1647	296.8185	1000.0	1000.0	630000	96.00974	22.114473	182.8609	47.152725	-96.59096	3.3018312	5107.32848906517
127	285.06653	166.87418	575.3889	57.26988	460.34546	165.79404	701.4825	49.161015	1000.0	1000.0	635000	95.788	21.99039	180.80292	44.44007	-96.38315	3.2971563	5162.2732672691345
128	333.92938	205.95328	485.48376	-73.78226	519.9871	152.03685	702.529	110.955925	1000.0	948.4	640000	95.796936	21.9104	183.97824	57.683254	-96.393684	3.2474084	5216.423162698746
129	490.6562	60.778076	547.9383	373.62497	603.1634	122.502754	763.46545	400.12003	1000.0	1000.0	645000	95.53142	22.239521	182.23642	56.019867	-96.09087	3.2873433	5269.4409873485565
130	306.37225	136.49713	465.57132	58.91107	227.923	392.11612	814.18475	-479.94016	1000.0	1000.0	650000	95.06078	22.286388	184.7023	27.648466	-95.639534	3.2929313	5324.042666912079
131	383.8307	93.9316	520.69366	273.29163	331.08594	150.09999	561.4504	31.945837	1000.0	904.6	655000	95.13629	22.19199	181.91609	57.61734	-95.73255	3.3354511	5374.679329872131
132	398.61423	64.79118	490.10764	323.30127	249.96915	391.25604	702.88855	-753.66614	1000.0	1000.0	660000	95.72979	22.343035	183.10359	54.533886	-96.346115	3.4182868	5426.932336807251
133	186.53906	358.7673	576.66754	-481.2857	480.46323	492.0061	870.11664	-812.295	1000.0	925.6	665000	96.12909	22.036974	185.77174	60.6292	-96.73201	3.3713892	5478.13974237442
134	285.64578	331.44888	798.7496	-217.97147	442.1115	106.2347	640.56	330.3777	837.0	1000.0	670000	96.173935	21.685265	181.84464	57.461037	-96.78154	3.5017385	5531.536272525787
135	282.55475	244.61334	606.445	-8.766297	411.5125	183.07045	766.62286	103.34019	1000.0	1000.0	675000	96.798294	21.759392	181.96617	53.41104	-97.43729	3.6951156	5586.028373479843
136	367.07385	337.18176	745.35126	-117.34169	395.70245	431.12122	809.8143	-759.22485	1000.0	1000.0	680000	97.38322	21.960035	186.83362	49.64341	-98.01358	3.6644914	5640.218155145645
137	566.60114	92.9653	709.6457	416.32626	495.85992	137.16531	720.6172	195.3532	1000.0	1000.0	685000	98.03814	22.276339	189.60124	59.383366	-98.712975	3.7267618	5693.985845565796
138	555.231	129.18259	696.9278	323.93814	529.8073	148.45712	820.986	303.92676	1000.0	1000.0	690000	99.508965	22.213621	188.80565	50.228806	-100.181816	3.6548164	5746.9234964847565
139	461.75595	178.55733	664.5343	189.31172	622.7213	229.87352	915.95734	122.31727	1000.0	1000.0	695000	100.03461	22.121626	189.78099	31.357307	-100.69314	3.73605	5800.900650501251
140	485.67303	134.22157	680.7407	342.2322	545.71484	218.07216	741.72107	80.05852	1000.0	910.8	700000	100.39429	21.929314	188.27219	46.439415	-101.0329	3.6042016	5852.766108512878
141	545.8857	121.08656	714.3205	347.77203	536.62317	235.73875	831.79645	73.222626	1000.0	1000.0	705000	100.395935	21.552647	189.2938	43.095444	-101.0541	3.4027512	5905.168311834335
142	462.96988	75.5177	581.7272	359.42065	474.75854	220.5326	641.3753	-145.4807	1000.0	1000.0	710000	101.04886	21.128569	190.08813	56.044636	-101.70139	3.4335737	5958.350430488586
143	469.15234	172.2848	679.2989	163.65274	587.18884	181.0773	1060.823	327.63483	1000.0	1000.0	715000	101.45052	21.019804	190.07735	13.190189	-102.13455	3.4259062	6009.465576171875
144	529.10516	80.4377	629.1539	422.8785	547.86066	184.07045	751.494	204.39656	1000.0	1000.0	720000	102.27578	20.484085	188.7434	48.84245	-102.96704	3.3768218	6059.5485496521
145	620.2101	119.96144	855.75574	533.2958	533.4673	412.252	783.2464	-684.65137	1000.0	1000.0	725000	103.01653	20.300058	188.38112	55.512802	-103.68322	3.3302789	6110.534483909607
146	505.08112	154.42598	662.869	303.95483	550.4382	116.69423	755.5774	345.82684	1000.0	1000.0	730000	103.25034	20.08708	188.62224	53.416885	-103.91056	3.363256	6160.305648565292
147	564.6576	77.479904	643.73816	440.7034	504.3047	164.02432	746.4382	215.15038	1000.0	1000.0	735000	103.11205	19.875572	185.79533	58.045246	-103.7642	3.2381053	6208.860424518585
148	592.5212	122.96447	732.5607	371.02545	758.3036	75.19731	854.6169	631.3152	1000.0	1000.0	740000	103.150505	19.60965	190.73343	57.034058	-103.80502	3.3103278	6257.554435491562
149	660.80597	40.240864	718.69946	600.8681	630.92444	54.152863	698.392	521.2896	1000.0	1000.0	745000	103.414734	19.766615	187.72566	51.96604	-104.088585	3.1753552	6304.554553985596
150	520.9977	87.216194	590.4549	353.55923	336.1429	451.02197	662.90137	-939.08234	1000.0	914.6	750000	103.97077	20.185394	190.05179	56.086014	-104.63623	3.1812882	6350.52952003479
151	543.3292	99.473274	682.7882	372.21237	553.8394	150.93837	758.1151	221.54158	1000.0	1000.0	755000	103.83693	20.594221	191.72148	41.663338	-104.488525	3.454886	6397.322209596634
152	569.03735	67.83378	689.3179	490.37247	514.4593	199.56134	864.3733	172.05289	1000.0	934.2	760000	103.72627	20.47475	188.32936	48.147415	-104.37484	3.2975225	6441.254441022873
153	356.89185	538.83826	824.12054	-690.29803	558.25214	103.28203	730.4503	367.51874	1000.0	1000.0	765000	103.37868	20.105642	186.6899	63.79302	-104.018616	3.3532538	6485.284306049347
154	603.0707	85.250175	691.6278	465.4829	249.82498	548.7138	618.13336	-862.2149	1000.0	1000.0	770000	102.79861	19.849888	186.51282	55.642982	-103.43095	3.250085	6528.901979446411
155	473.3208	81.07922	614.23615	394.29343	478.2006	162.82037	799.3998	220.9913	1000.0	1000.0	775000	102.66168	19.772345	188.75066	58.87088	-103.30063	3.3978593	6573.169374704361
156	153.14098	849.3499	694.7258	-1539.7935	625.30597	158.89845	862.915	295.14133	1000.0	1000.0	780000	102.52387	20.02011	187.4513	44.64964	-103.16814	3.5382	6617.536453962326
157	515.4053	109.493675	614.51074	326.85968	564.30566	200.04129	757.27045	98.91624	1000.0	920.1	785000	102.57848	20.356785	186.84319	20.244427	-103.220764	3.4648836	6660.253887653351
158	675.4745	116.127205	885.67114	551.7911	611.6633	73.93272	740.96387	508.13202	1000.0	1000.0	790000	102.10749	20.699944	189.93771	43.46028	-102.72981	3.478088	6704.606879234314
159	546.3672	99.37334	705.66095	395.4137	595.39075	149.84453	765.8418	267.43875	1000.0	1000.0	795000	101.48237	20.949762	190.84657	52.01655	-102.0995	3.4827156	6747.318955183029
160	528.5526	88.61223	671.8552	411.01077	387.9091	151.1858	641.9526	176.69017	1000.0	1000.0	800000	101.22266	21.526617	190.63757	56.59584	-101.8491	3.675112	6789.5648374557495
161	222.9541	405.8694	560.337	-523.9301	488.17953	110.3341	638.66705	265.83554	1000.0	930.3	805000	101.10638	21.659433	192.54205	54.789124	-101.7348	3.5791695	6830.655410766602
162	488.0538	78.32392	580.07635	373.5822	467.3357	114.49453	645.8045	204.39508	1000.0	1000.0	810000	100.92	21.359585	191.45486	47.196598	-101.5547	3.4501212	6872.913463354111
163	461.85132	143.468	653.5225	216.9404	602.25433	72.252556	723.5204	473.65805	861.0	1000.0	815000	100.868904	21.638485	189.70825	31.130228	-101.47846	3.6038463	6913.739640712738
164	514.95276	122.18279	687.27606	358.12244	284.3858	365.79465	738.70154	-459.01697	1000.0	1000.0	820000	100.65989	21.447777	188.59406	46.269665	-101.29986	3.6213288	6956.085672616959
165	222.75821	647.3041	578.00433	-1070.7778	409.1049	274.6028	623.62695	-382.42627	1000.0	1000.0	825000	100.97744	21.390764	191.64677	48.672405	-101.61509	3.6766622	6998.246697425842
166	335.0625	258.86945	627.0339	-139.3451	300.1315	218.7551	644.28723	-21.448156	1000.0	1000.0	830000	101.08382	21.403402	188.3606	53.50155	-101.73524	3.4250262	7041.436084985733
167	122.237305	236.67854	469.2313	-189.97655	131.62485	375.18298	595.83093	-829.4896	1000.0	1000.0	835000	101.263405	21.506573	192.55302	55.568493	-101.90544	3.3992543	7083.636465072632
168	412.82837	195.15524	570.13745	41.15339	371.92322	241.79385	640.633	-70.89079	1000.0	1000.0	840000	101.29438	21.666744	193.36096	48.14246	-101.929054	3.5365005	7125.796800851822
169	454.04657	254.93938	811.6676	67.181206	230.99036	792.52136	862.4312	-1620.5238	1000.0	924.7	845000	101.205826	21.924728	192.69841	54.73859	-101.84956	3.4981368	7167.084848880768
170	-286.6742	645.6906	532.7572	-1006.20636	531.1565	186.3323	781.33826	210.68777	1000.0	1000.0	850000	101.386765	21.689533	188.1751	49.909508	-102.03615	3.4195528	7209.681032419205
171	459.3239	302.44016	678.96545	-140.91008	621.4916	169.04263	855.71204	296.52545	1000.0	1000.0	855000	100.993256	21.831097	190.79095	49.923637	-101.620895	3.5904384	7252.185024261475
172	385.87384	189.00838	611.67645	105.46281	294.68652	175.31978	585.23413	111.560326	1000.0	920.7	860000	101.09687	21.641693	189.27652	51.108833	-101.755165	3.6158884	7293.817998886108
173	489.9933	162.00403	694.2384	167.55528	402.5728	325.6129	653.16846	-502.434	849.1667	1000.0	865000	101.69524	21.7648	188.936	50.385704	-102.36339	3.5993977	7337.501239538193
174	460.4667	152.2762	594.4846	257.78708	547.439	237.001	833.25525	-38.503735	1000.0	1000.0	870000	102.11068	21.608908	193.24915	52.109722	-102.768776	3.5171394	7380.24053645134
175	581.43384	96.921875	737.1539	443.0677	372.1253	238.39438	650.68036	-164.58633	1000.0	1000.0	875000	102.09258	21.340279	190.63332	55.29596	-102.746635	3.5816505	7422.851545572281
176	497.89413	133.42287	614.4751	241.98917	650.9931	137.74097	847.1858	454.10666	1000.0	1000.0	880000	102.40229	21.326439	188.59583	46.316677	-103.078224	3.3551538	7464.930333375931
177	544.3335	103.55558	671.5321	356.98032	590.8186	296.486	1102.9114	-139.55156	1000.0	1000.0	885000	103.06095	21.666317	200.22096	50.643757	-103.754425	3.5908754	7507.618603467941
178	445.4787	374.81113	730.99695	-287.59225	843.05597	94.41133	1006.5001	688.5786	1000.0	1000.0	890000	103.91965	21.609375	192.70825	35.2156	-104.59574	3.5002918	7549.984042644501
179	482.58994	72.50424	590.14233	398.0502	671.39813	187.11877	1053.8228	438.35437	1000.0	1000.0	895000	104.04454	21.440466	188.59499	32.273514	-104.70979	3.5249507	7592.898043394089
180	540.2584	122.56597	778.9225	445.8094	433.0101	168.41127	680.7579	125.26291	1000.0	1000.0	900000	104.14637	21.606096	193.05505	53.40434	-104.8119	3.4350746	7636.106132745743
181	537.99005	138.67778	699.22876	282.31927	113.55492	703.1097	729.7329	-1510.3385	1000.0	1000.0	905000	103.96393	21.799755	192.73573	48.299408	-104.61265	3.509864	7678.395179271698
182	496.38287	143.1305	633.05206	219.7578	517.21204	113.14602	614.0725	260.9137	1000.0	1000.0	910000	104.33729	21.843159	194.97421	47.82487	-105.02753	3.5973723	7720.939737081528
183	474.0673	219.57404	669.23346	164.35101	607.6017	216.63165	879.39813	80.87718	1000.0	1000.0	915000	104.60825	21.789389	194.49345	52.554657	-105.294075	3.623025	7763.2850477695465
184	575.88934	89.84369	667.69965	423.95724	432.18286	343.94275	739.31464	-275.80246	1000.0	1000.0	920000	105.07125	21.350843	194.28024	48.726936	-105.77195	3.5174437	7806.705552339554
185	582.10974	112.157135	785.37317	442.27277	508.94614	190.33226	671.7672	124.09881	1000.0	1000.0	925000	105.829666	20.864328	196.4295	54.069458	-106.515915	3.6584961	7849.240839242935
186	542.6357	65.27202	628.3003	469.27213	635.50714	181.92395	799.5836	174.54555	1000.0	1000.0	930000	105.612946	20.82633	191.8111	40.229645	-106.28505	3.5230575	7891.8704154491425
187	544.1605	95.635025	672.47095	401.02567	692.838	172.97581	1052.0656	485.24057	1000.0	1000.0	935000	105.80985	20.637886	190.52266	54.20203	-106.502914	3.3993871	7934.9945323467255
188	429.10336	410.39	705.7396	-381.77643	599.04425	94.20507	750.6455	465.59012	1000.0	1000.0	940000	106.15717	20.68471	192.71947	52.16427	-106.83369	3.4121962	7978.792542934418
189	643.94366	70.40247	727.0643	539.129	550.07654	340.79578	884.6237	-405.3206	1000.0	1000.0	945000	105.77165	20.734283	193.77287	58.501614	-106.42725	3.4815311	8021.501434326172
190	531.01666	137.9075	747.28687	331.25824	665.2491	84.93393	862.72864	560.37866	1000.0	1000.0	950000	105.41581	20.63916	195.09221	60.438442	-106.09344	3.4092727	8065.168629646301
191	511.1215	259.06448	859.0725	3.716047	602.4818	116.01942	753.65326	372.73044	836.8333	1000.0	955000	105.59746	20.80526	193.08723	54.50648	-106.26145	3.4703395	8108.977585077286
192	619.3829	42.349476	674.99023	557.4534	598.08545	177.23296	851.7353	152.11887	1000.0	1000.0	960000	106.008705	21.087458	195.76765	51.392666	-106.72709	3.5132644	8152.613888978958
193	597.7213	156.8312	807.29364	330.43036	575.32935	297.80048	813.0436	-269.75443	1000.0	1000.0	965000	106.77115	20.634727	194.69739	58.69065	-107.47844	3.5943086	8195.824984550476
194	569.14136	105.11372	708.2802	424.03156	520.47784	124.44033	725.7421	261.85962	1000.0	1000.0	970000	106.80624	20.757172	194.93051	54.578472	-107.47513	3.5425987	8238.993952512741
195	629.1216	95.23969	739.5045	461.80777	574.51917	223.04984	754.0777	-25.659971	1000.0	903.8	975000	106.67679	20.82205	196.76006	60.579956	-107.35483	3.520391	8282.359127998352
196	181.65134	365.35022	608.7885	-291.7667	567.3363	76.67388	734.76135	429.063	1000.0	1000.0	980000	106.576904	21.165474	200.35352	46.11557	-107.25585	3.7149436	8325.80297613144
197	546.55676	124.53079	700.13446	369.40402	603.8628	245.44632	814.23706	-96.69182	1000.0	1000.0	985000	106.406975	21.933273	201.95895	49.217033	-107.08414	3.7537577	8368.60975074768
198	543.83527	101.25274	656.12604	361.35837	623.2052	172.09952	875.8171	291.46188	1000.0	1000.0	990000	106.28297	22.239918	197.00052	38.284916	-106.94377	3.7581327	8412.388533830643
199	514.3266	51.971817	563.98785	422.12286	597.3005	296.3435	836.45044	-239.65944	1000.0	1000.0	995000	105.68328	22.333914	198.0363	52.887047	-106.34725	3.998485	8456.453449010849
200	622.98517	73.402885	705.6644	533.4335	524.57745	279.16342	819.2539	-218.13628	1000.0	1000.0	1000000	105.412575	22.2493	196.56711	35.093052	-106.0881	3.7741644	8500.297544717789
201	205.51709	813.2529	706.7679	-1401.6771	608.44446	398.36163	993.9609	-213.60802	1000.0	1000.0	1005000	106.23795	22.259981	203.1402	20.494566	-106.954926	3.8011558	8543.865934848785
202	658.4857	178.72159	876.1945	421.86783	420.89862	205.92278	749.60614	137.27455	1000.0	1000.0	1010000	107.14573	22.419676	202.34204	39.760788	-107.84395	3.6846554	8588.325700998306
203	632.0946	140.80257	797.35	405.28375	542.2128	133.81076	731.3442	216.39726	1000.0	1000.0	1015000	107.12046	22.288063	205.07478	56.86366	-107.77612	3.7787983	8632.331010103226
204	623.2676	63.696632	704.1761	541.29663	572.8156	245.17415	801.21814	-130.43459	1000.0	1000.0	1020000	106.218	22.398716	201.52866	48.975086	-106.83143	3.7758203	8675.973959445953
205	643.2937	119.14678	880.5069	565.5084	480.5367	223.53903	688.5328	-80.69175	1000.0	1000.0	1025000	105.3632	22.599178	200.78339	46.70614	-105.97105	3.7746093	8719.430173635483
206	598.60986	171.12216	743.20715	264.34003	567.52545	259.23682	859.6439	-10.388036	1000.0	909.9	1030000	104.78929	22.717764	199.75153	61.54944	-105.42068	3.7665586	8761.766302108765
207	556.4495	53.90755	643.5509	490.47833	645.21277	271.44092	796.48047	-150.2901	1000.0	1000.0	1035000	104.76469	23.060192	204.45355	63.34961	-105.40647	4.002122	8805.10367012024
208	532.7249	418.91	1094.1655	-148.99963	514.4754	275.99103	807.69293	-11.465216	1000.0	919.4	1040000	104.93844	23.430191	199.86855	45.793774	-105.58521	4.0057907	8848.056133508682
209	619.8288	54.231453	702.08435	544.0538	583.92865	327.47125	1041.6423	21.7834	1000.0	903.3	1045000	104.868324	23.261852	199.7745	49.88503	-105.4846	3.772923	8891.17866897583
210	366.81915	126.142494	511.34863	142.11864	668.3193	77.709045	791.5475	558.48895	1000.0	1000.0	1050000	104.23871	22.98683	199.2418	59.875042	-104.835785	3.6252258	8935.075444221497
211	448.5655	260.4749	679.93225	-51.232002	460.19296	172.44595	726.947	81.271034	1000.0	915.9	1055000	103.73264	22.98893	197.17772	45.108177	-104.33097	3.8097363	8978.190729856491
212	374.08273	364.7578	789.6084	-172.75677	424.69574	247.44644	748.545	68.59319	883.1667	1000.0	1060000	103.490005	23.337767	202.02817	46.404964	-104.110565	3.78055	9024.031099796295
213	567.1754	118.034744	749.3591	420.16156	608.8928	129.46655	774.2848	345.89676	1000.0	1000.0	1065000	103.597244	23.486021	200.35512	44.97182	-104.24278	4.1634393	9068.113736629486
214	550.2489	107.07839	717.244	405.8023	647.3307	97.43588	864.35693	498.91748	1000.0	1000.0	1070000	103.62817	23.928675	199.97421	55.47576	-104.237885	4.089084	9112.376770973206
215	588.4854	166.21785	782.11957	285.21835	684.74756	52.92611	748.74304	584.9319	1000.0	1000.0	1075000	103.2614	24.468882	204.15596	55.51622	-103.88515	4.1306562	9157.206027030945
216	653.94086	62.033268	734.1779	563.1656	501.00446	209.56255	734.716	-51.102833	1000.0	1000.0	1080000	103.04076	25.072641	201.06718	56.8141	-103.62852	4.1382365	9202.068549394608
217	499.76102	201.47766	736.2928	130.28915	665.77966	82.60004	792.32043	558.5202	858.5	1000.0	1085000	102.60152	25.234568	203.85484	58.453163	-103.20968	4.1801643	9246.58040857315
218	431.76553	47.73043	489.54617	354.09073	438.94562	214.20456	661.3128	-95.25436	1000.0	1000.0	1090000	102.1554	25.014547	198.23909	61.38302	-102.74456	4.1024103	9290.70368027687
219	468.89874	101.496864	568.7827	295.77548	538.6559	73.41325	637.698	355.6748	1000.0	1000.0	1095000	101.42934	25.005442	199.36856	23.33033	-102.00854	4.2169623	9335.386880874634
220	469.9121	116.90378	655.8659	356.0063	504.0451	282.5994	775.0069	-264.1502	1000.0	1000.0	1100000	100.646706	25.100119	200.43481	50.649548	-101.216064	4.142483	9379.159977912903
221	421.51514	147.2695	647.57263	252.86835	502.07733	135.98297	670.61017	288.93295	1000.0	1000.0	1105000	100.28128	24.73121	197.49388	19.41196	-100.8725	3.8742688	9423.80970788002
222	240.49263	684.54803	731.97723	-1113.5001	653.1996	203.35114	1060.3196	426.83694	1000.0	1000.0	1110000	100.0251	24.522766	194.02592	41.79451	-100.59865	4.0217605	9467.877315044403
223	289.32507	175.79147	506.99188	-25.137415	110.99697	201.14253	436.3178	-149.27554	1000.0	1000.0	1115000	99.77617	24.406109	195.51624	43.431763	-100.35445	4.063741	9513.482910871506
224	149.2432	247.9729	361.89435	-308.4103	456.6916	118.91398	612.13104	207.55226	1000.0	1000.0	1120000	99.44403	24.308884	196.1721	53.022858	-100.0153	3.9669843	9557.719496488571
225	386.31525	217.05212	704.2391	28.012712	631.7003	149.577	819.43884	256.62845	1000.0	1000.0	1125000	98.777725	23.986052	195.17976	54.755165	-99.33723	3.8422987	9602.83536028862
226	271.4752	257.65854	600.851	-165.10716	530.3998	317.15225	798.7336	-388.2117	1000.0	1000.0	1130000	98.39449	23.876516	199.84898	47.431168	-98.96137	3.932166	9648.039572000504
227	38.157448	896.4202	704.83905	-1734.963	471.7766	144.29211	669.7789	190.13742	1000.0	1000.0	1135000	98.216644	23.870264	196.3097	47.760532	-98.79883	3.9860492	9692.52011346817
228	562.6835	105.50138	736.1199	416.17694	468.32486	151.2725	707.7057	197.4052	1000.0	1000.0	1140000	98.17905	24.321394	196.41408	54.433903	-98.75371	3.9196384	9737.316667318344
229	420.75626	143.81627	658.68097	220.31921	643.0136	119.05147	954.8651	511.71313	1000.0	1000.0	1145000	98.326454	24.440212	202.29607	58.6828	-98.92215	3.7997055	9782.234776258469
230	412.16025	113.327415	571.2637	232.36133	422.0556	136.38968	625.34344	130.40334	1000.0	1000.0	1150000	98.451904	24.290976	198.17299	59.2932	-99.04045	4.027886	9827.941798686981
231	500.72144	97.62263	616.15704	358.97943	651.245	360.09143	1417.124	283.74918	1000.0	1000.0	1155000	98.80584	24.136349	194.82454	55.690018	-99.40519	3.928511	9872.87708067894
232	464.55338	93.732605	613.1337	368.13995	415.95135	375.7161	745.40546	-683.006	1000.0	1000.0	1160000	99.29024	24.232857	195.53084	48.209442	-99.905365	4.0656714	9917.980509281158
233	463.3919	126.16022	659.7687	284.26913	394.9373	246.69707	760.1328	-165.3478	1000.0	1000.0	1165000	99.91326	24.531652	197.54231	30.909094	-100.5302	4.23287	9962.977053880692
234	372.0596	113.51433	526.45074	230.24348	331.11514	158.93129	650.061	151.24333	1000.0	1000.0	1170000	100.01483	24.842436	204.72687	36.94233	-100.631325	4.478696	10008.478941679
235	438.64948	92.49801	598.8927	323.41696	483.18735	103.053055	704.0569	337.79672	1000.0	1000.0	1175000	100.46373	25.300821	198.9285	40.402435	-101.07521	4.4084883	10053.309750795364
236	77.48629	444.28027	473.4095	-667.5595	519.6687	135.53415	748.5504	277.77274	1000.0	1000.0	1180000	100.44437	25.544779	203.32729	47.34516	-101.0429	4.3755374	10097.607918262482
237	584.22473	131.95653	708.129	392.08286	421.32733	309.65225	685.4416	-472.0327	1000.0	1000.0	1185000	100.261055	25.507328	197.304	40.94942	-100.86008	4.1215224	10141.3751039505
238	478.706	169.3016	754.97095	289.19083	330.9711	410.68475	762.7755	-653.6182	1000.0	1000.0	1190000	100.10269	25.243368	201.18639	45.794403	-100.70265	4.3282523	10184.779319047928
239	439.42862	207.23961	621.9244	39.078846	528.97095	104.237206	708.8986	393.9415	1000.0	1000.0	1195000	99.78427	25.003365	195.27255	33.223118	-100.37872	4.2773795	10228.411939620972
240	492.48502	159.52573	693.6358	245.96158	300.61584	207.61914	644.1742	-34.829006	1000.0	903.5	1200000	99.47661	24.686354	192.88446	51.168495	-100.04651	4.0548043	10268.59015417099
241	495.71396	96.082695	654.91046	374.37766	416.77246	171.67952	696.111	58.28014	1000.0	1000.0	1205000	98.97228	25.10126	196.7345	50.202644	-99.55187	4.1341043	10308.310400485992
242	311.97626	236.32527	547.7128	-87.34113	426.23364	121.57877	635.9365	229.58002	1000.0	1000.0	1210000	98.67448	25.017927	197.63013	28.935432	-99.2419	4.223213	10348.268198490143
243	315.6828	230.39122	658.4447	5.716295	630.69104	207.30132	871.15247	59.631275	1000.0	1000.0	1215000	97.944244	24.557768	194.64024	45.13885	-98.51776	4.194077	10387.729979753494
244	247.36996	257.95047	558.42145	-178.70355	-14.728305	265.4961	369.03613	-591.10846	1000.0	1000.0	1220000	97.39464	24.324156	195.21701	50.07767	-97.947075	4.51311	10427.515410900116
245	300.97137	360.49945	589.39044	-404.34717	514.3577	118.70098	694.6603	220.905	1000.0	1000.0	1225000	96.74266	24.533012	195.26851	45.871265	-97.289986	4.484308	10466.480420827866
246	330.1071	213.92592	616.18414	64.16868	169.28973	268.4474	527.464	-225.72974	1000.0	905.4	1230000	96.60948	24.666153	195.92531	43.98578	-97.184326	4.5398507	10504.750706672668
247	256.92743	213.37143	580.9231	16.373743	-158.90387	233.90614	254.88266	-423.51135	1000.0	1000.0	1235000	96.36592	24.562145	195.79237	39.73351	-96.93041	4.5355315	10544.746375322342
248	93.87955	207.9563	307.99216	-217.31516	212.73515	222.26881	657.37244	-309.83755	1000.0	1000.0	1240000	96.071815	24.861883	197.80942	37.672115	-96.6232	4.6820235	10585.231846809387
249	295.12677	92.49159	397.6257	167.47153	192.81294	296.02673	524.01654	-505.39523	1000.0	1000.0	1245000	95.61773	25.126486	197.70369	35.2908	-96.17287	4.731076	10624.918930053711
250	234.40134	102.3417	373.51666	101.24887	111.44972	389.67853	456.40833	-828.5182	1000.0	1000.0	1250000	95.87608	24.839092	193.66547	17.075073	-96.4825	4.6143236	10664.195921182632
251	85.35399	400.9267	559.0458	-553.1068	420.54877	236.06752	693.64197	-178.35175	1000.0	1000.0	1255000	96.49129	24.768198	197.9184	5.7000637	-97.08706	4.722209	10704.507152318954
252	-28.607977	231.40028	174.89369	-425.63785	-26.735392	361.01364	333.20425	-613.2709	1000.0	1000.0	1260000	96.433266	24.382666	195.60579	38.649887	-96.99471	4.569844	10744.734589576721
253	-139.79294	544.333	323.85645	-1031.5466	104.9691	312.47202	444.00873	-537.587	1000.0	1000.0	1265000	96.03958	24.594765	196.40208	44.77281	-96.60113	4.4986925	10784.447799682617
254	-284.3709	862.45074	437.23672	-1758.229	235.75471	151.7107	504.4757	33.72718	1000.0	1000.0	1270000	96.18031	24.393139	195.01154	52.225784	-96.78925	4.554976	10824.420459508896
255	144.9333	341.79037	507.47812	-478.3522	-262.94098	424.12778	385.13474	-945.0056	1000.0	822.8	1275000	96.34024	24.173609	194.20024	45.698196	-96.91185	4.5219293	10862.662545681
256	78.33163	162.81256	262.72894	-224.21643	302.06332	186.74539	483.842	-176.93607	1000.0	1000.0	1280000	96.01785	24.175175	196.61246	26.10311	-96.61164	4.6390204	10901.953408956528
257	306.72693	151.76497	498.27475	57.97887	-3.986503	453.73535	340.2831	-1207.3386	1000.0	1000.0	1285000	96.4876	24.210379	197.08621	40.57177	-97.096016	4.527253	10942.335794210434
258	129.35898	74.25048	244.29018	56.03672	-376.32748	174.0873	-72.74864	-615.341	1000.0	1000.0	1290000	97.04414	23.862047	195.18985	45.10921	-97.67925	4.4608293	10982.305572271347
259	-144.91145	375.24536	349.45422	-579.84674	-3.424523	264.25662	330.44592	-463.5542	1000.0	1000.0	1295000	97.58854	23.636755	195.151	48.317333	-98.194275	4.506753	11022.161630630493
260	35.381157	333.13535	407.05707	-581.4685	321.93707	150.57724	507.98172	80.651474	1000.0	1000.0	1300000	97.41511	23.513382	199.15533	51.37478	-98.01298	4.3187084	11062.7844581604
261	410.48495	126.48202	579.87555	204.90204	38.089355	555.6746	416.3499	-1520.1108	1000.0	1000.0	1305000	98.05798	23.863113	198.06259	42.185875	-98.72012	4.34947	11102.967860937119
262	-236.7176	503.0968	362.41968	-959.3084	-183.59387	947.0435	479.27322	-2799.0237	1000.0	1000.0	1310000	99.02727	23.828743	200.40376	34.49202	-99.65708	4.6056123	11142.687279939651
263	92.70843	219.56511	398.85742	-258.42902	233.94751	217.5045	478.91675	-269.05566	1000.0	1000.0	1315000	99.00286	24.005598	194.89935	47.572086	-99.63826	4.433304	11182.363724708557
264	-74.86977	231.41301	129.83102	-523.3291	166.22244	266.9134	526.8911	-229.59796	1000.0	929.6	1320000	98.99059	23.935196	197.64146	45.045166	-99.63716	4.614438	11222.064497470856
265	156.20912	200.92384	456.0262	-85.01177	83.9976	149.29515	318.97516	-131.68715	1000.0	1000.0	1325000	99.508224	23.806774	201.3189	42.730392	-100.16005	4.615423	11262.531551837921
266	196.19812	193.55038	421.31796	-101.578	262.50522	179.70653	422.2136	-86.62702	1000.0	1000.0	1330000	100.23957	23.624382	199.35799	47.78396	-100.91739	4.689924	11302.998524427414
267	81.15375	166.7754	233.00801	-230.0583	203.71341	532.8184	503.95825	-1357.9624	1000.0	1000.0	1335000	100.71797	23.69248	199.21419	43.688198	-101.389175	4.8256025	11344.309582471848
268	282.4704	116.04058	483.97137	143.02861	149.48123	150.00294	337.1716	-94.96227	1000.0	1000.0	1340000	101.23728	23.775654	201.33662	46.709393	-101.939415	4.928837	11385.16874408722
269	298.518	226.19568	656.17194	-41.51216	442.40936	138.75125	564.0883	68.20812	1000.0	1000.0	1345000	102.48995	24.077116	207.52406	46.64477	-103.228584	4.9473352	11426.26209306717
270	236.86101	202.29524	456.95853	-128.79774	447.34262	244.80626	760.11237	-54.79129	1000.0	1000.0	1350000	103.468346	24.01838	201.43033	46.27896	-104.18981	4.757846	11466.309172391891
271	306.95084	126.22143	422.21356	73.8064	144.64128	202.53172	464.1812	-176.7486	1000.0	1000.0	1355000	104.41418	24.262302	204.9064	48.851578	-105.149536	4.769469	11507.729555368423
272	223.04341	94.8185	393.96744	123.78278	197.33615	162.29189	507.39786	29.706047	1000.0	1000.0	1360000	105.99974	24.608688	210.8162	42.386482	-106.797	5.3163576	11548.251228094101
273	144.1408	81.107216	254.82947	63.12756	300.5589	180.63995	563.9615	-3.0287023	1000.0	1000.0	1365000	106.933784	25.306242	208.45132	46.730076	-107.65259	5.0125837	11588.533580303192
274	279.66864	119.26617	423.49023	122.87032	66.20428	232.64001	402.1044	-391.38647	1000.0	1000.0	1370000	106.38724	26.009983	208.78227	53.38151	-107.097984	5.1662693	11629.144728422165
275	216.62631	242.3223	491.21924	-122.11711	207.57504	121.11138	405.45605	14.86156	1000.0	1000.0	1375000	105.979805	25.782469	213.34195	51.244556	-106.696075	5.156221	11670.428581476212
276	158.36665	153.92287	387.038	-66.544304	59.551044	819.84125	619.14136	-2307.5706	1000.0	1000.0	1380000	105.561005	25.458435	209.47302	53.2863	-106.24992	4.7793155	11710.479027986526
277	149.0054	100.703636	305.972	12.70732	342.91898	152.3246	582.1462	123.61873	869.2	1000.0	1385000	105.00575	25.566204	207.00928	58.371845	-105.72411	5.021638	11749.464336395264
278	222.4812	181.90135	430.42374	-99.28625	-215.28775	1075.1001	647.40063	-2520.8928	1000.0	912.6	1390000	104.670525	25.65731	211.14716	55.900826	-105.37155	5.208943	11788.488902330399
279	-530.74457	897.62396	408.42255	-1848.3113	116.6075	223.99275	565.80585	-208.38797	1000.0	1000.0	1395000	104.445755	26.119629	210.5113	42.66618	-105.16271	5.224251	11829.3957965374
280	128.42319	246.33223	545.0118	-206.3113	298.38297	325.70444	637.9137	-421.15515	1000.0	1000.0	1400000	104.602844	26.218626	203.9083	50.48976	-105.33969	4.7757587	11869.88930940628
281	330.6387	195.09282	569.56586	110.59824	367.50323	320.11188	696.3856	-212.55482	1000.0	1000.0	1405000	104.73996	26.813707	209.81561	47.074764	-105.47135	5.0083194	11911.563531160355
282	369.93814	48.745323	448.4086	320.77704	90.557274	682.3123	545.8334	-1905.7412	1000.0	1000.0	1410000	104.922226	26.819092	213.9613	33.385334	-105.66524	5.053075	11952.773411035538
283	-114.212524	878.5922	428.7221	-1865.9988	-234.80307	444.5212	391.7628	-1139.6981	1000.0	1000.0	1415000	104.87329	27.119371	211.73021	55.1512	-105.589775	5.078835	11993.45994091034
284	72.291466	260.1729	460.28915	-261.37796	238.44995	214.71054	562.0939	-150.59576	1000.0	1000.0	1420000	104.00977	27.551962	215.99457	35.193985	-104.68435	5.255359	12034.83019042015
285	176.10497	201.37848	357.91016	-190.16136	116.23049	282.38712	496.26883	-464.3474	1000.0	1000.0	1425000	103.14218	27.884016	217.65057	50.40883	-103.834656	5.344681	12076.183466911316
286	200.2804	138.61322	367.0717	-10.934794	83.873184	403.3805	590.5704	-539.4383	1000.0	1000.0	1430000	102.34453	27.993715	215.08365	15.509617	-103.03162	5.492556	12117.172754764557
287	-95.61654	341.26675	285.63104	-642.1166	353.8992	249.9354	570.03796	-229.69258	1000.0	1000.0	1435000	101.74047	27.358046	213.96463	46.558365	-102.43	5.431389	12158.27025270462
288	53.45857	175.62022	355.2731	-181.88551	-120.32639	336.8278	264.23242	-934.4349	1000.0	1000.0	1440000	101.09715	27.223072	210.81462	31.76836	-101.79063	5.1983232	12199.603474140167
289	-205.56271	580.6974	371.74002	-1298.5476	447.5213	127.64856	626.74335	218.44864	1000.0	1000.0	1445000	100.93959	26.904266	208.82927	44.605022	-101.64818	5.229901	12241.330250740051
290	199.19374	94.40197	352.57248	73.05169	214.26718	341.3488	520.36053	-540.3953	1000.0	1000.0	1450000	101.236626	26.818182	204.62	40.08044	-101.96002	5.247704	12281.978663921356
291	225.77461	204.43109	590.08234	-5.5654683	-8.781641	664.15735	569.1523	-1577.1643	1000.0	1000.0	1455000	101.22652	27.008158	207.38773	44.950974	-101.93766	5.1972895	12322.766401529312
292	164.17812	140.90886	290.53836	-79.82588	388.75348	91.427284	546.6903	215.11372	1000.0	1000.0	1460000	100.891945	27.170742	205.44049	41.544212	-101.60597	5.2817645	12364.348660707474
293	87.3544	310.7806	497.82797	-436.81387	51.491066	300.42206	442.391	-518.6075	835.3333	1000.0	1465000	100.943245	27.518768	214.14807	37.29796	-101.64797	5.233856	12405.515799045563
294	229.58481	182.98378	480.61676	0.08605894	-177.0138	657.9301	384.53726	-1761.224	1000.0	1000.0	1470000	100.64317	28.07396	213.14331	31.539991	-101.36084	5.481482	12446.894517183304
295	232.18344	174.74387	567.1568	93.39431	-85.22716	753.7903	634.897	-1755.3911	1000.0	1000.0	1475000	100.8522	28.56087	207.85661	43.468487	-101.5673	5.26105	12488.063290834427
296	46.4723	321.20618	356.56226	-571.298	151.57019	338.83273	707.1563	-266.18713	1000.0	915.8	1480000	100.609344	28.116282	204.95088	47.00174	-101.30585	5.283723	12528.90867471695
297	156.54509	248.19896	510.95163	-240.34724	-389.07758	312.72772	38.64362	-1157.3623	1000.0	1000.0	1485000	100.21885	27.658634	209.53653	40.119217	-100.92156	5.3957767	12569.675810575485
298	6.9595084	418.33008	403.41843	-886.6807	-27.504482	327.37125	496.8853	-448.67032	863.1667	1000.0	1490000	99.81558	27.17745	202.83304	38.751286	-100.51655	5.161161	12611.50514125824
299	197.47635	316.69507	391.65378	-425.57315	-530.3334	1092.2063	552.1342	-2432.5898	1000.0	902.6	1495000	100.30293	27.210266	202.61635	29.959652	-101.03401	5.2845354	12651.445528507233
300	265.6246	143.99594	406.48178	79.07473	356.91986	134.43607	486.7502	11.47235	1000.0	901.2	1500000	100.42231	27.424942	205.93608	31.249676	-101.12413	5.21032	12691.446771144867
301	-58.118275	692.03827	639.2189	-955.8874	-333.4296	274.7624	242.99962	-774.3718	1000.0	1000.0	1505000	99.745384	27.882908	208.2972	21.075573	-100.4251	5.2768984	12732.959405899048
302	-577.9807	1097.6339	396.7664	-2547.821	124.56533	469.13507	533.095	-1121.1241	1000.0	1000.0	1510000	99.23296	28.17752	206.35173	37.588768	-99.91009	5.3101516	12773.37549161911
303	147.94374	275.61804	398.63712	-371.8991	170.49014	382.477	523.6788	-906.6005	1000.0	960.7	1515000	98.456635	28.307577	203.42924	41.08304	-99.1219	5.2060423	12814.502681732178
304	265.576	93.64641	367.16928	120.936455	103.26896	107.22708	305.576	-28.42111	1000.0	1000.0	1520000	97.52531	28.79061	204.17024	35.023045	-98.19091	5.915944	12856.530439376831
305	77.15366	154.55011	249.01811	-160.94373	78.01731	317.46652	521.63745	-684.68024	1000.0	1000.0	1525000	97.27352	29.705418	206.7672	17.7586	-97.967224	5.8533063	12897.85479927063
306	209.39981	121.13925	335.862	-16.772482	304.91302	179.95525	625.0436	-94.89254	1000.0	1000.0	1530000	97.14607	29.564148	204.70203	39.93718	-97.849266	5.9645576	12939.90974354744
307	305.4812	176.49692	625.6256	140.66777	127.30687	327.85455	454.5821	-651.65045	1000.0	909.3	1535000	97.15155	28.76431	207.66794	42.283287	-97.84068	5.757918	12979.59056854248
308	290.58905	104.19598	466.1868	171.03499	385.02036	228.66821	735.7713	-93.67444	1000.0	1000.0	1540000	97.01233	28.002691	200.55133	41.341496	-97.7008	5.4178424	13021.035173654556
309	-107.52959	542.4492	628.62396	-916.9479	-131.61472	428.98685	384.90015	-881.50415	1000.0	1000.0	1545000	96.66795	26.854383	198.05301	40.5931	-97.33556	5.2914906	13062.216675758362
310	87.5943	477.91904	484.0652	-852.3248	265.52316	160.63907	518.3662	-3.680236	1000.0	906.5	1550000	96.44741	25.98237	195.81111	34.113262	-97.13615	5.2579217	13102.107956647873
311	-157.3846	708.33826	329.10678	-1561.3717	102.90163	608.7318	513.2016	-1667.8259	1000.0	1000.0	1555000	96.45673	25.264378	195.69742	32.973637	-97.16651	5.0962167	13144.377837896347
312	285.2296	101.67019	428.2949	115.10475	-73.09498	390.26654	408.2661	-746.0338	1000.0	1000.0	1560000	96.32997	24.847628	196.58038	39.934986	-96.980865	5.0826244	13186.359171152115
313	128.70187	124.67794	280.36914	-40.5094	275.91095	276.00558	625.9411	-301.09393	1000.0	908.4	1565000	95.77817	25.036863	195.42274	38.954712	-96.45379	4.960922	13227.86909532547
314	38.003136	333.8525	326.43088	-559.9559	367.62088	200.81879	700.06934	162.38078	1000.0	1000.0	1570000	95.30193	25.483343	196.6858	29.292946	-95.98238	5.1476727	13269.63299036026
315	195.3171	256.7187	499.86163	-111.382225	314.83026	200.29814	562.503	-190.58438	1000.0	1000.0	1575000	95.1657	25.354275	193.58081	32.923016	-95.83908	5.0878086	13311.916876792908
316	213.2332	138.25821	334.67035	-26.055637	356.16138	163.65286	614.7622	-13.0490265	1000.0	1000.0	1580000	94.89809	25.563015	192.39815	37.06577	-95.57981	5.054043	13354.447484254837
317	91.56487	274.58206	350.14136	-382.13904	448.81583	240.22652	724.1741	-41.293415	1000.0	908.6	1585000	94.789734	25.751966	191.9417	29.242867	-95.46246	4.867784	13395.444416284561
318	125.59139	119.18674	283.57715	-60.423233	175.19286	219.07178	484.94952	-165.4168	1000.0	1000.0	1590000	94.730965	25.686712	195.23293	35.398304	-95.42175	5.3235965	13437.168142557144
319	202.8786	82.07689	336.98248	121.41557	368.21573	101.66657	505.7739	172.52763	1000.0	1000.0	1595000	95.037605	26.005177	197.73322	25.740723	-95.73826	5.3551264	13479.360844373703
320	-182.67648	766.93146	392.1861	-1668.9247	216.94893	329.85733	856.4707	-145.47551	1000.0	932.1	1600000	95.39169	26.65605	199.53362	33.84975	-96.09639	5.6437654	13519.899921417236
321	166.41156	317.69153	400.39456	-460.93814	192.29771	317.7419	568.38025	-521.6626	1000.0	1000.0	1605000	95.25102	26.553894	195.99026	24.928846	-95.92886	5.4560328	13562.706628084183
322	51.833977	501.9769	434.00897	-932.3777	52.476	384.4504	393.10333	-719.1001	1000.0	1000.0	1610000	94.24186	26.775524	193.7229	19.598938	-94.882454	5.4013767	13605.24452662468
323	-176.55222	346.62537	108.53019	-837.4498	-540.871	448.86676	147.60907	-1104.7783	1000.0	1000.0	1615000	93.64665	27.52589	198.17856	24.19312	-94.32434	5.656644	13647.31840467453
324	6.3848753	400.31824	319.6368	-767.32666	7.5104027	332.83276	383.5349	-806.3474	1000.0	1000.0	1620000	93.31742	27.894657	200.67172	27.59763	-93.995155	5.583426	13688.394406080246
325	185.45517	125.72348	310.38647	-54.381863	211.60213	90.02715	380.6001	93.50095	1000.0	1000.0	1625000	93.03446	27.868587	200.69864	36.02861	-93.69837	5.4630218	13729.744769573212
326	90.785805	94.73096	234.4565	-0.8374626	-239.81023	451.5587	237.6594	-1171.6761	1000.0	1000.0	1630000	92.82767	27.543356	193.81761	28.251038	-93.52895	5.548033	13771.626061201096
327	39.723595	129.26799	151.03749	-125.85358	151.70993	317.1309	415.65503	-741.4144	1000.0	1000.0	1635000	93.41845	27.893953	198.2849	21.809008	-94.13669	5.4861774	13813.294407367706
328	21.517025	79.881165	145.73886	-99.94411	-269.35205	640.0316	331.60382	-2012.8763	1000.0	1000.0	1640000	94.4799	28.507126	205.06096	24.935314	-95.23135	5.963219	13855.814921855927
329	102.402664	137.49385	286.8754	-60.708004	-122.19231	616.952	244.02063	-1954.9425	1000.0	1000.0	1645000	95.49418	28.496311	204.89009	22.152908	-96.26194	6.188864	13897.20856499672
330	-64.60557	78.29734	17.100452	-208.42401	96.94479	146.75246	331.4177	-127.05231	1000.0	1000.0	1650000	95.95727	28.14768	204.47041	24.811455	-96.696884	5.999005	13939.549939870834
331	-208.04782	406.90665	338.29886	-780.4226	-552.2023	647.97723	368.63904	-2258.2834	1000.0	1000.0	1655000	96.40737	27.992212	213.42236	23.860115	-97.15366	5.7092543	13981.263490438461
332	-15.331506	231.00064	247.71227	-470.12924	2.0740235	466.3236	534.0591	-798.5668	851.6667	1000.0	1660000	96.456024	27.979021	206.5957	23.622719	-97.18298	5.6256933	14024.496720314026
333	87.18453	275.38745	294.15088	-442.70856	73.29895	388.21188	382.39542	-807.28265	1000.0	908.1	1665000	95.779305	27.84247	207.13966	19.044817	-96.48775	5.6326127	14065.249855518341
334	30.177235	191.6415	375.92538	-162.98682	-4.36913	181.41412	278.62857	-288.2482	1000.0	1000.0	1670000	95.42693	28.556961	204.36168	28.525566	-96.13514	5.804818	14106.416710138321
335	-7.941355	220.99901	257.52884	-312.395	-642.8154	687.4862	42.697018	-2533.479	848.3333	1000.0	1675000	95.1756	29.203678	205.23572	25.541327	-95.907364	5.879704	14150.318669080734
336	-672.1039	356.51248	-153.18231	-1216.1835	-822.8094	817.16724	216.78963	-2594.3875	1000.0	1000.0	1680000	94.976456	29.376818	205.6163	28.919685	-95.69699	5.90632	14193.0042989254
337	-174.31302	235.03014	162.96895	-484.1358	-5.2741365	218.21082	499.32718	-265.30692	1000.0	1000.0	1685000	95.09037	29.259857	204.90297	17.203772	-95.848816	5.8693147	14234.416668653488
338	-20.276411	128.98824	123.55597	-215.60971	99.44824	159.1187	346.0518	-133.96657	1000.0	1000.0	1690000	95.32571	29.243118	206.12514	20.114576	-96.064125	6.0969443	14277.010282278061
339	-53.084736	132.21645	50.290066	-308.59543	-35.84646	165.74245	260.0318	-261.57703	1000.0	1000.0	1695000	95.82245	29.351152	203.53088	-1.3222885	-96.59344	6.3025265	14320.426779270172
340	17.283123	100.378555	132.53781	-116.39713	-504.14487	912.0816	348.13486	-2052.4348	1000.0	1000.0	1700000	96.050606	28.772844	202.86696	27.36832	-96.82381	5.8712626	14363.356920003891
341	-226.05338	737.6726	382.13538	-1671.6974	-52.833656	771.4501	532.93567	-2278.6604	1000.0	804.8	1705000	97.44315	28.082098	203.45335	30.187809	-98.31305	5.776406	14403.90521121025
342	-563.7665	924.40436	465.79175	-2223.605	-267.96783	437.02353	109.49063	-1321.0271	1000.0	1000.0	1710000	99.541794	28.094753	208.16899	27.06734	-100.37367	6.037319	14446.035898685455
343	-49.95308	377.88196	296.74866	-760.6254	97.02541	248.37874	496.48383	-267.1696	1000.0	1000.0	1715000	99.82473	28.26729	207.3983	47.757866	-100.63561	5.688176	14490.298092603683
344	-394.3839	766.8263	369.07077	-2035.5044	-57.0568	525.8552	465.60855	-1274.5302	840.8333	1000.0	1720000	100.61964	28.357365	210.9236	11.594499	-101.46396	5.496762	14533.430801391602
345	-148.51633	96.0695	-24.305534	-260.54462	32.220192	101.50381	261.2477	-89.31387	1000.0	908.5	1725000	100.938446	27.637096	208.41934	22.728798	-101.738525	5.2029552	14575.760684728622
346	-221.63611	664.6247	431.46814	-1505.4	-1.207048	126.511635	134.92403	-341.91647	1000.0	1000.0	1730000	100.80434	27.055782	206.82013	36.024227	-101.64624	5.1149516	14618.79545712471
347	63.67649	98.54576	219.73965	-61.189316	170.77263	316.002	556.98694	-664.30786	1000.0	1000.0	1735000	101.36762	26.693007	203.35277	37.06323	-102.21355	5.3930435	14661.209904432297
348	105.44405	44.12627	185.36996	49.298035	137.04434	77.77138	253.52095	-32.466167	1000.0	821.2	1740000	101.889984	26.576464	204.54929	29.358627	-102.74285	5.07781	14701.648669958115
349	-86.0014	275.79797	137.11969	-626.818	136.35187	93.93852	247.8257	-71.023125	1000.0	903.0	1745000	102.58213	26.671602	206.39423	36.1819	-103.4707	5.237288	14743.523943424225
350	151.234	206.16637	405.3797	-113.6098	101.82491	415.9062	352.95197	-1122.9877	1000.0	1000.0	1750000	103.536934	26.820478	206.09677	15.0539875	-104.4166	5.4190063	14786.767160654068
351	-89.437096	258.5349	119.52361	-589.59436	101.24454	143.24606	345.69537	-170.20639	1000.0	1000.0	1755000	103.45627	26.210258	201.7206	8.745059	-104.318	5.2870774	14830.889352321625
352	155.79776	114.45201	306.30292	-30.35546	130.31505	240.81595	539.70416	-327.04886	1000.0	1000.0	1760000	103.584625	25.768415	203.7236	29.285873	-104.45546	5.3017263	14873.756541252136
353	118.652954	232.9883	404.37997	-251.92842	103.10225	196.84756	534.14465	-83.11228	1000.0	925.4	1765000	104.06851	25.263203	202.71687	31.838028	-104.9692	5.2009397	14916.48307132721
354	160.70975	88.46929	326.0023	69.76125	-65.15172	290.8028	209.60056	-726.4802	1000.0	1000.0	1770000	104.71862	24.77445	203.07994	33.79918	-105.61145	5.307304	14959.034722566605
355	113.95699	407.8758	624.9821	-618.3154	290.96848	150.96718	476.53372	-14.8954	1000.0	1000.0	1775000	104.69029	24.69817	203.26341	21.720104	-105.557175	5.0553846	15002.50903725624
356	335.1222	73.2726	441.2905	253.3068	298.1087	172.33641	594.95496	7.605184	1000.0	1000.0	1780000	104.83661	25.232704	205.22218	31.60524	-105.708916	4.924075	15045.91969203949
357	22.89837	138.57565	174.68877	-224.73277	116.3849	267.0285	446.6703	-474.60495	839.5	917.7	1785000	104.43466	25.032133	202.79807	16.403418	-105.28592	5.05335	15089.199460744858
358	-15.128809	168.81812	253.23149	-252.99869	-35.885967	328.6006	477.89078	-731.1525	1000.0	913.5	1790000	103.80045	25.54363	202.53644	24.305828	-104.644066	5.0508285	15131.30647778511
359	-17.471924	168.19435	162.33043	-243.99391	245.27579	242.54959	496.40448	-274.31412	1000.0	1000.0	1795000	103.152756	25.444996	199.57329	27.440748	-103.98705	5.055488	15175.482283353806
360	342.4926	120.72767	485.58234	152.12329	192.44008	182.29807	467.25565	-90.237175	1000.0	928.2	1800000	102.180374	25.202188	199.11635	34.830265	-102.998436	5.260119	15217.877252817154
361	269.41446	146.48291	411.42642	4.106764	165.00052	384.39786	519.85645	-842.2497	837.0	1000.0	1805000	100.68254	25.225416	199.40674	23.48148	-101.447815	5.2739058	15261.468449354172
362	48.220547	262.58566	377.9409	-293.9066	253.49191	158.33757	439.91214	-0.48905852	1000.0	902.5	1810000	98.76143	25.347647	196.70505	14.363124	-99.51388	5.0863132	15304.14415693283
363	196.3995	174.26447	387.04382	-25.76984	-355.70526	305.26254	243.34644	-681.2365	1000.0	902.1	1815000	97.417046	25.19936	195.84157	3.5180597	-98.19654	5.1896887	15347.12532377243
364	74.90209	368.84167	482.05878	-492.1201	-173.58469	236.08675	157.37895	-530.22205	1000.0	1000.0	1820000	96.805466	25.336475	196.15846	5.1087294	-97.59957	5.1733103	15391.249279975891
365	-39.206757	212.0436	318.59488	-253.25317	-299.542	412.46674	69.116165	-1104.3008	1000.0	1000.0	1825000	96.405685	25.182255	194.66084	-6.483321	-97.211876	5.4597826	15435.40723824501
366	-72.56223	272.3858	242.79546	-595.51587	193.81766	198.70811	444.83047	-194.45567	884.0	1000.0	1830000	96.45722	25.719051	199.20865	19.762428	-97.26651	5.589235	15480.057558298111
367	22.121702	150.74188	207.86101	-206.22258	-5.417557	191.2486	303.8344	-294.15314	1000.0	1000.0	1835000	96.58026	26.226267	200.8345	16.683872	-97.3957	5.7663546	15523.507794380188
368	84.5422	166.80923	309.4589	-86.45088	-290.79834	475.9621	552.9545	-728.72034	1000.0	1000.0	1840000	96.35986	26.423521	202.52383	16.117527	-97.1758	5.520839	15566.78829073906
369	47.8257	316.24942	386.351	-542.23376	13.483856	165.54662	354.46274	-240.64433	1000.0	1000.0	1845000	96.49416	27.030561	199.58696	15.377767	-97.30839	5.665965	15609.691014528275
370	-67.26807	57.92818	42.474426	-123.19573	148.07414	312.1212	587.3496	-268.65317	1000.0	1000.0	1850000	96.44328	27.229975	200.91763	37.19945	-97.26192	5.9265127	15653.446874856949
371	-273.26968	405.64856	380.32898	-677.01337	-340.19257	373.82465	184.76543	-1085.7739	1000.0	1000.0	1855000	96.47945	27.916838	202.20322	17.001324	-97.29666	5.9570327	15696.87971496582
372	429.09775	256.01797	724.2237	-22.898104	152.51111	143.09473	358.18213	-107.96335	1000.0	1000.0	1860000	96.51977	28.893936	207.06592	-3.247651	-97.364265	6.2501388	15741.509673118591
373	208.06503	160.40942	368.69714	1.0044646	376.4441	134.3569	528.3648	119.07073	1000.0	1000.0	1865000	96.69318	29.217173	206.58385	21.387016	-97.508156	6.0982385	15784.803772687912
374	-49.807983	383.45953	423.74844	-717.5669	-162.34988	290.38742	290.25375	-786.00244	1000.0	1000.0	1870000	96.22229	29.523485	203.50871	-0.26850033	-97.023834	6.1951046	15829.565022706985
375	166.38277	246.94942	428.96417	-263.9175	202.7394	264.11185	555.3197	-372.82007	1000.0	916.1	1875000	95.69308	29.193642	203.34439	25.58571	-96.50005	6.0978484	15873.50881576538
376	74.43019	228.00629	363.18365	-281.97324	348.08542	142.21802	563.5319	89.60376	1000.0	1000.0	1880000	95.39936	28.798906	210.49011	-23.088242	-96.20839	6.067096	15918.123392343521
377	102.786255	220.71957	379.10532	-275.1028	-156.46486	358.73602	620.1859	-585.29987	1000.0	1000.0	1885000	95.23277	28.249804	202.3414	16.430864	-96.06314	6.197738	15962.80484843254
378	-126.3964	236.6078	229.18527	-403.31903	110.382645	307.81555	523.6411	-332.07855	1000.0	1000.0	1890000	95.315346	27.403322	206.47607	41.094997	-96.13205	6.0463934	16005.852832078934
379	-90.06399	230.97797	311.09882	-328.423	7.7583847	122.11735	231.2853	-185.52448	1000.0	903.0	1895000	94.645645	26.747282	203.10371	20.363419	-95.45303	5.741636	16050.164731740952
380	215.57149	265.08316	535.0496	-193.36584	-164.46268	204.77785	179.34485	-528.10065	1000.0	832.4	1900000	94.09908	26.499859	206.12465	-17.952782	-94.90106	5.7511706	16092.394280672073
381	-84.51715	342.71783	378.61914	-648.00684	22.89854	202.68884	458.60797	-286.3825	1000.0	901.2	1905000	93.36938	26.361704	207.05476	-14.953203	-94.135025	5.634405	16135.097576856613
382	91.15402	115.11189	302.51984	-26.423418	-500.71967	743.6847	273.1799	-1916.6139	1000.0	901.1	1910000	92.81633	26.544725	196.33809	-2.7596006	-93.62255	5.7703805	16178.929850101471
383	-379.3794	381.16266	-63.702766	-1009.1252	-45.582268	130.0338	229.52371	-274.88187	1000.0	1000.0	1915000	92.791595	27.09919	201.66574	7.2768536	-93.59855	5.9314775	16223.03224492073
384	-50.55031	90.59415	28.727507	-244.87361	-145.2078	201.86592	157.38521	-439.48108	838.3333	1000.0	1920000	92.326065	26.852724	202.91652	23.762726	-93.11342	5.958456	16267.59287929535
385	-80.21144	214.4558	224.91507	-430.02197	-269.547	158.17104	114.27797	-470.03613	1000.0	1000.0	1925000	91.469986	26.783613	201.89761	9.856542	-92.25535	5.88659	16312.071234226227
386	66.76513	247.0771	320.36154	-310.672	247.81314	132.81291	494.64398	40.374363	1000.0	905.4	1930000	91.066475	27.38839	201.87495	17.30307	-91.84234	5.6174817	16356.624937534332
387	-33.71493	267.99374	227.88765	-406.80502	-89.09209	368.88602	304.08112	-620.21857	1000.0	1000.0	1935000	90.451126	28.089546	213.6158	-3.5966854	-91.246216	6.258117	16401.48824620247
388	135.02547	133.15955	321.8615	-51.096462	129.53769	289.8338	472.00278	-465.97	1000.0	1000.0	1940000	90.27849	28.590273	213.34966	4.717188	-91.07548	6.2063665	16447.107752084732
389	-73.01426	286.5852	244.74222	-613.2675	-137.30861	270.85684	290.55472	-554.4491	1000.0	1000.0	1945000	90.08976	28.687763	210.52428	3.2479715	-90.89438	6.438403	16490.804885149002
390	15.99747	189.21745	261.92355	-276.81976	121.266174	182.95973	488.2987	-160.4824	1000.0	1000.0	1950000	89.96735	29.259586	210.53767	16.542059	-90.77045	6.7332506	16534.902657032013
391	-63.101635	349.24307	494.41672	-507.72064	-597.1742	626.61804	388.6122	-1841.9167	1000.0	1000.0	1955000	88.904625	29.106815	201.8432	4.3657675	-89.664604	6.4716983	16579.207902669907
392	-150.80661	551.16315	344.79227	-1177.5618	-322.17853	311.697	288.99756	-662.4461	1000.0	1000.0	1960000	88.31229	28.886686	210.63345	3.8703165	-89.08529	6.510122	16624.588588237762
393	-182.85274	242.51001	253.25723	-398.0256	121.81832	85.55992	240.36742	-9.837302	1000.0	1000.0	1965000	88.09113	28.61613	206.91713	-6.0914345	-88.89856	6.6785283	16669.939736366272
394	217.8638	89.06287	340.02032	67.14425	-124.00466	282.95087	308.47763	-515.9889	1000.0	1000.0	1970000	87.962105	28.439312	209.4381	11.375317	-88.73549	6.542182	16714.589453458786
395	-104.12529	214.95642	128.45795	-458.96948	-98.8394	405.27988	347.7841	-1073.2998	1000.0	1000.0	1975000	86.840706	27.910482	204.82701	13.610838	-87.585144	6.211412	16758.980685710907
396	-40.1966	182.71413	265.77194	-292.15683	139.7034	406.6944	441.9324	-1011.0766	1000.0	911.9	1980000	85.57004	27.309282	199.84335	13.086917	-86.307785	6.1913524	16802.459255695343
397	27.709324	204.65202	279.59518	-280.31024	-127.175674	198.96109	160.78139	-423.3463	1000.0	911.9	1985000	84.73352	27.88748	194.49623	4.756344	-85.48432	6.294879	16846.078237771988
398	-200.5165	376.39175	173.37984	-882.7232	-665.21045	918.1641	378.95776	-2309.862	1000.0	1000.0	1990000	84.47052	28.065786	207.8319	33.511093	-85.23877	6.297536	16890.84456205368
399	49.941185	241.12416	313.90695	-398.4886	223.10135	110.29272	420.90375	89.75109	1000.0	1000.0	1995000	84.20854	27.866352	204.74883	27.120884	-84.97862	6.4660053	16935.404569387436
400	-95.96648	338.51447	352.273	-610.3593	103.35213	285.41504	440.97824	-454.75458	1000.0	925.5	2000000	83.61333	27.81017	195.96071	6.406226	-84.36342	6.1832376	16979.96416950226
401	17.005817	556.16876	420.04227	-1070.0587	88.41377	259.6741	521.56903	-358.4302	1000.0	1000.0	2005000	83.637794	28.169382	196.5726	11.272374	-84.40881	6.3778343	17024.834560871124
402	-34.80663	207.02222	309.8275	-308.02478	91.00685	190.71323	504.8336	-73.79999	827.8	1000.0	2010000	83.59714	28.372076	195.55412	5.8229437	-84.37748	6.438996	17067.50688314438
403	201.31497	156.74416	301.6734	-109.11143	-56.163616	318.23547	413.8043	-620.99695	1000.0	1000.0	2015000	83.44797	28.14077	201.67046	4.7082996	-84.22067	6.578811	17112.45187830925
404	-231.93668	172.01335	8.94757	-523.64655	-78.82347	301.86053	268.57645	-769.29364	1000.0	1000.0	2020000	83.6522	28.103796	192.27052	-16.379147	-84.443436	6.4378033	17156.730260372162
405	-131.51224	239.38293	235.15562	-395.40457	-224.78403	379.0775	191.02576	-845.86554	1000.0	1000.0	2025000	83.113785	27.879095	197.60312	-16.013191	-83.86933	6.4405055	17200.383351802826
406	105.6437	305.37787	545.8728	-370.66943	-391.75497	419.3607	299.71716	-1239.0466	1000.0	1000.0	2030000	82.8203	27.779501	197.694	-15.272314	-83.58364	6.071478	17245.057740688324
407	-74.15432	242.8221	213.27977	-443.3311	-214.86797	314.3778	179.41487	-730.1683	1000.0	1000.0	2035000	82.43197	27.512209	200.62448	3.7176437	-83.19921	6.2640815	17290.370792150497
408	75.247536	206.7989	302.5633	-208.48312	-180.97493	311.98892	273.01505	-916.1682	1000.0	1000.0	2040000	82.13705	26.933662	193.65997	4.611162	-82.91003	6.4163556	17334.802800416946
409	-222.95735	175.01994	15.560649	-479.04218	-95.52887	400.47504	241.97414	-790.7849	1000.0	1000.0	2045000	82.28035	26.61985	188.41275	16.848034	-83.0645	6.3437686	17379.559478759766
410	-18.14545	97.11851	163.47629	-113.24008	75.36925	297.37302	662.9578	-423.507	1000.0	1000.0	2050000	82.20017	26.65165	194.07202	9.52086	-82.977516	6.2273774	17423.8915848732
411	148.7543	139.03613	384.02103	8.958238	50.33251	174.36974	336.93817	-312.11212	1000.0	909.8	2055000	81.920715	26.68982	190.81335	25.135056	-82.693	6.2974224	17467.053373098373
412	75.15452	170.75961	316.03348	-161.23944	-184.69998	350.8201	136.10913	-1123.1025	1000.0	1000.0	2060000	81.69404	26.512863	190.75717	15.880786	-82.46244	5.9260945	17511.568769454956
413	-25.190731	283.716	375.14383	-369.68646	139.82762	195.73032	375.76553	-340.30637	1000.0	926.0	2065000	82.071846	26.19228	187.78462	24.881271	-82.89178	6.2491612	17555.295499801636
414	66.604836	91.181076	160.86119	-95.66892	39.558983	127.817856	265.06006	-152.89404	1000.0	1000.0	2070000	82.46848	26.351799	188.71915	21.825771	-83.25746	6.2551985	17600.21770811081
415	76.071205	103.1995	231.29315	-63.171856	38.663517	195.37292	218.69148	-324.5214	1000.0	1000.0	2075000	82.41226	26.366179	193.37254	-4.0759945	-83.18857	6.0924916	17644.722491264343
416	23.27076	102.15451	218.96976	-107.994675	-207.0621	652.5403	303.3632	-1806.1558	837.8333	1000.0	2080000	82.44045	26.669643	191.62956	23.195942	-83.26569	6.230702	17689.223111391068
417	-380.87592	198.2275	-166.11896	-733.7747	-120.32109	349.67596	396.56686	-748.6014	1000.0	911.1	2085000	83.40439	26.617344	224.49028	25.91171	-84.258575	6.437272	17733.800494909286
418	60.539185	278.88	405.1751	-447.49414	-106.944824	402.61383	495.8991	-662.58765	1000.0	905.2	2090000	83.207085	26.259674	186.28394	14.525387	-83.974594	6.163928	17777.48130249977
419	-33.3078	128.53456	101.93423	-235.34053	101.056885	265.0438	553.4369	-432.50107	1000.0	1000.0	2095000	82.33206	25.871168	188.55501	-17.277708	-83.118965	6.092482	17821.945061922073
420	151.61531	214.72261	518.2078	-132.63109	-147.02762	429.5352	486.4128	-690.3349	841.5	1000.0	2100000	81.86876	25.714788	187.0851	18.165985	-82.632706	5.799083	17866.031353235245
421	-160.88742	303.69742	344.468	-530.60046	41.126385	215.58519	349.1895	-264.90942	1000.0	1000.0	2105000	80.86675	25.574903	185.03621	16.26513	-81.61655	6.0080514	17911.683273792267
422	-305.76794	517.941	214.96411	-1296.5519	-171.25333	530.9265	302.79364	-1679.2938	1000.0	1000.0	2110000	79.44285	25.184387	186.10947	-2.2830353	-80.17366	5.827044	17956.2339117527
423	-29.786587	285.84903	380.53513	-419.67352	24.0601	272.68692	686.13605	-334.7364	1000.0	1000.0	2115000	78.27721	25.564623	182.10399	18.46754	-79.00367	5.8474956	18001.602006673813
424	91.91171	448.84113	898.56757	-367.18127	91.13905	336.5354	798.298	-248.3301	1000.0	1000.0	2120000	77.1532	26.739685	185.71408	-16.66159	-77.87437	6.4436975	18045.90173149109
425	3.112674	330.32578	451.66434	-401.28986	271.95453	177.14697	746.7857	104.39256	1000.0	1000.0	2125000	76.457855	27.502865	189.44043	-6.769556	-77.18959	6.4693584	18090.599588871002
426	327.6774	92.426155	488.7465	215.40123	109.58946	110.16757	355.93237	-60.68767	1000.0	1000.0	2130000	75.97815	27.71647	184.96332	11.319003	-76.71247	6.4755287	18135.248386859894
427	88.059494	165.02145	353.81854	-89.66015	-84.41854	529.1195	513.57263	-1127.5393	1000.0	1000.0	2135000	75.61622	27.405033	211.54297	11.565608	-76.358635	6.274238	18179.9236600399
428	102.594315	146.48769	373.3326	-38.419376	-229.67046	291.7111	233.60095	-622.7243	1000.0	1000.0	2140000	75.2531	26.67945	217.57698	9.612468	-75.97409	6.1011024	18225.37881588936
429	-274.35995	252.47394	179.2351	-501.4118	89.84282	265.24203	418.56293	-383.21054	1000.0	1000.0	2145000	74.83447	26.209549	186.3072	9.100712	-75.574356	5.8394623	18269.231706619263
430	11.871897	177.27773	204.47997	-264.66467	-216.35367	320.50516	173.56335	-664.5574	1000.0	1000.0	2150000	75.1376	26.171217	185.83434	9.352675	-75.90128	5.9244595	18315.12659883499
431	-52.300087	283.80664	384.4097	-368.98697	-198.84702	376.78668	252.82114	-673.2854	1000.0	903.3	2155000	74.96219	26.71343	183.90361	-7.181797	-75.68999	6.1676736	18358.261917591095
432	-176.87503	293.8067	237.57648	-679.81946	-180.35439	264.28055	279.48413	-686.7106	1000.0	1000.0	2160000	74.406555	27.019415	186.19202	6.437874	-75.14611	6.5363307	18402.1798453331
433	-316.25958	374.3231	109.53233	-867.2343	-443.20776	134.57767	-238.20134	-725.9648	1000.0	1000.0	2165000	74.20416	27.30266	185.24666	5.5155153	-74.94647	6.515084	18446.570110559464
434	-30.64281	293.85617	332.2093	-404.8264	-110.42981	250.40286	277.54596	-456.786	1000.0	1000.0	2170000	73.90278	27.421343	182.82124	6.446726	-74.648735	6.654779	18492.758521556854
435	-104.74312	281.89282	338.5856	-480.25293	-341.94464	214.38399	5.0272045	-647.37103	1000.0	908.3	2175000	73.61375	27.557533	182.77235	5.7381926	-74.34765	6.5223722	18537.965317249298
436	-227.23178	215.42824	-20.38757	-628.8317	149.12064	162.68787	392.3446	-102.4266	1000.0	1000.0	2180000	72.9853	27.598919	190.06384	8.388875	-73.71204	6.3544083	18583.887964725494
437	56.62464	171.35872	217.3481	-265.8708	-265.88858	362.16983	296.20056	-1131.2201	1000.0	1000.0	2185000	72.75818	27.702908	184.69331	-17.415642	-73.519264	6.498374	18629.18594312668
438	33.770576	416.3458	315.17136	-888.0454	53.97801	293.81134	376.7457	-662.0625	867.5	1000.0	2190000	72.84462	28.343029	213.6447	15.748538	-73.60381	6.680055	18674.70816206932
439	-143.86838	303.75406	113.177055	-712.3592	-358.10208	384.4886	29.41813	-1231.6552	1000.0	902.6	2195000	72.470024	28.116209	188.38365	-12.758688	-73.20573	6.794721	18719.205401420593
440	-208.67566	336.25317	401.68753	-533.02716	-513.24304	255.70743	-86.49918	-985.8936	1000.0	1000.0	2200000	72.35249	27.693106	182.04118	1.8578091	-73.08838	6.386359	18764.597548246384
441	-274.73184	91.64441	-132.2587	-398.84088	-355.98227	197.56378	-49.238747	-735.1891	1000.0	920.6	2205000	72.094086	27.884556	183.80534	-9.020503	-72.86417	6.542018	18809.525388479233
442	-298.327	349.16846	65.12584	-931.44885	-134.91518	208.68399	192.19475	-547.65826	1000.0	1000.0	2210000	73.413574	27.562656	183.58505	-1.2763424	-74.26026	6.974816	18855.513904333115
443	-148.15378	82.83	-2.5550923	-257.4131	-71.53296	372.90582	265.84625	-1048.4363	1000.0	1000.0	2215000	74.3601	27.425838	183.61504	5.4639854	-75.15305	6.8045764	18901.837221860886
444	-452.43085	830.33527	276.13544	-1731.8651	-148.04295	240.12125	115.362976	-701.3777	1000.0	1000.0	2220000	74.40177	26.89251	184.4396	-1.5336971	-75.189064	6.6341376	18948.62139439583
445	-300.23657	335.5651	110.91632	-878.3887	-403.59976	619.5624	190.61089	-1723.5112	1000.0	1000.0	2225000	74.3345	26.559616	191.41663	10.346353	-75.15276	6.482345	18994.376346349716
446	-801.8767	761.89276	-5.020934	-2156.2056	-359.2701	336.64032	368.17258	-706.71875	1000.0	1000.0	2230000	75.01601	26.58489	181.2135	-12.55268	-75.822266	6.334491	19039.99350643158
447	-246.93188	237.96237	63.57145	-658.72565	-224.91895	491.12405	299.02383	-1102.432	836.0	1000.0	2235000	74.39792	27.124063	181.79234	17.686207	-75.153275	6.6418734	19086.499036073685
448	-575.80206	757.4535	99.674545	-2011.2144	79.77974	222.79285	357.7912	-261.17844	1000.0	1000.0	2240000	73.1024	27.409647	181.67839	14.439434	-73.844826	6.4954987	19132.01416873932
449	-472.60928	633.2049	153.01685	-1632.4438	44.942585	322.54175	574.1155	-526.8262	867.6667	1000.0	2245000	72.14261	27.840122	183.542	7.276491	-72.90367	7.0388103	19178.12588787079
450	-31.969915	194.72466	239.904	-355.0368	-310.9948	727.9422	449.8495	-2104.8867	1000.0	1000.0	2250000	71.65119	28.212507	181.62607	2.0272465	-72.418365	7.043075	19224.53306889534
451	129.37065	110.374825	245.91885	-64.5858	106.03251	147.74667	381.5424	-48.713882	1000.0	916.2	2255000	70.90694	28.66336	184.29025	6.928624	-71.65273	7.080442	19269.225887537003
452	-103.3894	250.1691	352.71167	-330.2267	-15.8471775	225.1523	355.1288	-387.16873	888.6667	1000.0	2260000	70.167496	28.90593	181.92961	7.453602	-70.92954	6.8905687	19316.21452355385
453	-165.28557	102.68685	30.441362	-271.2468	-616.99756	198.16208	-95.36504	-851.8998	1000.0	1000.0	2265000	70.0031	29.185543	180.4088	-0.68904495	-70.77815	6.7453885	19362.90228486061
454	-251.11812	271.31247	86.87791	-609.5005	-116.420364	306.87805	198.83223	-659.5388	1000.0	950.2	2270000	69.9304	29.765265	187.03687	3.7121773	-70.68043	7.0878487	19408.338454008102
455	20.319843	194.01161	230.32387	-295.07654	-188.5905	61.070423	-39.426136	-300.6226	1000.0	1000.0	2275000	69.22444	30.416946	188.0418	7.0661926	-69.962296	7.433772	19456.018063545227
456	-364.61646	302.83078	67.25349	-752.5749	-155.5394	178.4773	240.45117	-425.2981	1000.0	908.8	2280000	68.57262	30.812553	189.35966	1.1146431	-69.31997	7.4259157	19501.478381872177
457	-179.95027	169.80869	-27.337801	-422.37292	-449.7967	403.0108	265.2279	-912.77875	840.1667	982.4	2285000	68.346825	31.747908	195.70076	6.110821	-69.103424	7.676447	19547.99886250496
458	-515.5003	417.8955	8.595812	-1085.3447	77.66931	242.17259	455.04095	-423.50095	808.8	1000.0	2290000	68.353676	32.053562	195.02264	3.2692823	-69.12911	7.967744	19591.130796194077
459	-88.48769	158.32195	133.15611	-281.00302	106.465294	137.94028	303.1984	-100.23625	1000.0	850.7	2295000	67.98141	31.8054	189.96104	-8.92885	-68.72675	7.916358	19635.519021511078
460	-168.1033	304.25198	157.00632	-708.18207	-110.93129	448.08014	318.9842	-1377.5293	1000.0	1000.0	2300000	67.85596	32.001827	194.18721	-6.480179	-68.63105	8.072278	19681.5482108593
461	31.891645	170.43402	352.05746	-231.24542	-64.25312	472.5144	509.25232	-903.04645	838.1667	904.6	2305000	68.14509	31.563225	189.76709	-11.808617	-68.92668	8.261461	19727.044580459595
462	-220.28767	262.9381	190.70627	-574.60095	-233.17647	304.3848	163.49246	-876.9276	1000.0	1000.0	2310000	68.473946	31.231031	196.41272	-5.80149	-69.25405	7.8448625	19773.991257429123
463	-44.002026	294.41086	281.39142	-566.0028	-150.65984	489.04105	299.80945	-1490.958	1000.0	929.7	2315000	68.31084	31.323376	189.61519	3.6277294	-69.061165	8.223481	19819.1919836998
464	-80.29813	131.19838	76.30722	-305.548	-145.1781	470.6629	191.63916	-1536.147	1000.0	1000.0	2320000	67.64848	31.428078	188.12715	-3.528098	-68.40065	8.195682	19865.166747570038
465	52.45698	142.43756	243.7456	-197.14659	-237.28519	463.26227	210.28326	-1500.1323	1000.0	1000.0	2325000	67.82462	31.809061	187.18556	7.195711	-68.60347	8.273344	19911.456043481827
466	-289.11945	446.11545	86.32045	-1039.166	-358.40677	466.6324	225.62779	-1256.5675	1000.0	912.3	2330000	67.91721	32.024544	189.62878	10.886666	-68.69208	8.263721	19956.78582763672
467	-227.13791	424.1556	243.93033	-828.6553	-108.25484	316.74423	176.3706	-782.56573	1000.0	1000.0	2335000	67.88035	32.39416	189.34828	8.6986885	-68.64311	8.115347	20003.33212161064
468	-168.78908	374.11438	166.03642	-935.51416	-134.63954	345.74744	432.46017	-934.7556	853.8333	1000.0	2340000	67.60626	32.615627	190.57346	7.687804	-68.375084	8.469876	20049.781982898712
469	-42.922306	110.97422	67.1355	-253.09944	-66.644485	315.0475	414.94797	-778.50745	841.3333	906.8	2345000	66.833916	32.746407	192.85657	4.546892	-67.56769	8.211987	20095.838628530502
470	-199.75293	171.53082	52.780033	-433.02704	14.269221	137.08179	276.33533	-160.59853	872.6667	1000.0	2350000	66.557724	32.53938	196.11671	-2.776454	-67.31601	8.120582	20142.68029332161
471	-98.32047	326.56305	410.40076	-613.71924	-310.14285	269.46014	7.447437	-942.6226	907.6667	921.8	2355000	66.11039	32.415405	191.40887	-0.50257397	-66.85566	8.061893	20189.778567552567
472	-906.479	815.2683	-4.2242713	-1920.5962	18.155201	326.84177	338.7681	-879.5307	1000.0	1000.0	2360000	65.999016	31.861761	187.08514	4.1762657	-66.76611	8.25746	20236.099645614624
473	-152.80922	70.02712	-71.32178	-258.38226	-538.29865	832.7883	87.358116	-2307.2932	1000.0	1000.0	2365000	65.72672	31.450993	191.72667	3.0925875	-66.493515	8.268671	20282.44692349434
474	-840.66095	523.01526	-362.664	-1696.5619	-51.509758	344.61896	284.53293	-1005.622	1000.0	1000.0	2370000	65.90551	31.113077	187.14871	-2.2502642	-66.6785	8.596825	20328.270726442337
475	-406.15506	419.11612	124.017204	-1152.1848	-146.34834	191.074	137.52902	-437.6579	1000.0	803.3	2375000	65.94201	30.835688	183.19745	2.7955828	-66.720276	8.037278	20372.361880779266
476	-158.22963	138.55933	-15.536253	-406.67145	-365.42233	574.0522	306.94855	-1712.9373	1000.0	904.0	2380000	65.98194	30.592093	187.26015	10.591855	-66.76506	8.291422	20417.929338932037
477	-458.43295	808.6676	85.58015	-2054.748	-370.04657	506.433	57.908665	-1381.1031	1000.0	1000.0	2385000	66.32457	30.594255	191.8973	4.666604	-67.10583	8.005528	20463.58144712448
478	-106.78438	121.31257	33.978535	-277.66086	-305.25385	100.551476	-146.45398	-464.28754	1000.0	1000.0	2390000	66.02784	29.93663	184.88712	11.597117	-66.7886	7.9250693	20509.966918230057
479	-413.37988	687.97797	274.52664	-1722.4092	-109.47772	148.88524	183.64714	-327.71893	860.6	1000.0	2395000	65.76489	29.546898	181.11684	13.995376	-66.54577	8.073378	20554.771484375
480	-281.38226	91.21067	-108.28538	-375.87698	-334.4171	432.21506	-59.437958	-1309.0363	1000.0	1000.0	2400000	65.823975	29.458055	182.1171	1.3263264	-66.602646	8.347309	20601.049743652344
481	-269.54163	434.84375	37.484947	-1124.7881	-342.32886	372.04977	104.91057	-961.49054	1000.0	1000.0	2405000	65.80342	29.545727	181.05566	9.975696	-66.57611	7.57045	20647.992413282394
482	-183.72975	207.55937	103.3576	-479.84567	-418.04364	241.35825	-28.465876	-720.44946	1000.0	1000.0	2410000	65.72816	29.582138	179.85994	6.9086514	-66.505035	7.4653354	20695.8032245636
483	-156.50383	235.15025	165.73776	-540.6247	-377.6002	319.38263	128.42761	-823.0895	837.1667	1000.0	2415000	65.64027	29.763882	180.49449	2.4229193	-66.422516	8.103115	20742.709322690964
484	-272.9398	205.76012	11.73374	-534.5763	-216.98764	341.80048	367.05588	-622.89636	1000.0	1000.0	2420000	65.821526	29.534416	179.57645	3.4515305	-66.60835	7.999639	20788.68931412697
485	-286.93674	208.15857	42.38003	-585.0458	-462.24	155.50061	-108.50628	-662.34424	1000.0	928.7	2425000	65.78338	30.171337	182.29015	-0.5042448	-66.56104	8.642568	20834.224172353745
486	-504.16983	109.14718	-396.8985	-694.4174	-551.5526	255.0665	-268.33194	-1084.2955	1000.0	1000.0	2430000	65.6557	30.53905	180.62805	-3.1433067	-66.42833	8.33222	20880.045204639435
487	-481.11484	393.71887	126.0874	-1114.7036	-483.70694	185.5372	-128.97153	-685.3081	1000.0	1000.0	2435000	64.566055	30.618675	181.64514	-7.982565	-65.28202	8.506061	20926.342515945435
488	-490.9834	242.0108	-197.94386	-750.70734	-180.18884	249.85608	309.4282	-605.141	1000.0	915.1	2440000	62.947792	31.058422	178.69312	-0.63508224	-63.633186	8.076771	20973.468394756317
489	-481.34082	172.48041	-249.64272	-721.9463	-233.2985	135.66405	-29.979668	-436.4262	1000.0	845.3	2445000	60.976276	31.254505	177.9985	-7.885043	-61.65175	7.7279844	21019.727648973465
490	-579.75165	246.7378	-313.27063	-1016.63776	-295.5926	200.29292	-8.934299	-554.01086	1000.0	1000.0	2450000	59.340153	31.452868	179.83032	-3.6380997	-60.021908	8.2958	21066.36179614067
491	-338.46353	202.20065	53.054928	-584.5777	-570.61096	276.0512	-50.868122	-1096.8774	842.5	1000.0	2455000	58.48844	31.775286	178.13225	-6.397767	-59.198227	8.255706	21112.953366994858
492	-515.689	304.9045	-125.599304	-1022.22736	-454.91138	207.02391	-156.04112	-723.22534	1000.0	1000.0	2460000	58.329266	31.426727	177.40813	-14.454444	-59.05302	8.216855	21159.80306172371
493	-310.71518	194.29008	67.586975	-473.83722	-78.70661	355.33386	352.86856	-601.2836	1000.0	1000.0	2465000	57.992207	31.68856	174.70613	-11.056423	-58.7011	8.272052	21205.794439077377
494	-366.35928	66.94769	-290.76328	-453.15323	-213.5763	388.01477	222.96277	-1076.035	1000.0	1000.0	2470000	57.192226	31.56535	176.30841	-11.419535	-57.89698	8.313034	21252.677211999893
495	-99.08218	358.33545	570.0993	-418.1784	-379.11063	213.37132	42.679184	-683.57117	1000.0	1000.0	2475000	56.606773	31.557022	173.98935	-3.5787868	-57.30195	8.270709	21300.55110168457
496	-253.16995	230.56902	43.584846	-614.4045	-58.75399	176.81422	152.18526	-314.3735	1000.0	1000.0	2480000	56.11884	31.96271	176.23544	-5.1245785	-56.83103	8.257184	21348.061856985092
497	-376.9393	187.55444	-172.56433	-713.27606	-561.8658	422.54645	31.703894	-1342.4751	1000.0	1000.0	2485000	55.983593	31.86482	172.94453	-9.186696	-56.704483	8.0159855	21395.17849445343
498	-384.99057	405.28775	279.03253	-986.59656	-508.6171	266.90558	-10.973881	-848.61786	1000.0	1000.0	2490000	55.848877	31.816263	173.39005	-4.2369957	-56.553795	8.235638	21441.299109697342
499	-405.20093	354.60767	-86.26035	-1125.3048	-464.60333	329.8005	-30.549238	-984.09784	862.0	1000.0	2495000	55.113976	31.76966	170.6901	-11.208785	-55.806725	8.213175	21488.13895702362
