Epoch	AverageEpRet	StdEpRet	MaxEpRet	MinEpRet	AverageTestEpRet	StdTestEpRet	MaxTestEpRet	MinTestEpRet	EpLen	TestEpLen	TotalEnvInteracts	AverageQVals	StdQVals	MaxQVals	MinQVals	LossPi	LossQ	Time
1	4698.16	43.770645	4758.7407	4633.3994	4658.13	1.0495431	4659.661	4656.229	1000.0	1000.0	10000	114.95716	59.823215	530.22565	-126.10595	-115.639885	7.586224	68.89472961425781
2	4712.5996	3.9526732	4720.151	4707.618	4658.547	2.1454456	4661.6714	4655.078	1000.0	1000.0	20000	268.32773	33.544094	493.15546	49.19722	-268.69067	6.6808343	160.25232768058777
3	4709.6777	3.6708596	4717.063	4704.0615	4657.4136	1.7441657	4661.0806	4654.649	1000.0	1000.0	30000	354.63156	24.625591	632.65204	105.27448	-354.91724	6.819457	250.05435371398926
4	4710.245	4.373388	4715.9536	4703.2676	4657.6157	2.8405612	4662.316	4653.3975	1000.0	1000.0	40000	407.9314	20.129625	669.449	125.94198	-408.16876	6.5846453	340.2804410457611
5	4711.081	3.171072	4716.562	4705.979	4658.753	2.3435216	4663.159	4654.7437	1000.0	1000.0	50000	440.45956	18.719873	639.94525	82.069305	-440.696	5.7634916	429.33928751945496
6	4710.1265	3.0493107	4715.3213	4704.795	4658.6377	1.8501855	4661.398	4654.1177	1000.0	1000.0	60000	459.66006	18.214434	721.7372	173.36992	-459.8623	5.448699	519.8143990039825
7	4707.827	3.6145988	4714.4653	4701.448	4657.7676	3.232732	4664.142	4652.2954	1000.0	1000.0	70000	470.7104	17.544254	677.84924	235.3538	-470.8992	4.2786503	610.2904334068298
8	4711.1113	3.017005	4716.209	4706.772	4655.9546	1.6163188	4658.716	4653.458	1000.0	1000.0	80000	477.0183	16.449286	766.88116	247.1533	-477.1872	4.4598	700.9572579860687
9	4712.858	2.9117796	4718.6553	4709.024	4656.7954	2.1211092	4660.864	4653.435	1000.0	1000.0	90000	481.47144	15.995544	738.5482	200.26767	-481.65274	4.234158	791.6884326934814
10	4709.4053	4.745568	4715.8003	4700.591	4658.1807	2.1551003	4661.8975	4655.502	1000.0	1000.0	100000	483.6532	15.034679	735.6299	207.90321	-483.81714	3.9538562	882.0785284042358
11	4708.673	3.6036096	4712.9644	4702.562	4657.332	2.8965511	4662.1245	4651.4243	1000.0	1000.0	110000	484.77734	13.951697	756.1475	310.6284	-484.94885	3.5660882	972.8822309970856
12	4710.728	3.5708718	4715.366	4704.895	4658.5176	2.529493	4664.555	4655.5103	1000.0	1000.0	120000	485.8822	12.967075	654.0285	336.84506	-486.0454	2.617875	1063.8010606765747
13	4709.911	1.9902565	4712.709	4705.8823	4658.445	2.757296	4663.4204	4654.792	1000.0	1000.0	130000	486.2674	12.108652	754.8215	254.05688	-486.43304	3.5367758	1154.954533815384
14	4710.7803	1.5506501	4712.69	4708.164	4657.76	2.256277	4661.1333	4653.99	1000.0	1000.0	140000	486.96976	11.607831	703.77075	226.46399	-487.14386	2.4608872	1245.9260816574097
15	4711.78	3.2829628	4717.678	4705.625	4658.7524	1.7209886	4662.891	4656.2017	1000.0	1000.0	150000	487.63425	11.091877	729.0672	350.07962	-487.807	2.483559	1336.92879652977
16	4710.943	4.4342437	4715.705	4700.7334	4658.1265	1.7400305	4660.5615	4654.5396	1000.0	1000.0	160000	487.42184	10.11442	793.39655	293.36993	-487.58145	2.5599003	1428.4066047668457
17	4711.319	3.6541612	4715.6157	4703.957	4656.4277	1.6934891	4659.7583	4654.379	1000.0	1000.0	170000	487.3646	9.630389	652.7789	282.7989	-487.5311	2.0779765	1520.0277004241943
18	4710.424	3.9697251	4717.7715	4704.8384	4657.6416	3.1792057	4661.5947	4650.616	1000.0	1000.0	180000	487.64508	9.31542	659.7594	288.39584	-487.81055	2.5876582	1611.3768038749695
19	4712.6455	6.689798	4730.3975	4704.226	4658.0586	1.6704059	4661.4033	4655.0586	1000.0	1000.0	190000	487.73322	9.125306	630.8981	261.45963	-487.8966	2.0996325	1702.1999380588531
20	4710.047	3.2431097	4716.3657	4705.136	4657.546	1.889871	4661.9688	4655.3594	1000.0	1000.0	200000	487.50687	8.443792	645.3777	253.97897	-487.668	2.1911411	1793.170470237732
21	4710.116	5.814997	4716.829	4701.623	4658.876	3.059413	4664.707	4655.3716	1000.0	1000.0	210000	487.52197	8.340528	748.4219	308.63037	-487.6787	2.2273352	1889.8268003463745
22	4710.473	5.2907777	4722.2124	4703.278	4657.085	2.4307106	4659.639	4652.26	1000.0	1000.0	220000	487.07007	7.9236374	700.6262	232.67044	-487.2211	1.9228586	1998.319900751114
23	4714.083	6.496704	4725.761	4705.4995	4658.091	2.1928132	4662.249	4654.0537	1000.0	1000.0	230000	486.9729	7.678435	691.39276	321.95312	-487.1227	1.6177669	2105.8729000091553
24	4710.6943	4.656716	4720.303	4705.326	4658.323	2.173193	4662.254	4655.7095	1000.0	1000.0	240000	486.5287	7.407572	648.8341	262.9901	-486.66995	1.7124118	2212.9894921779633
25	4710.741	1.8903154	4713.219	4707.2334	4657.216	3.0224128	4661.3154	4651.5874	1000.0	1000.0	250000	487.0218	7.1601286	735.4813	303.77512	-487.19156	1.8868363	2319.5134921073914
26	4708.491	3.0662208	4713.0356	4702.76	4657.504	2.1529405	4661.038	4653.7593	1000.0	1000.0	260000	487.7708	6.8014054	662.39453	346.55527	-487.93924	1.650468	2426.288408756256
27	4711.0537	5.2693224	4724.0137	4703.693	4658.1157	2.683939	4663.6167	4653.1924	1000.0	1000.0	270000	487.93094	6.5974064	658.17285	352.13742	-488.0878	1.4978731	2534.665693283081
28	4707.9717	3.4745283	4712.9214	4700.693	4657.878	1.7677258	4660.5146	4654.863	1000.0	1000.0	280000	487.2679	6.00808	643.09064	330.52155	-487.4126	1.6840557	2642.331516981125
29	4711.505	5.8437524	4722.6514	4701.693	4657.996	2.2325666	4661.246	4654.236	1000.0	1000.0	290000	487.51648	5.600895	698.2604	211.97456	-487.683	1.563921	2749.8345308303833
30	4710.146	3.8096874	4715.621	4703.3047	4658.636	3.056834	4664.9663	4654.1245	1000.0	1000.0	300000	487.55255	5.496384	734.93695	317.82983	-487.69885	1.5433543	2858.5642387866974
31	4707.8486	5.4848313	4716.118	4699.2837	4658.9976	3.0276113	4664.72	4654.352	1000.0	1000.0	310000	486.8761	5.290517	742.5376	345.14035	-487.0123	1.3905255	2967.179051399231
32	4713.2314	3.0309737	4718.918	4708.756	4657.068	2.712038	4660.8794	4652.449	1000.0	1000.0	320000	486.42007	4.9337826	703.18396	300.73856	-486.5637	1.3675692	3075.234829902649
33	4710.25	3.954857	4717.9155	4704.499	4657.348	2.4312952	4661.93	4653.2744	1000.0	1000.0	330000	486.70926	4.7964077	785.6969	258.41266	-486.8674	1.463652	3183.1576495170593
34	4713.908	5.351076	4723.493	4707.008	4659.232	2.3423402	4663.571	4655.964	1000.0	1000.0	340000	486.81552	4.8741927	585.14856	367.69525	-486.96365	1.133441	3291.0918986797333
35	4709.308	2.947443	4713.6763	4705.701	4657.5576	2.027275	4661.7603	4654.3955	1000.0	1000.0	350000	486.42548	4.855764	644.6523	332.19223	-486.56735	1.3208377	3397.6513924598694
36	4710.483	3.92058	4715.453	4703.809	4658.71	1.4753163	4661.5244	4656.2334	1000.0	1000.0	360000	486.38492	4.571329	646.8799	294.67053	-486.53534	1.2091609	3501.6993474960327
37	4710.9404	2.8489597	4714.9365	4707.5566	4658.4087	2.2158036	4662.971	4656.191	1000.0	1000.0	370000	486.1677	4.5873213	682.7448	354.5073	-486.30054	1.2417017	3597.522267103195
38	4714.9385	5.6036887	4728.3584	4709.189	4656.8486	2.5277812	4662.81	4652.7925	1000.0	1000.0	380000	485.82193	4.283695	592.12823	345.56192	-485.95886	1.1376243	3690.0883750915527
39	4709.5386	3.5291553	4714.3545	4701.7974	4657.3164	2.8636472	4663.0586	4653.214	1000.0	1000.0	390000	485.51486	4.2462916	624.7842	228.9444	-485.6443	1.0836362	3783.4523372650146
40	4708.8726	3.9380949	4714.0493	4702.477	4657.9424	2.7657971	4662.49	4653.7954	1000.0	1000.0	400000	484.88986	4.1188345	674.1346	217.7087	-485.0147	1.1194531	3876.9672701358795
41	4712.1367	5.681194	4718.9023	4702.219	4658.2944	2.1039865	4662.0635	4653.963	1000.0	1000.0	410000	484.90436	4.042512	661.2481	393.44818	-485.03894	0.977015	3970.066414117813
42	4710.3853	4.6175385	4719.48	4705.207	4659.1377	3.7237554	4665.5703	4653.9727	1000.0	1000.0	420000	484.6272	3.9747005	574.09656	220.96844	-484.7468	0.9603862	4063.470832824707
43	4710.8267	4.117677	4715.114	4702.887	4658.8125	2.5723422	4663.392	4655.475	1000.0	1000.0	430000	484.4163	3.94609	657.90967	348.4901	-484.5423	1.2122813	4157.087855100632
44	4709.936	4.4598346	4720.598	4702.7437	4659.2095	2.7110841	4664.431	4655.614	1000.0	1000.0	440000	483.94418	3.9142187	577.253	376.3483	-484.05154	0.8978192	4249.8139526844025
45	4710.823	5.1476297	4722.6934	4705.106	4659.193	3.4506593	4665.2793	4652.952	1000.0	1000.0	450000	483.31763	3.7850063	598.9226	324.15625	-483.4258	0.88280135	4342.844233989716
46	4711.3794	3.8256314	4718.197	4703.903	4658.749	2.4972713	4662.354	4653.6763	1000.0	1000.0	460000	483.04175	3.7348	638.24054	229.87569	-483.15115	0.9023828	4438.675586462021
47	4710.2314	2.9082284	4714.9053	4706.166	4657.7393	2.3118165	4662.215	4654.4165	1000.0	1000.0	470000	482.92902	3.4247968	618.0116	354.76883	-483.03934	0.9357364	4532.686274528503
48	4710.782	3.6761022	4716.3237	4703.8716	4657.4795	2.9930816	4661.862	4653.345	1000.0	1000.0	480000	483.20694	3.397481	609.18085	355.09222	-483.32654	0.801096	4626.136513948441
49	4711.458	3.850429	4716.1577	4702.9067	4657.728	2.160431	4661.929	4654.35	1000.0	1000.0	490000	483.11185	3.454624	638.44775	324.0092	-483.21765	0.98264	4721.877550363541
50	4711.3867	3.433211	4717.809	4706.7036	4657.678	2.9020562	4661.285	4651.426	1000.0	1000.0	500000	482.70273	3.3600607	585.8062	350.94888	-482.80566	0.6742788	4819.1448974609375
51	4710.7236	5.221335	4724.3813	4705.633	4657.7876	2.4933627	4661.1016	4653.599	1000.0	1000.0	510000	482.33786	3.312625	664.00433	381.04755	-482.43774	0.8919996	4917.042338132858
52	4709.663	2.3464172	4713.103	4703.9614	4657.5605	2.642555	4663.542	4654.6235	1000.0	1000.0	520000	482.2707	3.1943417	613.3262	379.09384	-482.3773	0.69490504	5019.18550157547
53	4710.755	4.421218	4721.867	4705.261	4659.125	1.8378773	4662.37	4656.749	1000.0	1000.0	530000	482.17386	3.1741679	626.6799	359.80557	-482.27545	0.77458036	5123.146033525467
54	4710.6455	3.3679419	4715.5635	4704.1226	4657.6953	1.6265306	4660.859	4655.6333	1000.0	1000.0	540000	481.88193	3.2387052	599.9296	329.76727	-481.97324	0.89154905	5226.544748306274
55	4712.331	3.0751767	4716.8105	4705.14	4658.9385	1.8135028	4661.774	4656.2637	1000.0	1000.0	550000	481.2982	3.1995513	633.69104	398.73917	-481.38834	0.75910604	5331.280647993088
56	4710.115	4.6691184	4721.6685	4705.0425	4656.003	1.7631196	4659.477	4653.8945	1000.0	1000.0	560000	481.10373	3.162013	591.184	361.05264	-481.18985	0.756279	5434.909167766571
57	4711.0273	3.0606756	4715.4814	4705.549	4658.2314	3.2195697	4663.459	4654.685	1000.0	1000.0	570000	480.69092	3.1108124	613.1064	301.65417	-480.78296	0.8838206	5537.993214130402
58	4713.886	6.3048286	4725.394	4706.425	4658.3315	2.0159001	4661.057	4654.4233	1000.0	1000.0	580000	481.046	3.1089234	636.63544	364.31363	-481.14255	0.7206859	5642.5862555503845
59	4712.921	1.6170948	4715.643	4709.974	4658.9507	2.3404438	4662.62	4655.6904	1000.0	1000.0	590000	481.18567	3.0034113	600.4991	369.30002	-481.28204	0.67873424	5745.947744846344
60	4708.7124	1.8116165	4711.84	4705.3945	4657.1016	3.2492619	4663.49	4652.2896	1000.0	1000.0	600000	481.09702	3.0103915	597.3731	370.6211	-481.1877	0.7709464	5850.067809343338
61	4710.468	2.6951153	4714.8687	4704.8433	4658.315	2.56403	4662.75	4652.949	1000.0	1000.0	610000	481.05414	2.9599712	569.3344	276.6439	-481.1495	0.7283542	5962.642968654633
62	4709.132	4.292464	4714.278	4701.391	4657.4883	1.2407572	4660.144	4655.8594	1000.0	1000.0	620000	480.80585	2.9188676	591.02435	401.21796	-480.8892	0.63119805	6075.640682697296
63	4711.4233	4.5425506	4717.856	4703.804	4658.837	3.5010154	4664.42	4653.6313	1000.0	1000.0	630000	480.61188	2.916982	558.8735	308.04315	-480.698	0.70412207	6187.894845247269
64	4709.784	4.5717134	4717.8735	4699.9717	4657.4385	2.5195904	4660.58	4653.606	1000.0	1000.0	640000	480.23233	2.8928957	618.7327	369.18472	-480.3083	0.68840957	6301.356855869293
65	4710.6235	2.634983	4716.07	4706.7153	4658.7104	2.773169	4664.329	4654.8584	1000.0	1000.0	650000	479.8918	2.9038658	646.7847	387.42087	-479.96506	0.66312975	6411.730466365814
66	4709.9976	2.9490473	4714.8857	4706.065	4657.281	2.554316	4661.1406	4653.6416	1000.0	1000.0	660000	479.52322	2.8002925	589.3453	395.2191	-479.60065	0.60664254	6527.743156671524
67	4711.9966	4.6263943	4719.918	4705.057	4657.4404	2.2595623	4661.907	4654.359	1000.0	1000.0	670000	479.6581	2.8199682	557.29645	319.7854	-479.739	0.6279474	6649.618452548981
68	4711.5635	3.9836998	4719.356	4704.0234	4658.8057	2.4794633	4663.892	4655.3745	1000.0	1000.0	680000	479.66037	2.7654822	571.93115	298.96033	-479.7396	0.629318	6770.5365924835205
69	4711.334	4.1815195	4718.261	4704.394	4658.3735	2.282276	4662.298	4654.223	1000.0	1000.0	690000	479.42844	2.7335532	561.77716	326.19186	-479.4999	0.6035286	6890.651055574417
70	4712.5615	4.509511	4719.9106	4702.6904	4657.5967	2.556373	4660.984	4652.6353	1000.0	1000.0	700000	479.18707	2.6311414	562.6381	367.83685	-479.2583	0.6110962	7011.207242012024
71	4709.175	3.6156144	4716.358	4702.837	4659.669	2.6417062	4664.374	4656.477	1000.0	1000.0	710000	479.1533	2.5792766	611.5904	378.31964	-479.2269	0.64462346	7131.849836111069
72	4710.5674	3.388486	4717.838	4705.047	4658.289	2.5719907	4664.2207	4655.999	1000.0	1000.0	720000	479.11813	2.6125956	560.4597	371.93597	-479.1929	0.5666681	7252.935635328293
73	4710.6934	3.0771616	4714.6772	4703.2505	4657.8203	2.7260275	4661.34	4653.066	1000.0	1000.0	730000	479.04825	2.6271775	586.33466	375.5313	-479.1191	0.6210017	7374.3243544101715
74	4712.5366	1.6248639	4715.455	4709.274	4657.8174	1.7949023	4661.5312	4654.7075	1000.0	1000.0	740000	478.9209	2.5703616	562.38055	396.12515	-478.99164	0.56114036	7495.713798761368
75	4711.446	3.831474	4717.7217	4704.966	4658.563	2.8056538	4663.495	4654.4756	1000.0	1000.0	750000	478.74915	2.5465705	567.18634	374.12094	-478.81686	0.5602164	7618.31018280983
76	4711.298	5.388471	4724.8315	4701.5176	4657.401	2.9656084	4661.485	4652.8423	1000.0	1000.0	760000	478.49167	2.558492	578.7531	381.14505	-478.5571	0.56302685	7730.7379496097565
77	4711.573	3.6610427	4718.308	4706.73	4657.87	2.5632153	4663.1377	4654.6777	1000.0	1000.0	770000	478.38153	2.5685313	593.2783	208.12814	-478.4484	0.55636257	7845.168872594833
78	4710.667	3.2347229	4715.773	4704.9126	4657.581	2.4706802	4661.591	4652.915	1000.0	1000.0	780000	478.13098	2.52852	565.1502	397.1414	-478.1868	0.5085247	7959.4641234874725
79	4712.4873	2.8475676	4717.2646	4706.8574	4658.8345	2.8122602	4663.9443	4654.19	1000.0	1000.0	790000	477.95328	2.4868445	565.9459	316.9231	-478.0156	0.512932	8076.594837665558
80	4709.0815	4.6316466	4716.2197	4701.359	4656.996	2.0088403	4660.9624	4654.2065	1000.0	1000.0	800000	477.98346	2.4365957	565.54364	368.4099	-478.0483	0.54793245	8196.66896557808
81	4713.856	5.4156895	4728.0386	4706.77	4657.28	3.391635	4662.783	4649.977	1000.0	1000.0	810000	477.97546	2.3912258	543.24274	364.89255	-478.0366	0.55809665	8313.111186027527
82	4710.799	5.061745	4722.657	4701.854	4657.544	1.6924976	4659.9907	4654.686	1000.0	1000.0	820000	477.75897	2.3932385	583.0814	393.1201	-477.8159	0.54252565	8424.47097826004
83	4711.259	4.2780123	4717.7773	4704.009	4656.8896	2.9940972	4661.545	4650.79	1000.0	1000.0	830000	477.74625	2.4037004	569.1689	387.38528	-477.80765	0.544608	8533.826280117035
84	4711.054	3.61526	4716.2646	4703.387	4657.914	2.2026184	4660.847	4653.5796	1000.0	1000.0	840000	477.87396	2.393063	590.5862	381.04617	-477.9396	0.5020086	8643.863689422607
85	4712.7725	6.386063	4724.4653	4701.9805	4658.079	1.4337602	4660.457	4655.842	1000.0	1000.0	850000	478.0277	2.3875163	566.5885	365.469	-478.08804	0.43143365	8754.122460365295
86	4711.151	2.8054984	4716.171	4706.866	4658.6313	2.0521133	4663.07	4655.9487	1000.0	1000.0	860000	477.68945	2.3607316	577.17377	372.26797	-477.7428	0.5154077	8865.180210590363
87	4712.2593	2.5692759	4716.654	4708.896	4658.798	2.2872596	4663.078	4654.0425	1000.0	1000.0	870000	477.42017	2.3046596	568.4743	414.5954	-477.473	0.44422573	8975.205756664276
88	4709.54	4.3688774	4717.6255	4702.6045	4657.422	2.3573956	4663.189	4654.5537	1000.0	1000.0	880000	477.2749	2.294786	548.69244	323.96948	-477.3281	0.45946085	9086.903783798218
89	4710.04	3.386039	4715.1787	4705.9736	4658.6533	2.3442476	4662.6455	4655.129	1000.0	1000.0	890000	477.08884	2.2684093	554.02124	307.59665	-477.1421	0.5318888	9198.471129179
90	4713.794	4.8884	4723.3975	4705.8535	4657.777	1.8367013	4659.9976	4653.7583	1000.0	1000.0	900000	477.12137	2.3073907	540.0925	406.33307	-477.1747	0.46001372	9311.010100364685
91	4709.1875	4.184483	4718.3203	4703.235	4657.1777	2.1275816	4661.052	4654.314	1000.0	1000.0	910000	477.146	2.3053455	591.84814	366.7389	-477.20145	0.5316676	9423.513131856918
92	4711.4854	5.673051	4721.827	4702.4663	4657.1475	2.4471426	4660.922	4654.014	1000.0	1000.0	920000	477.09503	2.3084824	563.5225	356.13043	-477.1469	0.44985044	9535.295256137848
93	4711.7803	2.3088233	4715.5464	4709.5146	4658.055	2.5447206	4662.3643	4654.4	1000.0	1000.0	930000	477.04633	2.3261688	573.9545	357.95636	-477.09625	0.578937	9647.340593338013
94	4709.0225	4.7653847	4721.093	4703.649	4658.3076	3.316044	4665.2188	4654.3594	1000.0	1000.0	940000	477.06854	2.30816	588.9593	318.218	-477.1222	0.5416793	9760.790813684464
95	4710.1045	3.9004114	4715.8184	4702.9043	4657.3843	2.7044656	4661.9062	4653.9106	1000.0	1000.0	950000	477.034	2.241475	564.8092	353.18475	-477.08466	0.42192525	9873.075827360153
96	4710.5137	2.7608778	4715.515	4706.4683	4659.504	2.2667797	4663.0386	4656.056	1000.0	1000.0	960000	476.77774	2.2386384	558.7866	396.8367	-476.82355	0.5307718	9986.487760305405
97	4712.7827	4.9261694	4719.3647	4705.3945	4657.542	2.9331934	4662.509	4652.0327	1000.0	1000.0	970000	476.5677	2.2344146	610.6995	379.5386	-476.6128	0.50742275	10098.971385240555
98	4708.718	4.335347	4713.022	4699.2637	4657.9814	2.7366953	4661.613	4652.323	1000.0	1000.0	980000	476.34924	2.2118044	542.4416	343.66025	-476.39166	0.42109507	10210.912160158157
99	4712.0923	3.6998024	4718.6475	4707.9263	4659.8877	1.8137956	4662.0757	4656.795	1000.0	1000.0	990000	476.33926	2.2263567	554.8977	354.2056	-476.38315	0.44735396	10324.99376821518
100	4711.1455	3.6321464	4715.848	4703.7173	4659.2075	3.1862051	4663.422	4654.1245	1000.0	1000.0	1000000	476.12637	2.201454	548.0675	337.81445	-476.1665	0.43008888	10448.322953939438
101	4709.1885	1.9034052	4712.741	4705.6104	4656.298	1.3938632	4658.614	4653.7646	1000.0	1000.0	1010000	475.9932	1.9427507	568.5282	415.30853	-476.03705	0.3941435	10570.450673818588
102	4712.2354	5.215519	4726.328	4707.618	4659.1494	2.093745	4664.2456	4655.9	1000.0	1000.0	1020000	475.93362	1.7110772	561.3755	418.8612	-475.97385	0.34757134	10692.296969413757
103	4709.646	4.871125	4718.082	4703.775	4659.4937	2.1424725	4662.579	4655.3335	1000.0	1000.0	1030000	475.7788	1.724806	553.0776	418.89276	-475.82196	0.40012923	10814.108506441116
104	4709.0635	2.9835534	4712.2686	4703.9097	4660.293	2.3774288	4664.4385	4656.7236	1000.0	1000.0	1040000	475.93732	1.6948714	575.232	389.77948	-475.9814	0.38383043	10938.285805940628
105	4709.224	3.2065206	4714.6064	4703.3003	4656.944	1.560768	4659.1606	4654.6074	1000.0	1000.0	1050000	475.85425	1.7181039	574.3766	401.8489	-475.8959	0.3624239	11060.581273555756
106	4711.681	3.0281138	4716.045	4704.7656	4658.326	2.1925786	4664.1006	4656.2183	1000.0	1000.0	1060000	475.88147	1.7554599	551.4717	372.5541	-475.9238	0.3750907	11183.043085336685
107	4711.1973	3.030911	4715.779	4706.14	4658.202	2.813327	4662.078	4652.7095	1000.0	1000.0	1070000	475.88867	1.7385637	529.1906	424.45166	-475.9319	0.32016653	11305.174383878708
108	4708.942	3.2476819	4715.3335	4702.502	4658.815	3.662731	4664.877	4652.385	1000.0	1000.0	1080000	475.82278	1.7187195	556.91705	417.68173	-475.8624	0.36572984	11431.047231674194
109	4711.3477	3.3334749	4717.488	4707.9307	4657.281	1.4120357	4659.7026	4654.4385	1000.0	1000.0	1090000	475.78027	1.7018576	562.0988	426.1687	-475.82285	0.31417966	11563.602808713913
110	4711.4805	3.2074995	4716.6855	4706.1772	4657.2935	2.1216211	4659.5117	4651.9023	1000.0	1000.0	1100000	475.79514	1.7325885	587.0924	397.92532	-475.8345	0.3714183	11694.862150669098
111	4710.9766	4.783634	4720.837	4704.2754	4657.5464	2.1096184	4662.618	4654.3438	1000.0	1000.0	1110000	475.67047	1.7249048	546.2574	400.3273	-475.70914	0.39496598	11826.96855711937
112	4711.164	3.3216286	4715.2095	4705.0454	4659.3745	2.7381399	4664.3936	4655.3745	1000.0	1000.0	1120000	475.6074	1.7170426	578.63873	411.08032	-475.648	0.3068362	11958.93723988533
113	4709.7886	4.621183	4717.407	4701.6475	4659.533	2.6994038	4663.798	4653.9487	1000.0	1000.0	1130000	475.66742	1.7565045	568.44763	391.48663	-475.7092	0.3652399	12090.839274644852
114	4710.0156	4.258699	4716.0527	4703.4263	4658.3594	2.834527	4662.7925	4654.845	1000.0	1000.0	1140000	475.62585	1.7300073	547.84656	427.61108	-475.6626	0.28957716	12223.786638975143
115	4710.5776	3.9610362	4715.736	4702.482	4657.8975	2.651185	4663.736	4654.106	1000.0	1000.0	1150000	475.43814	1.6959857	562.0324	395.3856	-475.47235	0.3499544	12345.477817773819
116	4711.8857	4.011314	4718.901	4707.13	4657.8623	2.8359003	4663.4185	4654.4097	1000.0	1000.0	1160000	475.259	1.7289304	545.6945	411.09094	-475.29175	0.32856962	12469.14087843895
117	4711.2383	3.436096	4716.086	4706.1187	4658.745	2.0815198	4662.796	4655.3955	1000.0	1000.0	1170000	475.12726	1.7021439	587.9663	402.04053	-475.16064	0.3631325	12590.7349255085
118	4710.096	3.339302	4715.1567	4705.4326	4658.532	1.6978762	4661.0938	4654.51	1000.0	1000.0	1180000	475.02014	1.7188022	533.2933	423.56998	-475.0484	0.28680888	12713.552183628082
119	4709.7695	3.5955603	4715.634	4703.9746	4657.3306	2.2628589	4661.7773	4653.701	1000.0	1000.0	1190000	474.73923	1.7348101	563.55963	368.34027	-474.7664	0.35853085	12835.837607622147
120	4709.9253	4.592218	4716.9917	4701.115	4659.3047	1.4114037	4662.453	4657.2373	1000.0	1000.0	1200000	474.71512	1.749329	556.7874	416.81726	-474.74866	0.32879803	12958.724692821503
121	4710.0874	4.7607145	4718.689	4702.546	4658.1216	2.7682388	4663.2803	4655.1567	1000.0	1000.0	1210000	474.7732	1.7230079	561.27185	422.51822	-474.80453	0.3212212	13081.744161844254
122	4710.288	5.5994062	4721.16	4702.3677	4657.13	2.2914684	4661.272	4653.426	1000.0	1000.0	1220000	474.65533	1.7163241	552.22107	399.23743	-474.681	0.33860388	13204.208471298218
123	4709.6763	3.2177055	4716.508	4705.0537	4657.2393	2.5008678	4661.229	4654.216	1000.0	1000.0	1230000	474.37463	1.6993499	569.1925	419.05002	-474.39694	0.34648773	13321.552831411362
124	4709.081	5.7064853	4717.88	4696.1934	4658.495	2.2093198	4661.995	4655.7075	1000.0	1000.0	1240000	474.25247	1.6949265	549.9586	418.56046	-474.2791	0.3480514	13433.993218898773
125	4711.075	4.088687	4716.1772	4705.5454	4658.4414	2.976215	4661.5127	4651.0386	1000.0	1000.0	1250000	474.3466	1.6876501	530.7152	420.3512	-474.37564	0.30105665	13545.00601387024
126	4709.247	3.944178	4717.6	4703.937	4657.877	2.1150985	4661.2007	4652.854	1000.0	1000.0	1260000	474.37628	1.7073748	547.47656	423.54126	-474.40625	0.3044208	13658.68136048317
127	4711.025	2.1515014	4715.9355	4708.1123	4658.203	1.309333	4660.0605	4656.304	1000.0	1000.0	1270000	474.47888	1.7360129	538.49005	420.9357	-474.5073	0.30437025	13771.939495801926
128	4710.876	4.182447	4717.2275	4701.374	4657.833	2.892493	4662.6807	4653.689	1000.0	1000.0	1280000	474.4307	1.7260562	582.5321	369.95724	-474.45914	0.3863826	13884.244496822357
129	4711.4946	2.91575	4717.011	4708.432	4658.0757	2.9765532	4661.3667	4651.284	1000.0	1000.0	1290000	474.44363	1.7120345	539.0106	405.41876	-474.47296	0.33340034	13997.551820993423
130	4709.469	2.2279084	4713.0894	4706.4585	4658.1772	2.669199	4661.1953	4653.0737	1000.0	1000.0	1300000	474.46906	1.679648	527.99585	430.95425	-474.49734	0.27894747	14110.049080133438
131	4709.233	4.151648	4716.006	4700.6094	4658.96	2.4396174	4662.2524	4654.2754	1000.0	1000.0	1310000	474.34048	1.7098056	538.75305	423.91806	-474.362	0.28543764	14223.53180551529
132	4711.76	3.9308276	4718.6226	4704.2153	4658.0557	3.6315315	4663.413	4652.4136	1000.0	1000.0	1320000	473.9906	1.7351688	585.91003	335.35428	-474.01266	0.40561876	14336.809034347534
133	4710.855	2.527883	4714.385	4704.6064	4658.4854	2.2893674	4663.0103	4656.0845	1000.0	1000.0	1330000	474.05225	1.65389	527.50616	424.68896	-474.0831	0.27808896	14450.38827753067
134	4709.587	2.551411	4714.109	4704.537	4659.3447	2.8442285	4664.6865	4654.4424	1000.0	1000.0	1340000	474.38132	1.6975411	561.63513	396.5525	-474.41376	0.3425326	14563.94040775299
135	4710.083	3.3805096	4716.8633	4704.487	4657.727	1.7328528	4660.024	4654.428	1000.0	1000.0	1350000	474.4829	1.7013559	539.88617	399.73657	-474.5107	0.30593112	14677.750303506851
136	4710.4404	3.6081777	4717.3403	4705.2354	4658.814	2.965101	4664.1	4654.8467	1000.0	1000.0	1360000	474.3227	1.6818835	543.302	426.48456	-474.3471	0.3115243	14868.54037642479
137	4712.869	4.0683475	4720.399	4708.5347	4657.27	1.6792972	4660.2656	4654.3223	1000.0	1000.0	1370000	474.3057	1.6727995	526.06537	417.60324	-474.33295	0.27588177	15010.728224277496
138	4709.6367	4.297372	4714.4683	4699.8022	4658.029	1.7800423	4661.6494	4655.6465	1000.0	1000.0	1380000	474.2695	1.675485	550.6313	418.5591	-474.2949	0.3016309	15152.640070199966
139	4711.493	3.3495898	4716.735	4706.5493	4656.039	2.7666364	4661.4355	4650.745	1000.0	1000.0	1390000	474.30698	1.7021655	559.126	406.86877	-474.3338	0.29742643	15294.38825058937
140	4709.483	3.1654634	4712.701	4703.764	4659.003	2.7853634	4665.307	4655.141	1000.0	1000.0	1400000	474.23892	1.6877419	531.16144	401.23178	-474.26135	0.28621307	15449.937915325165
141	4710.5166	5.6742935	4718.295	4701.904	4658.1455	2.6630445	4661.09	4652.569	1000.0	1000.0	1410000	473.95633	1.7451488	567.08795	428.23492	-473.97556	0.30841374	15647.788538694382
142	4712.393	1.5647906	4715.9097	4710.6865	4657.6055	1.879889	4660.5347	4654.2817	1000.0	1000.0	1420000	473.93777	1.708948	552.35986	370.54907	-473.96036	0.3255814	15856.81259727478
143	4709.957	2.8059046	4712.7456	4704.607	4657.4043	2.2074394	4659.7686	4653.0684	1000.0	1000.0	1430000	473.9205	1.6425431	532.0382	432.51633	-473.94376	0.29776874	16056.176046133041
144	4708.1074	3.3716652	4712.5376	4703.169	4656.9756	2.2445288	4660.631	4652.895	1000.0	1000.0	1440000	473.87842	1.6750304	554.3531	419.05615	-473.899	0.27018002	16249.749398231506
145	4710.427	3.0526874	4714.412	4704.8013	4658.108	2.036981	4663.0864	4655.567	1000.0	1000.0	1450000	473.86798	1.7194084	546.0433	383.43863	-473.892	0.31213036	16435.258184194565
146	4709.561	5.2749996	4718.302	4701.3965	4657.3853	1.6642606	4660.3906	4654.4316	1000.0	1000.0	1460000	473.8959	1.6663147	539.00354	426.5903	-473.91635	0.25303355	16621.47865986824
147	4710.663	5.151308	4716.5693	4698.451	4658.5005	1.8546857	4660.7505	4655.5366	1000.0	1000.0	1470000	473.7568	1.6830922	530.21344	431.2244	-473.77695	0.28682074	16802.355595588684
148	4710.3076	5.1705365	4717.0366	4702.191	4657.4717	2.7332544	4661.5767	4652.1543	1000.0	1000.0	1480000	473.7629	1.6970145	543.5597	379.7357	-473.7848	0.28743562	16983.6690056324
149	4707.721	3.5217516	4714.567	4701.8223	4658.0713	1.3871706	4660.6167	4655.877	1000.0	1000.0	1490000	473.71228	1.7070736	528.626	379.56418	-473.7312	0.27148744	17166.72073483467
150	4708.843	4.4434094	4714.43	4699.3223	4658.032	2.7301497	4662.447	4654.832	1000.0	1000.0	1500000	473.61905	1.670558	594.07745	426.47052	-473.6372	0.27810797	17351.037825345993
151	4709.6885	3.0221777	4715.261	4703.8286	4658.3296	3.07164	4663.9805	4653.008	1000.0	1000.0	1510000	473.65762	1.645196	567.3635	410.43472	-473.67746	0.2781523	17536.32121014595
152	4710.5435	2.2915013	4714.16	4707.031	4658.091	2.384078	4662.0815	4655.575	1000.0	1000.0	1520000	473.65198	1.6433467	544.032	422.43744	-473.6722	0.29534703	17718.5970351696
153	4710.7544	2.439946	4716.2466	4707.018	4658.046	2.5859203	4661.4897	4653.5903	1000.0	1000.0	1530000	473.6767	1.6627765	523.99036	434.62018	-473.69565	0.2546306	17899.15142917633
154	4711.5176	4.9270825	4723.4424	4705.76	4658.8696	2.505004	4663.6567	4656.031	1000.0	1000.0	1540000	473.59723	1.6579489	570.1217	379.02914	-473.6143	0.3020535	18106.188158512115
155	4710.047	4.278014	4716.571	4705.017	4658.807	1.7942592	4662.2295	4656.6094	1000.0	1000.0	1550000	473.42136	1.6810485	574.2023	395.28033	-473.43716	0.33964795	18301.89798307419
156	4710.8257	4.024785	4716.0815	4704.8555	4656.419	2.1544514	4660.3643	4652.3716	1000.0	1000.0	1560000	473.36142	1.6635396	560.1512	429.03427	-473.37915	0.24840873	18506.721614837646
157	4710.0264	4.770489	4719.3687	4704.0415	4657.0967	1.8890957	4659.64	4652.8174	1000.0	1000.0	1570000	473.37216	1.679582	552.0249	402.8949	-473.389	0.28162417	18700.8303463459
158	4710.415	2.2812388	4713.48	4705.43	4658.4795	2.3082318	4662.0557	4654.027	1000.0	1000.0	1580000	473.2949	1.6308948	518.2117	423.964	-473.31055	0.24340832	18896.004103183746
159	4712.3057	4.430692	4722.2485	4705.993	4656.9326	1.3679081	4658.434	4654.305	1000.0	1000.0	1590000	473.28955	1.7221417	539.80396	433.81458	-473.3061	0.2425793	19071.862035751343
160	4711.6685	4.3947444	4716.1226	4700.0806	4658.683	2.4791346	4661.3813	4653.026	1000.0	1000.0	1600000	473.2232	1.685901	532.3464	402.42178	-473.2357	0.2703921	19247.20149230957
161	4710.735	2.3942606	4714.8467	4706.212	4657.3325	2.0617056	4661.984	4654.2305	1000.0	1000.0	1610000	473.1117	1.6593969	555.24084	408.9987	-473.126	0.26332152	19419.37115931511
162	4709.5166	3.7048385	4718.0884	4705.8145	4656.9814	1.8827126	4660.128	4654.683	1000.0	1000.0	1620000	472.99747	1.6648442	524.2175	421.70596	-473.0097	0.24806955	19592.095649957657
163	4711.631	4.644992	4722.5547	4704.5996	4657.9683	1.9672511	4661.085	4655.363	1000.0	1000.0	1630000	472.96173	1.6686118	577.745	403.14798	-472.9743	0.28003654	19768.182159423828
164	4710.5947	2.9567082	4715.197	4703.664	4658.2476	1.8221571	4661.45	4655.8154	1000.0	1000.0	1640000	472.9776	1.6590225	557.9431	438.4553	-472.99146	0.2450233	19943.348233938217
165	4711.699	4.345955	4717.475	4705.7866	4658.1777	1.8270055	4661.9204	4655.8184	1000.0	1000.0	1650000	472.905	1.6506845	528.8418	403.75168	-472.9149	0.26100278	20116.82698249817
166	4711.365	3.676741	4718.967	4705.89	4657.247	1.8741452	4660.2886	4654.181	1000.0	1000.0	1660000	472.8256	1.6776838	524.4162	425.7661	-472.83856	0.23671381	20291.137351989746
167	4710.473	4.003377	4717.389	4703.953	4658.582	2.759179	4663.503	4654.383	1000.0	1000.0	1670000	472.7534	1.6648732	542.0951	427.37466	-472.76016	0.23768589	20461.969653367996
168	4713.5947	6.712198	4726.572	4699.262	4657.577	3.3810427	4664.097	4652.9727	1000.0	1000.0	1680000	472.54007	1.6653824	546.37634	432.61307	-472.54807	0.26754737	20638.547263145447
169	4711.622	2.679576	4717.6943	4707.768	4656.711	2.5543332	4660.636	4653.0312	1000.0	1000.0	1690000	472.5762	1.6260529	534.29474	417.85114	-472.58755	0.24380894	20809.03631711006
170	4711.87	2.3504586	4715.4214	4708.2856	4657.6167	2.078419	4660.8086	4655.147	1000.0	1000.0	1700000	472.5899	1.6464752	539.9264	420.52148	-472.5982	0.25980476	20981.06217122078
171	4711.161	3.3360655	4717.949	4705.529	4658.03	1.9855673	4662.883	4656.6387	1000.0	1000.0	1710000	472.56366	1.6529105	525.8349	409.38126	-472.574	0.25370526	21151.24775838852
172	4711.6445	5.881292	4725.8853	4703.8276	4657.522	2.3350098	4661.2686	4654.682	1000.0	1000.0	1720000	472.6144	1.6543539	543.11255	397.5936	-472.6259	0.29202467	21327.635056495667
