Epoch	AverageEpRet	StdEpRet	MaxEpRet	MinEpRet	EpLen	AverageVVals	StdVVals	MaxVVals	MinVVals	TotalEnvInteracts	LossPi	LossV	DeltaLossPi	DeltaLossV	Entropy	KL	Time
0	-2432.2012	37.0467	-2393.8328	-2482.0388	1000.0	-0.023466934	0.9135805	2.094192	-2.1208303	5000	-0.1637774	50487.92	-0.016331881	-6127.6094	7.5259275	0.114111915	13.238647222518921
1	-2271.0454	44.58813	-2205.67	-2335.6074	1000.0	-14.437588	0.42504567	-11.022741	-14.962401	10000	-0.16076641	38774.42	-0.012744576	-2691.0078	7.455207	0.11566848	21.278425931930542
2	-2221.0483	61.56091	-2119.3713	-2282.8896	1000.0	-21.588282	0.08926864	-20.323172	-21.664543	15000	-0.054890405	34329.613	-0.010716226	-2023.6738	7.4100795	0.112811245	28.57636308670044
3	-2091.2722	91.04054	-1986.5303	-2241.9878	1000.0	-27.30553	0.045498166	-26.676695	-27.340984	20000	-0.07605565	27284.557	-0.008785047	-1594.1367	7.4679055	0.14126563	35.55240988731384
4	-2083.026	112.87556	-1983.3223	-2288.2505	1000.0	-32.365902	0.035122097	-31.422646	-32.386837	25000	-0.090258986	26046.885	-0.007599078	-1504.3672	7.436794	0.12100455	42.6221125125885
5	-1959.9775	43.3119	-1928.0609	-2045.5093	1000.0	-37.2877	0.02739599	-36.63491	-37.30372	30000	-0.14111415	20886.68	-0.008513391	-1244.3301	7.467711	0.09375166	49.64677381515503
6	-1581.566	756.4815	-69.733154	-2004.031	808.8	-41.836357	0.022115415	-41.35167	-41.84792	35000	-0.084827945	19602.438	-0.00815478	-1159.7344	7.42812	0.08315688	56.81951856613159
7	-1882.8975	49.39105	-1801.2405	-1927.508	1000.0	-46.271774	0.018455846	-45.634315	-46.281193	40000	-0.09500718	16573.0	-0.0047773793	-1020.27344	7.446457	0.123989806	63.973334312438965
8	-1811.2744	56.08191	-1752.3433	-1890.2781	1000.0	-50.501705	0.015352903	-50.080025	-50.51006	45000	-0.08654958	14259.472	-0.006767273	-898.8447	7.4886928	0.092866905	71.03172969818115
9	-1779.5026	64.08594	-1685.8441	-1882.4222	1000.0	-54.536663	0.01663624	-53.900127	-54.543476	50000	-0.12299775	12549.646	-0.0051499084	-803.2676	7.4291515	0.09704898	78.04787111282349
10	-1408.4213	671.2532	-67.8428	-1805.0494	810.2	-58.414074	0.012083994	-58.072906	-58.419903	55000	-0.14842087	11196.729	-0.0031425804	-730.9912	7.422783	0.08369488	85.69005274772644
11	-1728.2201	42.52287	-1666.916	-1769.8517	1000.0	-62.17415	0.012019379	-61.81769	-62.179676	60000	-0.06169619	9768.702	-0.005112093	-657.8203	7.425058	0.09912656	92.79770755767822
12	-1668.3918	47.268436	-1606.1141	-1721.3304	1000.0	-65.80443	0.009844004	-65.56526	-65.80947	65000	-0.078199506	8295.109	-0.0032759234	-560.6636	7.4133954	0.083126426	99.75481677055359
13	-1603.8312	60.296177	-1554.0944	-1714.3793	1000.0	-69.22226	0.0107564265	-68.88861	-69.22658	70000	-0.16159888	6819.821	-0.0050134063	-472.74707	7.4401045	0.09104996	106.68132448196411
14	-1540.8826	68.19609	-1447.7874	-1636.156	1000.0	-72.420654	0.008453352	-72.1437	-72.42464	75000	-0.15854849	5531.3745	-0.003823772	-378.51514	7.434033	0.094441555	113.69427466392517
15	-1563.1006	60.74977	-1453.8525	-1635.6191	1000.0	-75.344055	0.009285686	-75.074234	-75.348	80000	-0.035023183	5201.576	-0.00401989	-363.90234	7.4318795	0.111102	121.11804938316345
16	-1507.6589	68.03394	-1404.0739	-1585.5375	1000.0	-78.25165	0.0076811714	-78.046616	-78.25515	85000	-0.09567373	4333.804	-0.0038397312	-305.3169	7.393863	0.093712926	128.60175609588623
17	-1470.3256	74.61397	-1370.9253	-1571.7023	1000.0	-80.97994	0.0077560195	-80.755615	-80.983185	90000	-0.12108318	3850.256	-0.0038691685	-258.45337	7.439807	0.10092993	135.47736120224
18	-1435.4945	24.60371	-1390.2737	-1464.5284	1000.0	-83.53956	0.008441891	-83.29538	-83.54281	95000	-0.06829137	3044.2388	-0.0044901446	-212.30176	7.3759346	0.087674215	142.59746384620667
19	-1416.3494	53.22393	-1364.1547	-1502.9694	1000.0	-85.91014	0.00705449	-85.70877	-85.91303	100000	-0.08864305	2618.141	-0.0028504804	-174.06201	7.455153	0.083231226	149.29593110084534
20	-1393.2719	65.93013	-1288.4116	-1468.8801	1000.0	-88.10156	0.0076552453	-87.79101	-88.10437	105000	-0.08173058	2308.1917	-0.0032479763	-152.84814	7.454329	0.109394774	156.84783124923706
21	-1372.8193	30.905384	-1336.0651	-1419.3118	1000.0	-90.19402	0.0071299425	-89.979385	-90.19676	110000	-0.12889859	1917.036	-0.0042281	-124.02161	7.3761296	0.072554775	164.19739985466003
22	-1354.5449	48.78831	-1272.2028	-1409.7571	1000.0	-92.123924	0.0056588673	-91.9986	-92.12657	115000	-0.09993722	1744.2408	-0.0034032091	-104.16687	7.4172306	0.11602768	171.52791619300842
23	-1334.4058	8.706663	-1322.5653	-1343.4487	1000.0	-93.92836	0.0077384226	-93.57499	-93.93069	120000	-0.107228465	1665.059	-0.0033104122	-88.45093	7.427917	0.11119665	178.98900604248047
24	-1276.2826	56.902084	-1167.1136	-1326.729	1000.0	-95.62584	0.00583845	-95.45006	-95.62825	125000	-0.10459827	1181.1282	-0.0026309565	-49.393433	7.4400344	0.105459325	186.44658255577087
25	-1280.0463	14.505111	-1259.9308	-1302.6263	1000.0	-96.940765	0.0060682935	-96.74563	-96.94313	130000	-0.101598166	1022.945	-0.002701223	-46.2146	7.4241576	0.08311073	193.81194376945496
26	-1236.3422	35.083755	-1178.242	-1275.5911	1000.0	-98.21736	0.0061125634	-98.0191	-98.219696	135000	-0.10722988	856.7981	-0.0030239	-24.986145	7.3734384	0.09389938	201.30226254463196
27	-1169.8992	84.58788	-1058.7697	-1277.3431	1000.0	-99.195724	0.0065435264	-98.98553	-99.19804	140000	-0.11386263	840.7591	-0.0027591437	-8.485168	7.3622007	0.081807636	208.82186126708984
28	-971.24646	467.8584	-42.234165	-1250.7987	807.2	-99.78908	0.0066822725	-99.59094	-99.79141	145000	-0.08543909	755.1229	-0.00330206	-11.165222	7.390915	0.09671253	216.32457828521729
29	-1195.3625	49.15249	-1119.9264	-1263.857	1000.0	-100.45289	0.0058112047	-100.23381	-100.45507	150000	-0.03970081	672.8003	-0.0015322305	-8.18811	7.417881	0.0736407	223.2317235469818
30	-1208.7897	57.512836	-1159.056	-1316.0363	1000.0	-101.04499	0.0065826345	-100.862366	-101.04726	155000	-0.094095275	810.32715	-0.0030649826	-9.447327	7.395984	0.06547912	231.1181354522705
31	-1165.96	57.290997	-1093.4404	-1250.3823	1000.0	-101.68601	0.0049388274	-101.515144	-101.68796	160000	-0.09140766	827.9949	-0.0024312586	-3.3966064	7.43419	0.09107086	238.55095911026
32	-1114.6685	68.311874	-1017.59845	-1224.9803	1000.0	-102.095146	0.0063986736	-101.901596	-102.09737	165000	-0.13397665	681.221	-0.0027074516	-0.17327881	7.3657703	0.09817151	246.08734965324402
33	-1146.01	33.86617	-1114.4097	-1195.2405	1000.0	-102.02733	0.005067947	-101.87753	-102.02944	170000	-0.12611382	652.5071	-0.002736628	-0.044311523	7.3858843	0.08914596	253.74896693229675
34	-1094.4926	42.86446	-1030.0754	-1142.2052	1000.0	-101.975914	0.006560625	-101.75287	-101.9782	175000	-0.10848972	534.1405	-0.002262354	-1.4849854	7.3374953	0.06269994	261.3513128757477
35	-968.6847	258.79828	-461.54288	-1167.2714	890.4	-101.710785	0.0061218073	-101.54796	-101.71295	180000	-0.06997094	684.9409	-0.0029263645	-3.213623	7.3390265	0.09788879	268.97327160835266
36	-1074.8309	26.606474	-1039.8011	-1111.3241	1000.0	-101.29978	0.006608376	-101.10127	-101.30225	185000	-0.102719374	560.9437	-0.0030265823	-2.6068115	7.358493	0.086674966	276.65496015548706
37	-1085.3477	58.29511	-1010.4865	-1157.6117	1000.0	-100.91277	0.007961752	-100.63372	-100.91536	190000	-0.10002826	654.4337	-0.0027135387	-3.1571655	7.369536	0.094096415	284.5517382621765
38	-1047.2832	27.709589	-1012.517	-1093.5331	1000.0	-100.48369	0.007669672	-100.28028	-100.486374	195000	-0.10723879	505.2175	-0.0023020282	-8.243408	7.3863935	0.093156375	292.98067808151245
39	-1068.393	83.15732	-927.783	-1182.2563	1000.0	-99.78531	0.013473388	-99.1718	-99.78847	200000	-0.096446164	593.71204	-0.002166316	-4.748657	7.399889	0.08663646	301.1169946193695
40	-1042.7789	54.52078	-963.5091	-1135.011	1000.0	-99.2879	0.347596	-77.56357	-99.314125	205000	-0.08101128	595.05963	-0.002623789	-27.316223	7.3613877	0.0818357	309.47086906433105
41	-1012.63165	33.76165	-965.065	-1066.2017	1000.0	-97.78068	3.6090846	-13.880769	-98.59202	210000	-0.12458884	640.3466	-0.0023136362	-101.456726	7.362779	0.08612467	317.25779032707214
42	-1031.1025	47.036095	-978.68414	-1089.4365	1000.0	-91.973785	7.0628777	10.88821	-97.33357	215000	-0.096684985	640.6254	-0.002470851	-89.81055	7.353053	0.079039395	324.9940631389618
43	-1018.8084	26.95201	-974.7881	-1052.3837	1000.0	-92.02494	6.2429686	74.832504	-95.48202	220000	-0.08360012	512.9217	-0.0022061765	-75.00839	7.3387976	0.0935707	332.79948830604553
44	-970.99725	47.215897	-880.26227	-1012.7805	1000.0	-90.25082	6.547678	26.597357	-95.03288	225000	-0.08659076	495.9008	-0.0027300566	-91.74118	7.3542523	0.08802905	340.3888690471649
45	-955.8627	24.504671	-919.70245	-981.83875	1000.0	-87.25022	5.568613	58.933777	-94.84128	230000	-0.07707405	427.8483	-0.0012928322	-77.01962	7.36265	0.062267397	348.31341195106506
46	-962.30536	38.455265	-909.3328	-1004.5243	1000.0	-87.48227	4.843878	-20.185713	-95.08807	235000	-0.15978818	594.5549	-0.0012156814	-70.77875	7.3712444	0.09218706	356.207337141037
47	-919.2518	64.1839	-796.0809	-982.3946	1000.0	-86.92558	5.0161543	13.600153	-97.37504	240000	-0.11180282	513.7444	-0.0020801052	-62.044342	7.3806453	0.10628731	364.12796688079834
48	-948.58154	45.08737	-874.73517	-1008.3356	1000.0	-83.84442	4.6089797	-32.69088	-95.49419	245000	-0.11839631	455.9694	-0.002127543	-80.64334	7.287036	0.063770615	371.9797399044037
49	-911.39667	38.474426	-846.60236	-952.7357	1000.0	-85.13762	7.0529346	9.834257	-97.3149	250000	-0.1272129	537.7315	-0.0026693195	-77.40021	7.314249	0.09357829	379.7373695373535
50	-904.7682	28.968777	-867.0691	-949.43713	1000.0	-83.125595	3.5711277	-43.4013	-95.25111	255000	-0.1487252	447.0309	-0.0023837239	-72.64557	7.3056374	0.08886721	388.32114028930664
51	-919.86163	69.12788	-822.49097	-1020.7686	1000.0	-82.41353	6.709006	-16.208635	-97.52347	260000	-0.14575489	511.06204	-0.0017399937	-93.19034	7.3242373	0.08718712	396.27340602874756
52	-913.8148	37.867764	-869.2052	-974.2037	1000.0	-82.97122	3.3788152	-32.831	-96.983215	265000	-0.14256226	460.7104	-0.0022288263	-39.48593	7.269811	0.07047207	404.38941645622253
53	-928.14417	43.734802	-876.4282	-979.8885	1000.0	-81.440216	4.894205	4.6632643	-97.481316	270000	-0.17541848	440.59045	-0.0019272715	-46.994476	7.3897033	0.08768313	412.479994058609
54	-890.89764	43.94964	-835.11664	-961.37836	1000.0	-83.55635	4.179575	-41.616074	-97.582634	275000	-0.120923765	387.76468	-0.0019988567	-38.450317	7.328865	0.09141041	420.558589220047
55	-716.16534	360.0411	-5.1893487	-982.72675	810.2	-80.748985	5.222177	-0.3529176	-97.4418	280000	-0.07877598	444.152	-0.0011110082	-51.92392	7.358008	0.10341304	428.4136760234833
56	-897.4787	45.093826	-822.87555	-963.2461	1000.0	-81.45929	5.651437	4.7442675	-97.33063	285000	-0.06496573	390.5839	-0.0017832518	-50.926636	7.312095	0.06345384	436.2982699871063
57	-903.5072	59.454777	-834.33276	-999.5987	1000.0	-80.80553	5.2242937	-28.845858	-97.41978	290000	-0.1280686	402.94275	-0.0016706139	-48.483612	7.330864	0.07851322	444.4925010204315
58	-886.07196	26.869926	-851.1413	-934.27655	1000.0	-81.909134	6.3691416	-18.88757	-97.53252	295000	-0.14739248	505.37994	-0.0013332367	-113.46704	7.299846	0.093016855	452.37443804740906
59	-854.6914	52.116837	-778.23755	-912.29126	1000.0	-77.09976	6.8118134	-42.0148	-97.47163	300000	-0.072186984	361.34296	-0.0017458051	-63.8349	7.2786765	0.06768723	460.502072095871
60	-887.6959	47.962387	-815.4637	-933.5235	1000.0	-76.59124	7.7328477	40.826912	-97.48432	305000	-0.10620817	431.2258	-0.0020082965	-72.59265	7.323503	0.08607688	469.43551111221313
61	-842.78284	67.51339	-747.2901	-957.4023	1000.0	-79.67258	8.189172	-40.252155	-97.63228	310000	-0.12449215	424.0593	-0.0021763593	-56.12616	7.2758203	0.07840062	477.4324879646301
62	-855.7077	65.348885	-761.9252	-935.9902	1000.0	-74.69721	7.4236917	-27.187988	-97.553474	315000	-0.12525833	400.97125	-0.002545923	-59.929565	7.2977514	0.07459207	485.3449683189392
63	-863.70245	42.888687	-795.46185	-928.1783	1000.0	-76.35634	5.924289	-18.5032	-97.58617	320000	-0.11004262	416.69724	-0.002186656	-49.63687	7.3226447	0.091168396	493.36815118789673
64	-842.1198	34.286133	-811.68054	-906.92535	1000.0	-78.75334	7.1859407	-20.456026	-97.71498	325000	-0.113881946	401.9189	-0.0017486066	-77.17313	7.332414	0.06853912	501.1604495048523
65	-833.1343	52.370426	-752.60596	-896.92554	1000.0	-74.88955	6.531868	13.914681	-97.498795	330000	-0.07911941	407.6721	-0.0016544238	-69.71149	7.303664	0.07281693	509.07084608078003
66	-835.0583	39.305798	-770.5579	-871.8479	1000.0	-76.73918	4.753804	6.3641376	-97.35024	335000	-0.12316464	300.86166	-0.0016960204	-31.691101	7.3245916	0.07280223	516.9949321746826
67	-846.61804	39.37396	-784.34283	-903.6385	1000.0	-74.49414	3.9045	-18.998316	-97.084045	340000	-0.095707625	379.00763	-0.00185287	-56.54883	7.279239	0.075863235	524.9058289527893
68	-878.4915	71.299095	-807.7508	-994.0991	1000.0	-77.34432	6.8362956	-57.611286	-97.14661	345000	-0.092961386	499.6481	-0.0021679103	-71.72	7.3188577	0.098466	532.8803880214691
69	-870.48846	59.062893	-756.94586	-917.7735	1000.0	-74.1552	7.411965	-19.72673	-97.561554	350000	-0.16287619	390.17496	-0.0018494725	-47.920746	7.3535104	0.1032114	540.9662046432495
70	-839.89374	23.391441	-807.952	-875.15735	1000.0	-77.5015	7.8894005	-57.66979	-98.030975	355000	-0.16826724	318.44977	-0.0019120127	-34.15793	7.3197193	0.059769224	549.6857740879059
71	-800.98914	28.029785	-766.52344	-851.6091	1000.0	-74.9477	6.3783693	-43.136528	-97.7602	360000	-0.119903855	362.28323	-0.0012886599	-42.25302	7.2988634	0.095521316	557.8135828971863
72	-837.83514	65.33858	-747.5841	-929.5815	1000.0	-72.46386	5.6903725	-0.13334155	-97.51226	365000	-0.18094563	537.2751	-0.0013614893	-92.941345	7.3227954	0.08157533	565.9408764839172
73	-757.89307	35.771473	-695.83856	-797.4661	1000.0	-74.71299	9.822002	2.3604007	-98.05335	370000	-0.13467903	432.866	-0.0017566234	-118.32529	7.2847304	0.09453349	573.8736312389374
74	-834.4559	96.94803	-706.76086	-998.66327	1000.0	-67.875786	7.167538	25.218021	-97.21464	375000	-0.14131817	465.581	-0.0016337633	-138.51425	7.336396	0.103869945	581.8072962760925
75	-815.357	50.468502	-743.5635	-877.5302	1000.0	-73.99272	8.889442	8.849159	-98.36804	380000	-0.10954519	308.63565	-0.0021219105	-70.0446	7.34111	0.08661083	589.8360033035278
76	-776.5964	52.57937	-714.6396	-858.9396	1000.0	-74.9995	6.0842166	0.6259904	-97.30968	385000	-0.095077366	375.7663	-0.002427347	-73.12216	7.293053	0.07686425	598.0648488998413
77	-779.6898	27.659342	-757.9484	-832.6423	1000.0	-69.96095	7.282787	-3.0659082	-97.19874	390000	-0.15243727	335.23666	-0.0027752817	-69.65253	7.3000827	0.07184955	606.75448179245
78	-774.48456	50.781494	-695.63635	-855.7394	1000.0	-70.650764	5.671651	-13.00762	-96.19952	395000	-0.19876224	383.41516	-0.0023012608	-65.071075	7.299289	0.08210142	614.9218220710754
79	-762.0028	41.790867	-690.49725	-819.0587	1000.0	-69.89555	3.233458	-50.20359	-91.37025	400000	-0.14085548	287.59784	-0.0020841658	-25.11679	7.275506	0.09108398	622.9670205116272
80	-780.10504	65.41037	-679.7185	-866.45044	1000.0	-70.04928	4.60021	22.673378	-94.62145	405000	-0.12513696	321.0938	-0.0012904853	-51.932312	7.255353	0.08288833	631.6866493225098
81	-726.8547	39.634914	-678.5339	-789.80585	1000.0	-68.73899	5.6397743	-38.128433	-96.8691	410000	-0.13159107	357.3855	-0.0026381016	-32.81848	7.2520385	0.08105654	639.6615960597992
82	-809.3924	47.21761	-741.84357	-861.58154	1000.0	-66.03391	3.8651035	-30.639624	-95.35343	415000	-0.17166309	431.24274	-0.0018709451	-93.737335	7.293136	0.07724159	647.6965537071228
83	-743.8661	23.336014	-718.06726	-784.2155	1000.0	-70.03002	6.52414	-37.710293	-97.67726	420000	-0.16036223	381.89554	-0.0015228987	-52.247833	7.2755885	0.07158482	655.6605536937714
84	-788.4657	39.542324	-727.71674	-852.37555	1000.0	-67.8846	4.751142	-19.868332	-96.73641	425000	-0.0956457	328.6581	-0.0016903058	-40.564148	7.242897	0.07392013	663.6483612060547
85	-718.5496	63.92319	-609.41266	-782.74554	1000.0	-70.238815	5.9189353	-23.952324	-97.85627	430000	-0.051082637	358.78104	-0.0015336238	-69.1203	7.2312	0.08327079	671.5915486812592
86	-756.6616	66.33183	-673.5058	-856.25146	1000.0	-65.682976	6.506892	12.128229	-97.35295	435000	-0.094096914	348.20374	-0.0010257512	-49.31366	7.297389	0.09675886	679.4818580150604
87	-734.7626	32.96204	-691.4966	-777.56085	1000.0	-67.19046	5.414009	-2.514491	-97.37211	440000	-0.12417935	283.7735	-0.0016137958	-34.36145	7.2281733	0.070050985	687.3722443580627
88	-757.2484	30.382421	-712.793	-793.57336	1000.0	-66.7758	5.6701107	-31.533197	-96.44969	445000	-0.20562768	314.37677	-0.002505675	-49.788635	7.2961936	0.09073553	695.219569683075
89	-730.6688	38.75912	-694.3172	-805.2696	1000.0	-66.76269	7.0766196	35.342434	-95.77227	450000	-0.12452046	307.9626	-0.0023828521	-47.558807	7.260763	0.08000435	703.2478077411652
90	-731.02814	63.72027	-640.07324	-836.30676	1000.0	-66.22876	5.7920866	-30.179352	-95.4313	455000	-0.17168874	333.6328	-0.0016992837	-39.156372	7.270586	0.070079416	711.9088208675385
91	-700.30646	20.874601	-668.5632	-725.341	1000.0	-66.09581	6.611501	-30.419495	-96.478584	460000	-0.0911728	282.20508	-0.0017981157	-39.18158	7.2360735	0.08767157	719.9317717552185
92	-692.2232	19.98677	-668.89374	-722.05255	1000.0	-63.072514	3.7055771	-34.225662	-91.20519	465000	-0.12508357	242.24835	-0.0019972026	-16.800858	7.182863	0.06474005	728.1713774204254
93	-741.1842	41.730247	-701.5866	-810.9861	1000.0	-62.977932	4.422329	-24.610014	-91.57688	470000	-0.13865772	337.02554	-0.002134204	-55.982758	7.2959337	0.08347623	736.0966954231262
94	-730.7143	55.06898	-637.91486	-810.454	1000.0	-67.83671	5.447367	-30.27175	-96.87831	475000	-0.13732097	346.6503	-0.0017319918	-21.901642	7.2874436	0.07406908	743.9098749160767
95	-675.33044	51.004547	-585.9712	-724.6196	1000.0	-66.698074	5.025953	1.7520323	-94.07295	480000	-0.09232002	325.54276	-0.0019794703	-55.830505	7.2139072	0.07016831	751.6776592731476
96	-718.7473	26.72713	-681.0501	-764.0813	1000.0	-62.421257	5.0806713	-26.253927	-95.16056	485000	-0.13742341	318.06308	-0.0020608455	-36.252136	7.196261	0.08329584	759.6122958660126
97	-718.4916	61.032013	-643.9633	-824.7588	1000.0	-64.12815	6.889433	-11.8527565	-95.527306	490000	-0.114431106	298.3957	-0.0019659996	-56.143387	7.2368455	0.08409336	767.7340292930603
98	-684.6576	49.90025	-636.7023	-778.0444	1000.0	-64.99714	6.9587607	-12.452707	-95.087395	495000	-0.17688404	412.8522	-0.0018024147	-81.66174	7.257295	0.081881166	776.0210855007172
99	-693.92615	40.178535	-643.9768	-739.5299	1000.0	-62.87125	5.2292166	-10.910957	-94.6036	500000	-0.17037049	295.47452	-0.0013540089	-55.8555	7.218444	0.071932204	784.1155304908752
100	-716.3812	50.11904	-655.19073	-785.77997	1000.0	-62.122105	6.240984	-14.350994	-93.95994	505000	-0.11908467	271.29666	-0.0019456297	-44.65036	7.238297	0.07800522	792.714241027832
101	-719.2819	43.220005	-646.0342	-775.37177	1000.0	-64.61609	5.3524423	-17.616615	-94.56136	510000	-0.1817362	345.9063	-0.0017551333	-61.03119	7.2071977	0.05463981	800.7454278469086
102	-549.2655	276.3918	-16.342606	-776.5065	805.0	-63.473194	7.8193917	-17.140696	-94.63095	515000	-0.12658374	339.1546	-0.001647979	-68.8165	7.211532	0.06784383	808.8453695774078
103	-727.0308	15.487155	-711.42377	-746.9982	1000.0	-61.30886	4.009015	-10.649068	-89.607765	520000	-0.1263974	268.7979	-0.0017849952	-36.284286	7.2754016	0.083379254	817.0364904403687
104	-679.7833	37.439705	-639.80896	-742.8421	1000.0	-64.253365	4.243813	-27.161707	-93.0833	525000	-0.1472035	267.64252	-0.0015875101	-34.746216	7.236245	0.07176279	825.2825236320496
105	-692.6245	41.773502	-635.3366	-740.4927	1000.0	-61.826813	4.3360863	-24.315222	-88.70896	530000	-0.18327898	278.98917	-0.0016645938	-36.342316	7.2677407	0.098705195	833.7947561740875
106	-673.0237	70.665245	-543.6445	-751.187	1000.0	-62.886124	6.1223474	-28.12299	-93.39368	535000	-0.13185355	272.3246	-0.002028048	-30.081161	7.22633	0.08336034	841.7798993587494
107	-699.02954	16.840458	-670.9852	-722.84656	1000.0	-60.807426	5.4014544	-22.058441	-90.52626	540000	-0.14960445	288.18265	-0.001561895	-57.94928	7.1912217	0.08593009	849.9287557601929
108	-692.55457	54.68336	-600.8405	-760.08026	1000.0	-60.73265	7.063784	-37.705967	-93.59442	545000	-0.15387549	284.06696	-0.00140661	-42.540955	7.2394233	0.08353855	857.9945890903473
109	-693.4242	68.37265	-610.1059	-813.86176	1000.0	-62.04208	5.3543506	-18.476233	-93.62953	550000	-0.18223469	334.24026	-0.0014333129	-46.5455	7.2333827	0.061764736	866.0671682357788
110	-663.04846	38.97168	-591.4089	-706.8162	1000.0	-62.42674	5.574196	1.3263421	-93.70081	555000	-0.12250094	325.7366	-0.0014691651	-53.92395	7.1948276	0.06486481	874.8125145435333
111	-603.8451	248.74059	-112.72282	-799.39935	814.8	-60.735138	5.2780023	-19.372612	-92.904	560000	-0.09140205	340.4508	-0.0022983328	-104.696304	7.2517686	0.10105873	882.9030287265778
112	-687.4406	112.82174	-573.3965	-897.51917	1000.0	-64.97177	9.948386	-14.613396	-94.68118	565000	-0.0936841	432.13956	-0.0017907396	-95.82123	7.203858	0.10688428	890.9241151809692
113	-662.0148	30.915842	-626.89075	-701.28973	1000.0	-62.410774	10.034982	-3.7716665	-93.79729	570000	-0.12298783	328.55463	-0.001693286	-83.41698	7.209523	0.0789685	899.0017995834351
114	-639.6037	58.797844	-570.30133	-720.3458	1000.0	-60.861908	5.9589353	20.473568	-91.73567	575000	-0.10987754	400.10086	-0.0017235801	-57.32898	7.179603	0.0751203	907.0591049194336
115	-675.06805	40.54955	-600.1801	-718.8936	1000.0	-56.984867	5.4423676	-11.869578	-90.20731	580000	-0.1838833	322.03604	-0.0016947836	-70.440445	7.2089343	0.077734925	915.5898170471191
116	-647.1151	111.48309	-485.9578	-825.34894	1000.0	-61.916973	8.770764	-13.628432	-93.7204	585000	-0.124318995	323.23624	-0.0017487481	-86.02939	7.1430454	0.09576834	923.6081123352051
117	-656.71045	38.10088	-592.6765	-692.2086	1000.0	-53.757587	8.593848	31.55115	-92.77093	590000	-0.108709656	316.7878	-0.0015580431	-97.61496	7.1946983	0.058618285	931.6655402183533
118	-656.9	45.99189	-592.4266	-722.3286	1000.0	-59.36621	5.4587183	-43.27064	-93.425095	595000	-0.17373812	247.95015	-0.0017112195	-29.433548	7.2553344	0.095515355	939.5823400020599
119	-632.92773	74.99382	-568.12836	-775.74756	1000.0	-60.433136	5.550207	7.8856473	-94.42076	600000	-0.11621606	296.5991	-0.0016122088	-51.14691	7.1965485	0.07780586	947.607394695282
120	-650.1746	45.45644	-600.5688	-736.2835	1000.0	-58.742558	3.9121048	-25.349913	-87.65395	605000	-0.10876247	252.805	-0.0013513565	-41.913345	7.184881	0.08851946	956.5406024456024
121	-668.8717	38.331806	-604.1918	-717.5426	1000.0	-59.58821	6.3233833	-33.064133	-93.53569	610000	-0.1559246	313.8676	-0.001766473	-37.306213	7.2326837	0.079891935	964.558845281601
122	-621.9131	42.23604	-557.70734	-665.70984	1000.0	-57.91839	5.2366304	-20.796585	-89.184204	615000	-0.14650887	298.41776	-0.0013121217	-48.23645	7.146686	0.059567004	972.7320466041565
123	-656.3679	36.91149	-622.27185	-727.28253	1000.0	-57.200726	5.2104616	-35.608387	-89.74308	620000	-0.16055247	289.7654	-0.0019041151	-48.16501	7.1433687	0.06825509	980.6149320602417
124	-653.6296	50.090767	-590.508	-738.0221	1000.0	-57.635292	6.3914766	1.9460112	-89.919044	625000	-0.14635903	276.40735	-0.0020501763	-57.775543	7.1570654	0.08902122	988.5812609195709
125	-629.5868	28.325073	-600.78864	-676.6934	1000.0	-58.704258	7.8275156	-33.20034	-93.42535	630000	-0.15964766	221.9963	-0.002047807	-36.293076	7.1148014	0.07944313	996.6030142307281
126	-660.97546	46.968414	-597.2386	-741.268	1000.0	-57.113937	7.3174686	-28.228077	-92.43948	635000	-0.17595284	287.2681	-0.0016627461	-43.5475	7.21575	0.076064035	1004.4677410125732
127	-609.1878	28.125364	-575.07245	-647.42505	1000.0	-58.418575	5.340559	-22.217617	-91.58394	640000	-0.13877827	230.63956	-0.001257956	-40.431183	7.1	0.08128565	1012.4142191410065
128	-626.99927	39.59432	-563.27216	-673.42096	1000.0	-55.792423	7.3596106	11.505294	-91.06291	645000	-0.12509449	259.64514	-0.001962036	-35.860474	7.2218814	0.10609646	1020.3933527469635
129	-668.48193	50.802715	-597.49963	-754.11957	1000.0	-56.3252	5.8450985	-16.436335	-89.41778	650000	-0.18125981	281.91745	-0.0010668635	-45.90703	7.1844225	0.08240298	1028.5904865264893
130	-629.944	35.416447	-567.2145	-676.5025	1000.0	-57.72161	4.8171606	-41.253124	-92.281334	655000	-0.12603936	236.17238	-0.0014274716	-29.867798	7.230142	0.09258508	1037.681937456131
131	-622.8405	52.385136	-543.70734	-688.4475	1000.0	-57.515713	4.249696	-26.298635	-85.344604	660000	-0.17530769	283.8532	-0.0019275695	-30.068008	7.1821623	0.06391479	1045.5897426605225
132	-614.06604	72.078186	-486.57556	-710.1721	1000.0	-56.250717	5.1371045	-23.263752	-86.6738	665000	-0.109109305	387.05954	-0.0016084686	-70.18793	7.200079	0.11545444	1053.6769938468933
133	-595.98267	44.62397	-551.2776	-677.5228	1000.0	-55.86915	6.4676704	21.348095	-88.92872	670000	-0.06493639	213.13765	-0.0011848137	-43.23207	7.098753	0.090748504	1061.6500971317291
134	-509.77628	237.05763	-41.442734	-669.40234	804.8	-53.424282	4.55609	-19.01388	-87.590645	675000	-0.15590866	240.31595	-0.0014592409	-54.424194	7.1281924	0.054523412	1069.4788691997528
135	-659.8168	74.579796	-550.1489	-752.6071	1000.0	-57.919758	3.792253	-23.40237	-84.69834	680000	-0.15049587	285.4206	-0.0019359142	-65.04974	7.120915	0.06304807	1077.3689258098602
136	-619.30133	27.154335	-580.9323	-665.0458	1000.0	-56.74351	5.1054516	-29.695978	-87.42373	685000	-0.1635177	200.5396	-0.001710102	-25.398468	7.2083564	0.07178589	1085.3107616901398
137	-569.14825	23.52565	-532.4782	-604.2819	1000.0	-56.515537	4.485397	-21.362461	-83.61487	690000	-0.13283381	233.6317	-0.0016305149	-62.674423	7.171636	0.085945934	1093.4041638374329
138	-603.68665	37.777195	-555.1977	-658.906	1000.0	-54.014336	3.7920468	-15.023255	-77.13933	695000	-0.13127628	235.15758	-0.001335457	-48.010757	7.170301	0.09712286	1101.3486659526825
139	-608.51135	43.78033	-537.18744	-657.0608	1000.0	-54.022507	5.432507	-0.47069645	-85.32945	700000	-0.12838213	241.89752	-0.0018088073	-39.01532	7.09532	0.083217636	1109.3537113666534
140	-593.32086	14.9557705	-577.4903	-612.9997	1000.0	-55.094574	3.3392255	-33.385517	-80.43163	705000	-0.1246183	165.21574	-0.0015576407	-14.503601	7.096797	0.062633164	1118.0836701393127
141	-636.2233	26.380568	-604.95667	-682.2212	1000.0	-54.565174	4.332612	-21.020693	-87.00169	710000	-0.19643264	251.90378	-0.0018426031	-32.816284	7.168112	0.091662936	1126.0655720233917
142	-603.134	28.899244	-546.9321	-627.50446	1000.0	-57.76772	3.7280512	-33.080822	-86.49571	715000	-0.15786077	205.03247	-0.0015157312	-22.5923	7.170813	0.094571315	1134.0900239944458
143	-658.6004	22.786686	-620.30206	-689.29926	1000.0	-56.488014	4.8600826	-19.125515	-87.014534	720000	-0.12604111	225.41055	-0.0014900714	-39.732834	7.1373577	0.07904489	1141.9206047058105
144	-593.1805	70.86738	-467.5129	-660.30664	1000.0	-58.137432	7.1304536	-39.368458	-88.79032	725000	-0.117990464	323.4095	-0.002079919	-74.41719	7.1562743	0.091691464	1149.7874977588654
145	-599.16315	32.66989	-560.22705	-647.50323	1000.0	-52.566124	4.5903153	-17.332403	-81.90817	730000	-0.15755716	203.40704	-0.0013828576	-27.790512	7.147003	0.08188738	1157.834302186966
146	-620.8895	35.625244	-563.1133	-670.4278	1000.0	-54.252926	5.4969463	-16.493683	-87.752	735000	-0.1567158	281.72757	-0.0016398877	-47.830597	7.1306424	0.07145083	1165.8578562736511
147	-601.7352	45.408092	-529.1478	-651.62604	1000.0	-56.267006	5.1297383	2.8531728	-86.91648	740000	-0.14543666	256.15094	-0.0013879538	-50.31122	7.147665	0.08155591	1173.7825169563293
148	-629.5706	63.876907	-562.7562	-751.2549	1000.0	-56.119156	6.692094	-23.181797	-88.225426	745000	-0.14664315	294.7287	-0.0018991083	-84.323654	7.1545835	0.10288598	1181.7596552371979
149	-599.29285	56.55298	-500.4894	-673.74335	1000.0	-55.88912	7.4559207	-31.579275	-90.49223	750000	-0.15291502	241.14645	-0.0021643788	-56.4178	7.1566086	0.10140682	1189.7227809429169
150	-580.2171	56.328865	-507.896	-645.7291	1000.0	-53.73543	5.12324	-32.604538	-82.7681	755000	-0.13245323	217.79054	-0.001513958	-35.726547	7.099575	0.09460444	1198.6819033622742
151	-593.7545	55.879757	-518.20496	-685.0279	1000.0	-51.84034	4.7228913	-32.649616	-84.328865	760000	-0.14560346	325.0474	-0.0016837269	-87.46695	7.055566	0.086007066	1206.6737976074219
152	-593.8269	73.78341	-502.64987	-717.6983	1000.0	-56.475273	10.172933	-15.418378	-91.208855	765000	-0.077100396	389.07492	-0.0016959086	-124.07022	7.136666	0.104704015	1214.8429057598114
153	-610.461	20.131315	-587.0831	-641.14166	1000.0	-50.80748	5.700213	-11.216004	-86.25833	770000	-0.17208682	224.12344	-0.0015324354	-47.32196	7.1319118	0.07189784	1223.045193195343
154	-595.64417	32.485153	-548.49365	-645.2468	1000.0	-55.06204	8.160553	-27.758204	-92.51122	775000	-0.124957345	273.29614	-0.0014182106	-48.670135	7.132956	0.0777381	1231.371201992035
155	-606.8766	63.689507	-541.1504	-715.0559	1000.0	-53.850086	6.6688113	-12.469255	-91.478165	780000	-0.13279966	303.1471	-0.0019670129	-70.82449	7.1543617	0.09577664	1239.5274007320404
156	-572.2399	23.577927	-546.53986	-608.95886	1000.0	-54.3177	5.0149875	-0.55440056	-86.83099	785000	-0.14824642	215.74525	-0.0013738722	-51.317764	7.121739	0.082125716	1247.6901051998138
157	-593.15326	47.457436	-514.1385	-641.88464	1000.0	-51.748756	4.910979	-22.645042	-80.55878	790000	-0.10117682	208.11287	-0.0023661628	-38.603638	7.117236	0.085516885	1255.7437191009521
158	-590.38513	27.242891	-561.0892	-636.9132	1000.0	-51.89747	6.047495	-25.817635	-82.28002	795000	-0.116079904	225.46416	-0.0017028451	-44.642227	7.065404	0.06528453	1263.6813263893127
159	-631.1332	49.539963	-563.1792	-706.0777	1000.0	-53.13761	4.864275	-13.683824	-83.63839	800000	-0.08204953	265.6046	-0.0018757209	-65.36633	7.1752205	0.108538635	1271.7287261486053
160	-615.36414	58.482742	-547.9297	-684.39185	1000.0	-55.188686	6.5397215	-29.340342	-89.281944	805000	-0.1591919	252.018	-0.0012344569	-48.2865	7.131643	0.08109208	1280.6600618362427
161	-600.2514	34.817623	-562.7364	-660.8912	1000.0	-53.29322	7.7746634	-25.900059	-92.423386	810000	-0.112285495	195.8077	-0.001819767	-35.83925	7.1092844	0.064460054	1288.5303993225098
162	-615.59894	40.23647	-551.10614	-665.2325	1000.0	-53.977425	5.82537	-34.46631	-86.876595	815000	-0.16027723	224.91695	-0.0014065504	-42.411545	7.0948033	0.066604644	1296.488023519516
163	-634.76404	65.97014	-533.1568	-733.15424	1000.0	-54.595493	7.6066766	-31.969196	-91.371216	820000	-0.07738465	269.95078	-0.0021000057	-61.614258	7.1228266	0.07382089	1304.3716995716095
164	-632.80725	42.94533	-581.68207	-709.7965	1000.0	-58.515438	10.560847	-29.698246	-94.93708	825000	-0.16003391	223.52795	-0.0023335516	-52.090332	7.126306	0.09075977	1312.4852755069733
165	-585.2522	61.845135	-490.3965	-668.11993	1000.0	-55.85025	10.038174	-30.53035	-93.33347	830000	-0.11596144	326.40244	-0.0013034269	-92.25818	7.0976796	0.09657058	1320.5369400978088
166	-434.33148	209.13307	-17.373802	-563.05225	809.6	-52.116806	6.7992797	-16.343472	-90.53269	835000	-0.16903965	191.79793	-0.0018273294	-53.297745	7.0207515	0.08809559	1328.507111787796
167	-575.28125	45.042088	-522.44116	-636.1072	1000.0	-48.75757	4.4388375	-22.570518	-79.62881	840000	-0.24076797	212.21913	-0.0020869672	-34.75331	7.097618	0.082527585	1336.7134730815887
168	-566.17224	60.789017	-487.16302	-660.4789	1000.0	-53.355576	6.423217	-13.309481	-82.9795	845000	-0.07492924	266.1371	-0.0019105971	-64.43033	7.061905	0.054507557	1344.64803814888
169	-596.6969	32.82357	-569.4668	-660.4943	1000.0	-50.37457	5.483297	-3.8593144	-82.15219	850000	-0.19845764	302.24744	-0.0014880896	-89.08034	7.162514	0.10869908	1352.628680229187
170	-568.7354	40.97132	-513.33563	-640.2828	1000.0	-53.496223	7.2520304	-8.233701	-86.782265	855000	-0.12665772	216.43256	-0.0015737265	-50.906845	7.141192	0.10492576	1361.6950070858002
171	-604.0992	42.41184	-534.28375	-657.14026	1000.0	-51.11467	6.2181063	-15.96283	-87.65141	860000	-0.17479917	271.7739	-0.0012260824	-79.74957	7.0592017	0.052971754	1369.8123631477356
172	-586.93134	12.139061	-563.0831	-597.05493	1000.0	-52.931576	8.144895	-24.377316	-92.14466	865000	-0.16396669	215.79947	-0.0012977123	-54.152115	7.104629	0.07486269	1378.0528962612152
173	-566.8875	48.652763	-482.46753	-615.0998	1000.0	-52.26018	4.0022583	-34.51041	-79.373474	870000	-0.14525677	176.341	-0.0019664466	-31.387222	7.03205	0.058972333	1386.0766065120697
174	-580.2355	29.761326	-544.93713	-634.994	1000.0	-51.67401	3.6195884	-31.3482	-79.29218	875000	-0.17439888	191.82076	-0.0015399903	-30.651321	7.124956	0.092294976	1394.0938711166382
175	-571.17554	45.11407	-501.38055	-629.55383	1000.0	-53.2037	4.7904077	-28.602177	-84.3239	880000	-0.16231616	232.27486	-0.0011698753	-52.977646	7.1137486	0.110356	1402.065490245819
176	-557.3698	41.337246	-478.6437	-591.2843	1000.0	-50.15437	5.436685	-25.270344	-84.578804	885000	-0.10687477	226.85565	-0.0016539395	-39.255646	7.0402064	0.078404605	1409.8989276885986
177	-568.46124	30.16976	-521.6463	-611.5948	1000.0	-49.338528	5.3273077	-23.439287	-86.322105	890000	-0.15602782	222.56744	-0.0018931776	-38.365524	7.10121	0.104368314	1417.8881351947784
178	-587.95233	62.302612	-528.019	-694.4602	1000.0	-51.23644	4.970797	-29.114567	-83.5249	895000	-0.13430178	256.38513	-0.0021653622	-61.48642	7.1271157	0.12914515	1425.938526391983
179	-599.036	63.203667	-520.33105	-713.9467	1000.0	-54.011513	8.806524	-33.03691	-91.40153	900000	-0.08365454	199.53468	-0.0018298551	-46.66696	7.0218844	0.07800452	1433.9021725654602
180	-547.6221	35.990032	-508.1466	-601.1454	1000.0	-51.018017	10.164401	-26.431267	-91.041695	905000	-0.11060712	183.38477	-0.0011536032	-50.08934	7.039891	0.08886964	1443.1040155887604
181	-587.55426	50.494434	-543.9595	-678.6514	1000.0	-49.049675	5.774119	-11.531413	-81.05685	910000	-0.17372827	210.3574	-0.0014618188	-42.03595	7.06659	0.077839896	1451.1555361747742
182	-565.6682	31.461147	-533.1105	-618.78906	1000.0	-51.64114	6.3833556	-23.54503	-89.35863	915000	-0.15288828	205.43765	-0.002030611	-31.946777	7.0767713	0.10325437	1459.2873554229736
183	-569.7329	49.018425	-504.15286	-634.85803	1000.0	-52.808407	6.4924097	-31.95856	-92.49912	920000	-0.1795849	232.353	-0.0020327717	-34.388794	7.0519466	0.085462116	1467.2227494716644
184	-497.07684	58.11473	-400.58997	-547.0192	1000.0	-51.944126	6.8269267	-7.6511664	-86.22328	925000	-0.08428512	398.88263	-0.002085887	-167.33379	7.004316	0.05991718	1475.1854882240295
185	-559.7699	40.50905	-512.5249	-622.141	1000.0	-46.963924	4.0134315	-14.942175	-74.88792	930000	-0.17660211	257.2827	-0.0010693371	-64.81941	7.007689	0.068838224	1483.2451224327087
186	-592.64166	46.69512	-532.10205	-642.20233	1000.0	-51.82463	6.0191064	-12.103114	-86.196014	935000	-0.110680126	254.3096	-0.0014228299	-47.82982	7.083808	0.0898958	1491.3021326065063
187	-535.2155	27.976803	-495.16522	-575.10205	1000.0	-52.177208	5.7626843	-15.748485	-89.233986	940000	-0.15046966	179.9347	-0.0021119118	-55.19252	7.002418	0.061460968	1499.2586879730225
188	-534.5913	52.421505	-457.65964	-614.828	1000.0	-47.913277	5.116095	0.6171961	-85.18712	945000	-0.1487272	233.67398	-0.001560092	-34.862167	7.0724688	0.10185401	1507.155550956726
189	-538.73157	70.09741	-478.11935	-670.19196	1000.0	-49.02042	4.999056	-7.1750765	-82.15416	950000	-0.18826492	342.63916	-0.0017365366	-60.252808	6.9989133	0.0950266	1515.0388197898865
190	-509.63983	48.58917	-442.06216	-576.8204	1000.0	-49.30078	5.1647897	-12.919379	-83.52138	955000	-0.11355327	219.49188	-0.0014792159	-39.09604	7.02905	0.07901619	1524.3721680641174
191	-571.01495	17.184351	-547.21295	-594.93097	1000.0	-48.581825	6.4776936	-25.024212	-88.272545	960000	-0.12330163	233.7042	-0.00126376	-48.79666	7.069374	0.10479988	1532.6388454437256
192	-561.21497	23.703255	-534.7482	-593.8581	1000.0	-49.095955	6.380211	-22.704342	-91.59339	965000	-0.09947598	184.87604	-0.0015412569	-34.36911	7.072481	0.08908716	1541.0581378936768
193	-533.23553	19.51486	-503.5768	-559.24164	1000.0	-49.87405	6.277374	-23.087263	-85.27447	970000	-0.16043243	198.09152	-0.0018038452	-37.31259	7.018015	0.08972545	1549.103955745697
194	-556.34607	36.48442	-492.3906	-604.2318	1000.0	-48.268528	4.69264	-9.867927	-85.24611	975000	-0.15371133	184.70117	-0.0014252812	-42.056946	7.0451202	0.07644764	1557.1254785060883
195	-554.5846	72.02157	-468.20023	-666.8115	1000.0	-49.569138	5.0807443	-7.2226667	-89.93652	980000	-0.14515303	259.41006	-0.0015611053	-51.418198	7.054269	0.08367594	1565.1486723423004
196	-563.38135	52.551617	-488.42075	-638.06903	1000.0	-51.4429	6.6101	-5.360857	-90.7714	985000	-0.16264263	215.51735	-0.0012280792	-58.527878	7.00432	0.059603993	1573.1234939098358
197	-542.28345	22.364717	-514.9068	-565.30646	1000.0	-49.043682	6.262734	-6.291398	-85.434105	990000	-0.112333566	197.75822	-0.0019384921	-53.961227	7.0076876	0.05651912	1581.0108215808868
198	-511.5519	23.86904	-483.87656	-553.5019	1000.0	-49.69313	4.114214	12.597224	-77.52069	995000	-0.14249262	209.09453	-0.0017846525	-32.603195	7.051173	0.088996336	1589.0417685508728
199	-543.2163	67.81559	-435.48544	-628.5976	1000.0	-48.35703	4.9873157	-12.707445	-78.15529	1000000	-0.1328702	347.22244	-0.0014761388	-85.390656	7.0693374	0.08326	1597.1510105133057
200	-503.75214	58.31623	-412.14084	-584.6059	1000.0	-46.570156	6.0565467	15.337454	-88.13126	1005000	-0.14449027	284.57074	-0.0017484277	-50.83159	6.966236	0.07622348	1606.162926197052
201	-495.76865	38.853443	-448.94943	-555.0727	1000.0	-44.79509	5.4690056	-15.284188	-87.47442	1010000	-0.12375681	199.16855	-0.0017866045	-37.676453	6.9630437	0.0818255	1614.217500925064
202	-560.32605	35.50842	-516.92993	-616.4994	1000.0	-45.049202	3.607238	-9.904602	-82.600296	1015000	-0.10797222	201.9337	-0.0017192587	-45.65007	6.9813232	0.08683586	1622.4491851329803
203	-497.51123	26.319574	-466.43567	-540.74695	1000.0	-49.599895	4.623541	-20.779966	-82.78171	1020000	-0.1591349	216.24585	-0.0009966791	-48.08255	6.984417	0.099888735	1630.373450756073
204	-506.94647	57.937733	-402.88727	-564.73956	1000.0	-44.657425	3.9590213	-11.80973	-84.2847	1025000	-0.16964209	239.49126	-0.0014972091	-51.759964	7.01406	0.09035413	1638.2932345867157
205	-541.6975	42.70012	-481.10727	-590.3686	1000.0	-47.225655	5.95339	18.373775	-83.62922	1030000	-0.13870662	285.5909	-0.0016563833	-69.978714	7.023486	0.07792281	1646.4433462619781
206	-510.41	38.037853	-467.6695	-568.9172	1000.0	-47.738	6.17999	-0.4738754	-83.00832	1035000	-0.14500369	223.45876	-0.0018342584	-45.173477	6.965272	0.08719985	1654.3989024162292
207	-530.84143	44.647285	-455.31836	-594.03174	1000.0	-46.678062	4.094612	-5.3909845	-73.27961	1040000	-0.18011345	201.51804	-0.0018295646	-31.163086	7.009069	0.08146019	1662.4291863441467
208	-508.19305	25.200117	-475.25305	-544.1321	1000.0	-48.388382	4.3839865	-10.136225	-78.80385	1045000	-0.179047	209.25986	-0.0022031665	-32.130905	6.972386	0.08122201	1670.558090686798
209	-496.88794	31.457455	-447.19135	-542.84076	1000.0	-46.569595	4.1349893	-17.87743	-77.06417	1050000	-0.13341309	156.8924	-0.0019011348	-25.758026	7.000289	0.09023029	1678.530110359192
210	-516.82214	39.530487	-461.04196	-571.53253	1000.0	-46.24859	4.189812	-15.220081	-74.37885	1055000	-0.14320168	196.9399	-0.002484873	-26.796066	6.9816303	0.08530948	1687.6802253723145
211	-491.47955	45.50564	-431.33444	-567.2797	1000.0	-46.14688	3.3589892	-16.034838	-68.54651	1060000	-0.12003911	168.15326	-0.0017494112	-29.65596	6.968565	0.070302695	1695.7540946006775
212	-540.0314	25.74379	-507.30017	-575.81024	1000.0	-46.15682	3.9491956	-15.595013	-74.542534	1065000	-0.1605056	186.24355	-0.002076164	-30.374084	7.006678	0.087309964	1703.8288850784302
213	-530.84064	21.557384	-493.21124	-551.9939	1000.0	-47.774094	4.1864758	-23.578407	-79.30141	1070000	-0.10730036	145.63988	-0.0016148984	-21.483276	7.0315037	0.08238994	1711.778669834137
214	-511.47095	28.095867	-473.3044	-548.3945	1000.0	-47.529255	3.4738932	-16.841337	-71.62494	1075000	-0.18690205	170.63625	-0.0021204948	-21.658417	6.999988	0.07842176	1719.7493867874146
215	-532.157	19.755575	-510.17822	-562.01294	1000.0	-46.335896	3.4610453	-16.58766	-72.148186	1080000	-0.12007866	171.99059	-0.0010249317	-35.290985	7.0027704	0.099779345	1727.7090890407562
216	-501.51498	44.007553	-446.76047	-573.41315	1000.0	-47.8362	5.7537932	-16.028603	-80.544716	1085000	-0.1738657	249.52745	-0.0013018548	-69.25398	6.9672985	0.09284553	1735.586064338684
217	-509.50528	49.582134	-442.51083	-577.8275	1000.0	-45.501038	4.0434055	-12.245155	-74.001884	1090000	-0.19104266	192.9917	-0.0020095855	-33.504807	6.988919	0.08424445	1743.4495213031769
218	-504.06818	66.45596	-404.5216	-608.452	1000.0	-45.386013	4.45092	-20.863186	-78.789734	1095000	-0.17356107	233.69753	-0.0022377968	-42.08258	6.9986515	0.08652539	1751.4365093708038
219	-492.17426	38.153103	-456.57523	-562.98114	1000.0	-46.06208	4.901516	24.225935	-89.31401	1100000	-0.09177157	185.86198	-0.002053149	-41.419235	6.949777	0.08477371	1759.3542788028717
220	-535.879	52.62262	-452.82178	-602.9064	1000.0	-43.73512	5.061352	-23.28636	-85.7934	1105000	-0.20627818	232.72243	-0.0017975867	-62.04915	6.9845295	0.08740617	1769.6311249732971
221	-468.83862	35.013138	-415.0646	-518.8795	1000.0	-47.10513	6.4077125	-29.10156	-85.89861	1110000	-0.15724221	211.04778	-0.0012134463	-85.380486	6.9319773	0.07576088	1777.862551689148
222	-494.6544	44.545834	-430.26013	-549.8409	1000.0	-42.875496	3.7809286	-7.537357	-73.08216	1115000	-0.11784587	215.8386	-0.0020512715	-46.87549	6.9643493	0.08832285	1785.846083164215
223	-508.53824	68.242836	-429.8661	-607.0168	1000.0	-45.245308	3.3138494	-20.16232	-73.21416	1120000	-0.16501358	167.08772	-0.0013511181	-22.181091	6.974929	0.0894631	1793.8407711982727
224	-559.53204	25.232946	-516.91833	-589.76074	1000.0	-45.904446	4.231798	-12.594377	-81.415276	1125000	-0.13328014	229.57883	-0.0018969029	-51.877457	7.0173717	0.085275546	1801.99400806427
225	-518.0557	33.585068	-480.36636	-573.1825	1000.0	-48.82665	5.3120522	-29.769768	-86.003746	1130000	-0.1695287	184.95851	-0.0022870004	-39.47159	6.977873	0.09852617	1810.0650362968445
226	-525.16077	10.178164	-512.797	-542.819	1000.0	-46.047497	5.481506	-29.355824	-85.57479	1135000	-0.18518308	161.99283	-0.0007856786	-22.127426	6.9248023	0.0763923	1818.0051262378693
227	-514.55493	38.60604	-452.82492	-570.8348	1000.0	-47.367294	6.564963	-29.248125	-83.13345	1140000	-0.14647186	177.74312	-0.0014665276	-38.218674	6.952245	0.08138073	1825.925302028656
228	-507.92905	60.957054	-442.37576	-622.57025	1000.0	-46.630886	6.004895	-29.270031	-79.847046	1145000	-0.14148481	187.03227	-0.0013514012	-30.643478	6.934211	0.085005045	1833.8710825443268
229	-514.77527	53.030563	-421.2277	-582.1881	1000.0	-44.91925	6.154725	-32.84956	-83.875046	1150000	-0.1375919	213.56665	-0.0016433	-43.94667	6.9336343	0.08048269	1841.920761346817
230	-494.26727	27.564228	-460.06622	-537.36646	1000.0	-45.97577	8.548366	-24.49862	-89.02931	1155000	-0.15656257	227.18996	-0.0017574728	-61.154358	6.9342303	0.07728628	1851.2762401103973
231	-495.51654	38.997623	-442.30423	-552.68896	1000.0	-45.638206	4.991652	-22.029087	-76.98499	1160000	-0.11969346	170.19409	-0.0008774251	-32.91182	6.9202266	0.087028995	1858.9672694206238
232	-503.09113	75.34829	-405.967	-599.9179	1000.0	-44.82568	4.301302	-17.994482	-75.17398	1165000	-0.14762478	270.5367	-0.0016597509	-83.306595	6.987656	0.0803641	1866.4306962490082
233	-473.58432	63.22789	-349.5213	-524.153	1000.0	-45.001957	5.4674892	-0.20310414	-74.90073	1170000	-0.117739566	224.17905	-0.0016598701	-63.92566	6.941403	0.09445928	1874.1368629932404
234	-492.2202	43.25554	-427.61816	-551.0922	1000.0	-43.5978	5.5915723	18.803034	-74.29762	1175000	-0.12924848	258.22495	-0.0011129826	-96.43869	6.885441	0.08805625	1881.8883111476898
235	-482.0288	33.72929	-456.56052	-546.4	1000.0	-44.37773	6.7420073	-10.683662	-82.540344	1180000	-0.11224447	227.86015	-0.0021175295	-45.40503	6.8913374	0.07653242	1889.501802444458
236	-482.08063	37.836517	-432.80716	-532.87726	1000.0	-43.680958	6.0520434	-11.208769	-78.69196	1185000	-0.14269237	189.66492	-0.001369372	-42.56346	6.912988	0.08854863	1897.2896416187286
237	-484.21283	34.64416	-448.4663	-530.098	1000.0	-42.544636	6.798245	-28.9107	-85.95886	1190000	-0.1658488	186.03763	-0.0014713854	-35.61946	6.89075	0.07918476	1904.9088070392609
238	-494.7311	76.90343	-349.08725	-564.3599	1000.0	-43.72804	6.3856654	-20.079079	-79.66323	1195000	-0.1453237	274.06424	-0.0012169927	-59.253647	6.9017577	0.077481374	1912.7157053947449
239	-491.25912	34.69447	-448.78833	-552.9746	1000.0	-43.206696	4.0611453	-20.744068	-79.52668	1200000	-0.116526194	168.41267	-0.0013391897	-27.850769	6.8784084	0.062603995	1920.4405229091644
240	-471.542	54.286423	-388.68454	-529.17706	1000.0	-44.700626	3.8397565	-13.2269535	-73.96892	1205000	-0.19613293	244.29672	-0.0016183108	-46.753418	6.9426703	0.08099058	1929.1483430862427
241	-496.50446	61.20353	-404.09552	-589.95325	1000.0	-43.890438	3.8428617	0.16095167	-71.885	1210000	-0.16876006	315.9134	-0.0015849024	-84.24335	6.9294205	0.08095721	1936.983417749405
242	-479.59756	36.081387	-441.86948	-547.01294	1000.0	-45.431015	6.5962815	-6.128279	-79.04979	1215000	-0.10063378	213.15965	-0.0015733019	-57.81462	6.934111	0.07649282	1944.6804268360138
243	-485.60822	39.780457	-438.91544	-537.291	1000.0	-44.13551	3.1205423	-17.767656	-67.620346	1220000	-0.19095622	139.24846	-0.0013987422	-21.213234	6.894611	0.06837154	1952.3478300571442
244	-491.36996	59.79826	-396.65808	-563.1468	1000.0	-42.982666	4.012712	-13.954663	-71.14187	1225000	-0.13221237	229.91554	-0.0013305247	-46.44429	6.919589	0.08453297	1960.2184557914734
245	-424.93832	53.138836	-354.12473	-510.844	1000.0	-44.435608	5.6080217	-3.9620848	-75.680664	1230000	-0.10824074	271.5635	-0.001324825	-99.4518	6.8681445	0.08254177	1968.0360515117645
246	-556.3839	39.90386	-508.738	-610.52545	1000.0	-39.715042	5.3248553	2.3690107	-71.674255	1235000	-0.19705942	384.2496	-0.0015020221	-207.00414	6.964239	0.09488318	1975.670786857605
247	-478.1341	31.261667	-447.85413	-538.20636	1000.0	-47.31526	4.9397445	-35.803715	-78.26423	1240000	-0.17677085	179.76671	-0.0014571398	-45.557053	6.9083734	0.082044974	1983.548255443573
248	-524.45325	54.74485	-472.99847	-625.0904	1000.0	-43.86023	5.9633965	-26.90786	-81.28976	1245000	-0.13784419	221.0687	-0.0016800761	-56.729095	6.9605737	0.084763795	1991.477263212204
249	-505.80426	78.66623	-409.52792	-633.8372	1000.0	-45.791664	6.303335	-17.429497	-85.33397	1250000	-0.1554419	223.54675	-0.0017320216	-50.77768	6.930258	0.07206496	2000.4313383102417
