Epoch	AverageEpRet	StdEpRet	MaxEpRet	MinEpRet	EpLen	AverageVVals	StdVVals	MaxVVals	MinVVals	TotalEnvInteracts	LossPi	LossV	DeltaLossPi	DeltaLossV	Entropy	KL	Time
0	-2329.9788	48.08436	-2263.378	-2410.6804	1000.0	-0.031384725	0.4745666	1.6158354	-1.5637485	5000	-0.14625816	46086.24	-0.015024632	-5760.6953	7.379589	0.0056939772	6.195471286773682
1	-2170.7524	143.26218	-1985.8972	-2391.4114	1000.0	-14.267969	0.45006	-9.719254	-14.704263	10000	-0.1674468	35568.8	-0.0094901025	-2526.4219	7.3036814	0.0032774692	11.787009477615356
2	-2124.0947	63.37433	-2050.5244	-2217.747	1000.0	-21.292807	0.096409045	-19.688251	-21.360292	15000	-0.08861383	30632.518	-0.009126112	-1880.6875	7.3239517	0.0028183663	17.390286922454834
3	-2062.2017	46.94685	-2018.9277	-2131.9543	1000.0	-26.932423	0.060034424	-25.420753	-26.966997	20000	-0.08773415	27211.04	-0.0076162145	-1638.6074	7.323882	0.0018889459	23.167139291763306
4	-2001.6631	51.215908	-1930.2788	-2067.63	1000.0	-32.15732	0.04451703	-30.712671	-32.175278	25000	-0.103150256	23665.424	-0.007424131	-1419.3633	7.338272	0.0022044338	28.951024532318115
5	-1871.3186	106.689545	-1717.5631	-2040.452	1000.0	-37.043682	0.034212198	-35.82265	-37.058	30000	-0.13014509	19695.012	-0.0069735944	-1189.8379	7.262447	0.0019995265	34.83724665641785
6	-1917.8715	54.098835	-1840.3959	-1993.0615	1000.0	-41.57886	0.027676692	-40.600525	-41.589317	35000	-0.13465433	18956.928	-0.0067454576	-1177.5762	7.393716	0.001301354	40.74964356422424
7	-1877.6082	124.313705	-1764.5742	-2115.259	1000.0	-46.12533	0.021388197	-45.53556	-46.13432	40000	-0.15546018	16796.336	-0.004548639	-1050.294	7.3269014	0.0014733302	46.673969745635986
8	-1828.5098	33.25512	-1788.2267	-1886.2148	1000.0	-50.489605	0.018338462	-50.03773	-50.49669	45000	-0.14673118	14635.394	-0.0063860565	-942.6045	7.37388	0.0022933793	52.68450117111206
9	-1754.4336	59.634586	-1683.5475	-1848.3195	1000.0	-54.681477	0.018776614	-54.02056	-54.687435	50000	-0.09939917	12536.772	-0.005556032	-821.9326	7.3317733	0.001302735	59.49806547164917
10	-1709.3258	73.216736	-1587.0209	-1801.4138	1000.0	-58.660225	0.013153237	-58.0944	-58.66533	55000	-0.14866814	10447.107	-0.00575307	-700.8008	7.323025	0.001316308	66.24544882774353
11	-1714.2332	92.39383	-1599.7183	-1851.5522	1000.0	-62.398327	0.016445342	-61.77325	-62.40321	60000	-0.102214076	9548.358	-0.004755713	-650.49316	7.343989	0.0012729786	72.13532853126526
12	-1374.8972	621.2738	-134.26526	-1722.871	817.6	-66.053116	0.013079921	-65.540016	-66.05736	65000	-0.12526084	8436.403	-0.005388081	-589.9971	7.357154	0.0019940492	78.50728154182434
13	-1608.9891	28.972273	-1574.4241	-1646.5929	1000.0	-69.5963	0.013574002	-69.0724	-69.60061	70000	-0.11222713	7159.2856	-0.0044062138	-500.41992	7.325525	0.0017540691	85.07932710647583
14	-1562.5984	33.38601	-1520.5105	-1622.9043	1000.0	-72.92509	0.011045713	-72.573204	-72.92879	75000	-0.06317429	5583.1475	-0.004326515	-406.14502	7.319947	0.0011235514	91.62287092208862
15	-1537.4886	52.901756	-1455.7604	-1614.9552	1000.0	-75.98446	0.012369669	-75.58597	-75.98809	80000	-0.11764452	4896.4946	-0.0037380606	-349.3506	7.320594	0.0012276202	98.35219597816467
16	-1467.5997	81.37281	-1316.1053	-1544.4806	1000.0	-78.87296	0.009144883	-78.48072	-78.87594	85000	-0.08467506	3821.9548	-0.003095448	-276.31958	7.368978	0.0003004771	105.16466283798218
17	-1481.9402	44.286373	-1405.5247	-1543.3269	1000.0	-81.50104	0.009395072	-81.14681	-81.503876	90000	-0.08877626	3573.1128	-0.002936326	-260.3723	7.3106065	0.00085560064	111.9337809085846
18	-1439.2742	55.197014	-1364.2731	-1502.2263	1000.0	-84.08986	0.008421909	-83.77728	-84.09268	95000	-0.11815854	2984.3943	-0.0035624877	-208.80176	7.25246	0.0011392498	118.8644437789917
19	-1382.9026	60.3072	-1307.7136	-1467.3784	1000.0	-86.468666	0.008650049	-86.15242	-86.47124	100000	-0.16426206	2377.186	-0.0026159585	-159.72852	7.353633	0.000660248	125.67795372009277
20	-1381.4808	86.577545	-1270.5659	-1514.9741	1000.0	-88.595604	0.008637809	-88.25894	-88.59819	105000	-0.10644254	2091.786	-0.0034362525	-135.65283	7.2811713	0.001230357	133.0126359462738
21	-1358.5764	25.419271	-1330.477	-1396.2809	1000.0	-90.591125	0.008890147	-90.22009	-90.59366	110000	-0.065251	1827.7181	-0.002999045	-121.17554	7.347366	0.0003336422	139.86747097969055
22	-1319.2284	79.16327	-1227.5964	-1415.7206	1000.0	-92.51478	0.0069487453	-92.35722	-92.51742	115000	-0.100095406	1685.9546	-0.0028691217	-92.356445	7.340721	0.0013025671	146.5562345981598
23	-1344.3074	30.847164	-1288.6234	-1375.7657	1000.0	-94.23948	0.0063957437	-94.069885	-94.24167	120000	-0.09795149	1544.6326	-0.002696596	-81.78943	7.270902	-0.00056840485	153.3245496749878
24	-1325.2	70.11843	-1259.2715	-1438.0923	1000.0	-95.88871	0.008051012	-95.585396	-95.89105	125000	-0.13058536	1347.3202	-0.0026727766	-70.844604	7.3104906	0.0007048323	160.19018530845642
25	-1282.2078	53.445625	-1199.6621	-1350.7372	1000.0	-97.4583	0.007240955	-97.26934	-97.46059	130000	-0.09864495	1068.354	-0.002603434	-41.538208	7.261578	0.00011278362	167.02174711227417
26	-1290.906	47.007755	-1235.693	-1378.1322	1000.0	-98.702545	0.0067202076	-98.45789	-98.70455	135000	-0.11778554	1082.4996	-0.003287062	-38.565674	7.310525	0.00086195505	173.8961160182953
27	-1208.3579	36.112865	-1151.8787	-1250.2843	1000.0	-99.90785	0.006582174	-99.727356	-99.91012	140000	-0.15626246	783.1451	-0.003112644	-15.959778	7.2717147	0.00085178396	180.51565027236938
28	-1211.356	33.517994	-1170.9443	-1251.4958	1000.0	-100.72488	0.0064676236	-100.53864	-100.72689	145000	-0.083660446	685.8085	-0.0030272081	-11.39679	7.3258624	4.2210435e-05	187.35174465179443
29	-1167.91	81.046585	-1014.3007	-1250.3761	1000.0	-101.41429	0.007846469	-101.13914	-101.4164	150000	-0.09158815	623.3868	-0.0030338466	-2.9906616	7.262558	-0.00026199254	194.59609198570251
30	-1187.5198	77.642105	-1109.8431	-1327.6915	1000.0	-101.79184	0.005570658	-101.62259	-101.79365	155000	-0.12315814	782.8538	-0.0020526499	-1.90271	7.2676897	0.0001096632	201.83204793930054
31	-1120.551	90.70833	-949.12317	-1194.9907	1000.0	-102.08644	0.0062256115	-101.922844	-102.08855	160000	-0.048093237	683.18286	-0.0027708858	-0.20288086	7.250547	0.00036611728	208.7835042476654
32	-1113.4165	37.229248	-1065.6016	-1163.1802	1000.0	-102.01134	0.0055538346	-101.84161	-102.0133	165000	-0.082532436	501.5848	-0.0022652596	-0.10610962	7.2745905	-0.000117593	215.6106412410736
33	-1139.3517	30.649578	-1096.2643	-1185.2999	1000.0	-101.936615	0.0061980323	-101.77049	-101.93874	170000	-0.11775304	575.1972	-0.0027705878	-0.46862793	7.3214912	0.0009946808	222.36871457099915
34	-1168.668	40.574986	-1119.5085	-1239.3385	1000.0	-102.07882	0.008466266	-101.85377	-102.08127	175000	-0.09120742	664.0538	-0.0032513216	-0.5539551	7.2924156	0.0015963007	228.942036151886
35	-1113.331	94.08492	-978.03394	-1225.2345	1000.0	-102.24986	0.007804417	-101.97795	-102.25219	180000	-0.1443932	719.9542	-0.002158016	-1.9443359	7.312933	0.00013505941	235.73137593269348
36	-1091.739	60.909683	-1024.5481	-1180.7106	1000.0	-101.94855	0.0060434276	-101.78626	-101.95053	185000	-0.10198754	571.5115	-0.0024662912	-4.355896	7.3305125	0.00016466413	242.97305417060852
37	-1097.8994	47.626995	-1044.7446	-1187.5475	1000.0	-101.45311	0.006994649	-101.230965	-101.4555	190000	-0.094700515	598.2541	-0.0018581226	-2.2921143	7.2830157	0.0008124319	250.0595257282257
38	-1104.1471	68.75583	-1033.0554	-1234.2837	1000.0	-101.07351	0.0069062915	-100.89929	-101.075806	195000	-0.10372974	778.1397	-0.0023557842	-3.451416	7.276301	0.0009816122	257.3070797920227
39	-1041.6499	34.95956	-1004.78253	-1088.2864	1000.0	-100.612236	0.009684764	-100.39327	-100.615135	200000	-0.11998248	598.6246	-0.0019846484	-17.660034	7.259736	0.00022060896	264.5294473171234
40	-1033.3162	47.433575	-983.1375	-1117.0176	1000.0	-99.53517	0.8949929	-66.44858	-99.61061	205000	-0.12943187	608.39844	-0.0018469095	-31.13916	7.2589765	-3.051138e-06	272.18927669525146
41	-994.6981	41.887405	-929.75494	-1058.5516	1000.0	-98.06929	3.5895169	-23.60912	-98.723854	210000	-0.1414418	579.1636	-0.0022775382	-205.67203	7.287792	-9.100938e-05	279.42231035232544
42	-998.7467	71.860886	-901.5528	-1111.1722	1000.0	-91.38335	9.922828	10.381182	-98.109825	215000	-0.12154066	521.9636	-0.0028735623	-146.68698	7.261917	0.00061292236	286.6743998527527
43	-972.4518	68.979324	-884.77264	-1045.7339	1000.0	-87.516335	12.739588	36.941357	-98.20274	220000	-0.05914651	641.18494	-0.0021870658	-195.72198	7.2499437	0.00029765777	294.0517430305481
44	-956.911	35.714485	-910.6278	-1002.2002	1000.0	-87.373436	4.4245124	-40.604145	-97.950516	225000	-0.067477226	447.7969	-0.0019438937	-49.434692	7.2996616	-0.00018578625	300.962926864624
45	-925.8917	61.48532	-833.1926	-1007.8291	1000.0	-86.50884	3.426886	-65.71113	-97.963356	230000	-0.1573408	438.1462	-0.0020826757	-54.584656	7.1950445	0.0006803504	308.237877368927
46	-967.8934	39.238754	-897.17456	-1004.6418	1000.0	-82.96784	3.922011	-10.325623	-97.93706	235000	-0.1264527	436.3054	-0.002430573	-67.499695	7.2825203	-0.00021682386	315.45169854164124
47	-974.95764	43.58076	-935.2394	-1051.8866	1000.0	-86.65915	6.267117	-53.604164	-98.16744	240000	-0.09188261	522.0212	-0.0019543692	-76.44498	7.2954717	0.0012697187	322.7123267650604
48	-920.3203	43.07138	-848.61633	-980.2474	1000.0	-88.11636	4.4416265	-41.62074	-98.09102	245000	-0.15513201	471.1889	-0.0013670027	-57.759003	7.2458587	0.0006585595	330.28085064888
49	-909.21564	25.027138	-874.89307	-943.26434	1000.0	-83.746666	3.581046	-20.067833	-97.71462	250000	-0.11671138	413.04755	-0.0015966147	-37.92166	7.2422705	0.00020305577	337.7770776748657
50	-921.2838	67.46103	-827.8417	-1020.1826	1000.0	-82.56651	3.9819913	11.703389	-97.18647	255000	-0.13780661	412.22284	-0.0022113323	-34.535034	7.2375154	0.00029605455	345.60128927230835
51	-944.66174	47.910095	-871.55176	-994.0578	1000.0	-82.7477	4.40066	-21.10847	-97.50744	260000	-0.13736443	442.7457	-0.0021004677	-46.371857	7.2444983	0.001236361	353.16542863845825
52	-915.86523	34.851013	-867.68085	-960.86115	1000.0	-85.19494	4.903605	-7.63231	-97.68959	265000	-0.09069995	445.2176	-0.0015811399	-53.196136	7.250005	0.00019530859	360.7429575920105
53	-917.5291	31.130667	-868.9867	-951.51733	1000.0	-82.30459	4.875058	-52.88913	-97.600586	270000	-0.10240198	383.49255	-0.0021379888	-50.977905	7.244828	0.0006920684	368.7393569946289
54	-917.2256	60.10788	-826.5479	-973.1269	1000.0	-81.10276	5.616349	-20.31515	-97.70876	275000	-0.090858646	402.4636	-0.0019134134	-44.927002	7.2296295	0.00090072805	376.76528787612915
55	-908.54895	44.085835	-877.40076	-994.96405	1000.0	-81.4366	6.0817084	-37.097874	-97.7978	280000	-0.119836144	413.16415	-0.0016421527	-43.10367	7.2739	0.00083589973	384.36309242248535
56	-900.6964	39.115795	-854.50214	-970.8804	1000.0	-79.97425	6.1005425	-7.0751357	-97.60238	285000	-0.07500602	355.2633	-0.0022485033	-45.987793	7.239893	0.00065546954	391.7229959964752
57	-657.4718	314.84872	-30.876587	-859.25146	805.4	-80.73474	5.4862313	-33.25862	-97.652954	290000	-0.124705836	349.656	-0.001406759	-82.3533	7.2090526	0.00047107748	399.25342774391174
58	-906.33575	94.30316	-803.7575	-1060.6437	1000.0	-75.719666	4.8383965	-37.3495	-96.67351	295000	-0.14168477	597.3189	-0.0025001764	-128.47131	7.2302485	0.0009651909	406.89928579330444
59	-861.54083	42.410633	-818.7044	-925.0472	1000.0	-78.83822	7.2913485	-25.589985	-97.68357	300000	-0.09056786	610.9522	-0.0014954209	-92.18286	7.248796	8.5387706e-05	414.56167697906494
60	-873.7119	70.3984	-776.6599	-981.9582	1000.0	-75.37325	7.950713	-3.351737	-97.87048	305000	-0.14657913	413.54114	-0.0017942637	-65.35663	7.2404623	0.00029965423	422.3390154838562
61	-845.69666	27.172277	-807.3418	-879.03314	1000.0	-76.53417	4.9859924	-52.122795	-97.93447	310000	-0.18359727	407.65714	-0.001946047	-24.693573	7.264775	1.9098043e-05	430.0436508655548
62	-826.7992	14.6049185	-811.46606	-846.99493	1000.0	-76.271	4.257047	-9.013841	-97.75991	315000	-0.13560332	385.7357	-0.0019976646	-53.806183	7.1824493	0.000366501	437.76156854629517
63	-839.29767	63.7519	-767.44037	-944.89667	1000.0	-75.60632	6.8061576	1.2815292	-97.78955	320000	-0.12368958	424.54095	-0.0017852485	-88.26651	7.246774	-0.00022091284	445.33522033691406
64	-857.2534	21.87422	-823.2778	-887.50836	1000.0	-76.227974	6.6152396	-15.568706	-97.84485	325000	-0.11648596	384.15158	-0.0018560961	-82.43567	7.2202086	6.1893465e-05	453.07703161239624
65	-873.9297	51.742107	-812.8715	-963.26666	1000.0	-72.16647	10.95375	-1.5137322	-97.93139	330000	-0.09471549	537.972	-0.0014316887	-133.4505	7.270825	0.0005474746	460.64032196998596
66	-839.7811	38.871086	-777.4061	-894.8907	1000.0	-77.89634	6.902024	-54.535606	-98.15981	335000	-0.10705155	404.94528	-0.001899302	-69.65018	7.217318	-0.00017079439	468.29062938690186
67	-769.4997	26.96541	-735.06335	-798.8477	1000.0	-72.33714	8.512902	35.572197	-98.05741	340000	-0.052737243	360.67877	-0.0020040162	-84.15512	7.194778	0.00073008426	475.90956354141235
68	-855.0875	64.1501	-806.8021	-973.65356	1000.0	-71.78066	4.628545	-36.164944	-97.48678	345000	-0.12656301	420.5236	-0.0020034611	-85.34723	7.2174444	-0.0003473556	483.7387535572052
69	-796.4756	23.720463	-769.07965	-833.87177	1000.0	-75.90375	8.29883	-14.129011	-98.185745	350000	-0.11947752	380.26978	-0.0022598132	-66.43082	7.2347064	0.00017230283	491.6291787624359
70	-820.729	40.56506	-758.80994	-877.20557	1000.0	-71.78	4.972324	-1.9827135	-95.83889	355000	-0.117134705	396.06564	-0.002763696	-43.42624	7.222714	0.0011637609	500.11033606529236
71	-780.6286	41.340275	-711.2398	-828.0066	1000.0	-73.804375	4.8286405	3.534274	-97.80056	360000	-0.12040182	301.81586	-0.0011376217	-50.86711	7.1956234	8.7854765e-05	507.84923934936523
72	-795.2029	26.90334	-751.7226	-825.9703	1000.0	-69.59304	5.6783633	-7.212634	-95.483185	365000	-0.14238042	348.6454	-0.0016772896	-54.553894	7.1838694	0.0004802252	515.5297749042511
73	-798.7269	58.084938	-726.3713	-892.30176	1000.0	-71.90595	7.518234	-12.981937	-97.774315	370000	-0.10061106	444.92554	-0.0011340231	-119.4498	7.203716	0.00038835662	523.3024244308472
74	-776.4047	30.546825	-723.7929	-812.3705	1000.0	-68.11494	10.04146	3.7024832	-97.77681	375000	-0.10310736	417.2161	-0.001988709	-118.42975	7.2253327	0.0004708546	531.027889251709
75	-792.67035	48.9234	-753.70795	-887.25653	1000.0	-71.2189	4.591622	2.186648	-95.15979	380000	-0.15249717	362.32205	-0.0018661618	-48.450897	7.219786	0.0003418519	538.8463606834412
76	-766.058	18.634851	-748.7758	-801.3717	1000.0	-70.062	4.9729447	9.812823	-93.78706	385000	-0.11941327	300.18643	-0.0020174384	-30.328033	7.2480235	-0.00012662301	546.5298688411713
77	-742.1852	28.441832	-712.904	-793.9591	1000.0	-69.632324	4.053083	-0.6768004	-94.52032	390000	-0.10789023	315.7896	-0.0015950203	-43.403534	7.181588	-0.0003351449	554.2664635181427
78	-806.8765	29.212358	-755.4569	-846.0246	1000.0	-67.438965	5.6235323	-10.717947	-96.48806	395000	-0.12261248	321.4674	-0.0016752332	-73.09546	7.2317553	0.0007241786	562.2320652008057
79	-756.6144	37.876137	-717.08215	-814.97296	1000.0	-70.980415	6.5926385	-17.202957	-95.22925	400000	-0.16742896	356.4512	-0.0021930486	-62.66501	7.140696	0.00014370123	570.1085851192474
80	-750.2023	39.82769	-678.34204	-792.5768	1000.0	-67.44004	4.8769617	-31.940311	-92.7091	405000	-0.13872305	315.09586	-0.0011293441	-36.866913	7.1553984	0.00064972625	578.1460337638855
81	-815.69336	70.33012	-693.683	-894.4232	1000.0	-69.18344	6.578767	-47.38061	-93.28235	410000	-0.14090669	328.5298	-0.0013946742	-60.08374	7.236256	0.00055395486	585.8270545005798
82	-748.05096	44.420395	-699.25336	-814.4108	1000.0	-69.691414	7.8902397	-13.646792	-97.324974	415000	-0.09905746	298.8131	-0.0012950823	-65.112015	7.157284	0.00036552982	593.6693949699402
83	-776.3665	40.805527	-726.64056	-819.49786	1000.0	-67.282	7.3796654	-27.16321	-97.027596	420000	-0.16150953	333.80603	-0.002201438	-57.12314	7.2213826	0.00058948743	601.5564815998077
84	-720.7294	51.707737	-640.5646	-793.1572	1000.0	-70.93523	6.52507	-40.886528	-95.31118	425000	-0.1140469	364.53552	-0.0011824965	-89.03363	7.1543	8.642197e-06	609.7249186038971
85	-756.868	36.375526	-691.72577	-803.1323	1000.0	-63.867176	7.5040846	13.686534	-95.97137	430000	-0.0907867	300.05316	-0.0015712231	-74.63747	7.173554	0.00073919096	617.6076357364655
86	-705.27765	33.71446	-640.9254	-737.79144	1000.0	-66.589676	7.034784	-20.266424	-96.6017	435000	-0.13890833	342.1311	-0.0014188439	-88.951706	7.1599603	-0.00010894389	625.2911207675934
87	-731.068	51.679516	-644.5879	-788.83594	1000.0	-64.55298	3.635021	-27.14502	-86.13612	440000	-0.113585986	380.78186	-0.002285339	-60.495056	7.1499085	0.0003227099	633.4470148086548
88	-725.9447	53.121445	-648.2828	-787.6302	1000.0	-67.611465	4.09057	-6.662719	-94.74611	445000	-0.097243	269.94547	-0.0015598983	-42.059265	7.1572437	0.00022155566	641.3039493560791
89	-793.48254	80.31141	-677.8916	-895.1932	1000.0	-65.244644	5.3438864	-28.835005	-96.15898	450000	-0.1826077	453.78375	-0.001266554	-92.711395	7.2053866	0.00029336463	649.2575702667236
90	-705.5762	47.653633	-614.58026	-755.11694	1000.0	-69.859276	7.4787908	-28.18537	-97.650055	455000	-0.12382385	341.506	-0.0016136914	-84.39346	7.1251283	0.00061038777	657.67458319664
91	-718.2082	40.714634	-683.7908	-796.08685	1000.0	-63.938187	6.8694725	-19.381887	-96.295044	460000	-0.104762375	286.65054	-0.0015424937	-46.249893	7.1501236	0.0008839966	665.3850121498108
92	-716.30194	61.236702	-660.8267	-832.8016	1000.0	-66.23717	6.2209644	-28.876225	-97.36844	465000	-0.13883935	331.006	-0.001283288	-41.25064	7.196336	-0.00014293418	673.3369884490967
93	-716.54443	39.49332	-659.0506	-763.81384	1000.0	-65.01985	6.493999	-8.8359375	-97.082954	470000	-0.11041826	306.17865	-0.0016184598	-47.5195	7.1911893	0.00017183456	681.76029920578
94	-717.0377	54.3635	-623.3116	-764.5994	1000.0	-63.944176	5.6658406	-27.861673	-96.53002	475000	-0.13128759	342.1292	-0.001615569	-53.04776	7.1721687	0.0002805121	689.6957502365112
95	-707.63025	52.801067	-650.0318	-796.8988	1000.0	-63.726845	4.981532	-13.210358	-95.46785	480000	-0.14148404	293.2279	-0.0020047873	-53.15561	7.123578	8.983579e-05	697.3291621208191
96	-726.8627	41.570744	-678.1857	-797.6667	1000.0	-64.01921	7.7771797	-37.780964	-96.92442	485000	-0.15395609	371.19775	-0.0022325963	-66.95657	7.1560435	0.0002375638	705.0562279224396
97	-713.6925	75.81506	-620.85345	-825.4613	1000.0	-65.120834	7.9479733	43.888546	-96.894966	490000	-0.11732638	441.103	-0.0011196285	-108.74005	7.1691904	-0.00012302413	712.8917908668518
98	-744.38306	56.338337	-642.1812	-807.5825	1000.0	-64.85315	7.7047977	-8.319535	-97.02577	495000	-0.15738115	425.1334	-0.0022672117	-114.01395	7.1932564	0.000111962174	720.5956952571869
99	-716.7533	57.239933	-636.3491	-777.3064	1000.0	-66.87917	7.4294086	-34.507744	-97.59538	500000	-0.17804436	318.01993	-0.0019586831	-69.910706	7.161982	0.0006467681	728.363139629364
100	-727.5905	3.227158	-721.62213	-730.66223	1000.0	-64.62495	7.485996	-10.564742	-96.38329	505000	-0.1871035	294.20874	-0.002274081	-88.53436	7.2173157	0.000439187	736.5300295352936
101	-723.0082	19.285213	-697.9167	-752.1645	1000.0	-64.32944	7.667149	4.6575074	-96.07195	510000	-0.13588326	273.16296	-0.0017366558	-63.14366	7.1897287	0.00041328702	744.3518269062042
102	-683.0824	59.51471	-574.0929	-736.64386	1000.0	-65.76534	5.758992	-12.382669	-92.1891	515000	-0.12602548	330.05374	-0.0015093833	-93.02675	7.1366835	0.000526166	752.1213757991791
103	-658.1243	35.525124	-612.53424	-700.6412	1000.0	-62.01776	4.652357	-20.843283	-91.47866	520000	-0.17829606	343.032	-0.0020136386	-56.547577	7.1165233	0.00014159837	759.6110739707947
104	-751.62164	36.237816	-704.03766	-812.8648	1000.0	-60.131214	5.853092	12.761251	-95.504135	525000	-0.11794004	346.21194	-0.0019906536	-116.238495	7.2073846	0.00043837863	767.1797392368317
105	-688.64374	32.162006	-642.78674	-722.43365	1000.0	-65.88603	6.6284695	-32.56905	-96.23268	530000	-0.13770485	302.6035	-0.001682356	-53.217667	7.1468415	0.000533101	774.82306599617
106	-672.379	88.15064	-512.10913	-759.6229	1000.0	-63.44515	5.657971	-37.44318	-94.38537	535000	-0.11335161	396.7036	-0.0017877072	-83.40741	7.128194	0.00010352273	782.7560176849365
107	-715.7174	26.456451	-669.2439	-745.399	1000.0	-61.1021	6.7416563	16.391193	-90.08095	540000	-0.14924705	282.5061	-0.0024308264	-81.0224	7.168309	6.041913e-05	790.4956619739532
108	-675.1002	39.927227	-620.5927	-743.48486	1000.0	-62.647137	6.446895	-14.030855	-95.29162	545000	-0.1908702	342.8358	-0.0018735975	-50.297882	7.12792	0.0005101942	798.3114874362946
109	-697.0195	44.44033	-635.8961	-753.6753	1000.0	-61.57976	5.819695	-20.66498	-93.871796	550000	-0.155005	344.88025	-0.0014228076	-49.931885	7.103689	0.0003567243	806.2530553340912
110	-669.1627	50.470745	-597.1989	-742.33673	1000.0	-60.658768	5.8873043	-31.159195	-93.06246	555000	-0.13104348	284.2054	-0.0020553768	-50.189865	7.1489353	-0.00020505472	814.4440474510193
111	-706.0902	47.762447	-641.7956	-751.68616	1000.0	-60.37539	6.748519	-13.027943	-92.853264	560000	-0.16048154	289.33542	-0.0020077825	-49.712173	7.0972795	0.00060887664	822.1560311317444
112	-718.1278	32.564304	-676.27295	-757.3373	1000.0	-62.190113	5.995737	-2.522628	-94.29665	565000	-0.18772936	352.16794	-0.0015083104	-71.894806	7.191767	0.0004800302	829.7858021259308
113	-603.9823	65.10813	-499.70386	-688.7913	1000.0	-64.39287	7.659272	7.1360703	-94.35766	570000	-0.09033016	470.4903	-0.0020207688	-207.30426	7.0549283	0.00031431238	837.4521226882935
114	-674.3432	35.9327	-640.33813	-730.02844	1000.0	-54.052776	5.203683	-15.315693	-85.9153	575000	-0.14025187	311.5999	-0.001669392	-99.499115	7.1294327	0.00023796769	845.2016794681549
115	-717.90466	36.47797	-667.3096	-754.26556	1000.0	-61.06341	7.158213	-19.844515	-92.22016	580000	-0.1535655	495.0691	-0.0014625043	-123.1879	7.0908422	0.0007155308	853.0959274768829
116	-654.38226	38.67926	-602.30884	-718.014	1000.0	-62.417843	8.190871	-12.16847	-95.16714	585000	-0.10216544	308.63986	-0.0021462291	-77.84032	7.1376724	5.519962e-06	860.7886826992035
117	-659.80096	71.599045	-525.3742	-714.5764	1000.0	-59.173836	4.6266317	-24.674685	-90.64147	590000	-0.11742981	331.50714	-0.002098769	-55.67737	7.1499662	0.0008295288	868.6920907497406
118	-662.48145	37.11881	-622.608	-719.157	1000.0	-59.697674	4.4379787	-16.487215	-85.34026	595000	-0.21230711	299.55853	-0.0012350082	-60.136383	7.1476655	0.0008321987	876.3897590637207
119	-650.17206	54.789326	-555.3582	-726.2913	1000.0	-59.424717	5.2409353	-39.04474	-87.70872	600000	-0.11797696	278.42554	-0.0013280883	-31.933136	7.1001205	0.00037925388	884.3400452136993
120	-649.75916	69.63094	-581.1236	-780.43054	1000.0	-58.9106	5.639382	-37.95796	-91.98727	605000	-0.08775818	308.75366	-0.0012037829	-56.377106	7.077633	3.9905262e-05	892.859626531601
121	-566.50354	276.43243	-17.232565	-763.7171	808.0	-57.30229	6.0185	-24.254074	-93.16743	610000	-0.16343486	331.324	-0.0018475205	-99.17943	7.086569	0.00052449194	900.6225275993347
122	-666.1353	27.944042	-632.28485	-700.6216	1000.0	-62.267136	7.1614294	-1.5577748	-93.65352	615000	-0.18610662	264.41446	-0.0018004328	-63.52295	7.0934463	0.00036475915	908.5862667560577
123	-626.4933	34.588364	-559.89197	-660.23285	1000.0	-58.9316	6.3163724	-12.167432	-90.151634	620000	-0.1522481	332.1779	-0.0013754368	-64.227844	7.1265173	0.00040555972	916.6339395046234
124	-640.9286	35.04281	-597.4603	-682.4722	1000.0	-55.387775	4.833393	-5.7142506	-81.33908	625000	-0.15003909	267.55515	-0.0023342818	-55.394592	7.0801306	-0.00021087861	924.6224272251129
125	-628.711	27.47372	-599.24396	-676.237	1000.0	-58.715313	6.3774896	-22.087923	-93.892815	630000	-0.18853484	267.56125	-0.001848504	-63.20096	7.1038756	0.00024240126	932.3373172283173
126	-629.6854	19.125647	-613.99146	-664.15594	1000.0	-57.677586	3.5403988	-21.687618	-84.96725	635000	-0.1417694	238.34476	-0.0016507953	-33.598694	7.0948267	0.0004974737	940.095014333725
127	-652.0885	61.316692	-541.4145	-720.30066	1000.0	-55.480274	3.6982307	-23.084532	-79.25368	640000	-0.18021029	263.89517	-0.001358822	-51.053726	7.0910172	5.4227923e-05	947.8541412353516
128	-630.72534	41.29204	-576.27106	-697.76685	1000.0	-58.82563	5.97102	-4.375511	-92.97841	645000	-0.13110456	269.60233	-0.0017214864	-51.389023	7.0823016	-0.00016747827	955.6131644248962
129	-668.4213	19.761473	-646.8763	-694.10547	1000.0	-55.033062	5.1789827	-25.282892	-88.52591	650000	-0.12826821	267.5651	-0.0016107708	-66.84972	7.117567	4.088688e-05	963.5603897571564
130	-651.53546	45.041496	-581.2353	-712.60693	1000.0	-60.133114	5.101757	-31.474043	-90.578514	655000	-0.13435937	271.7564	-0.0017183721	-43.273514	7.073639	0.0003340103	971.877032995224
131	-621.51184	18.29754	-587.45416	-638.053	1000.0	-57.777893	5.2891684	-2.9486837	-88.57296	660000	-0.21572375	213.60555	-0.0015609711	-27.12439	7.0897303	3.9668415e-05	979.6745884418488
132	-643.4343	46.142323	-584.8437	-706.2379	1000.0	-56.93981	4.851954	-35.462914	-88.07682	665000	-0.12092659	228.76614	-0.0016506836	-31.301666	7.1246696	0.0001937015	987.9552114009857
133	-645.2877	38.649628	-578.9691	-696.6548	1000.0	-58.296062	4.738379	-28.668127	-88.46441	670000	-0.15323481	225.1977	-0.0016499758	-40.322662	7.096933	0.0008834381	996.3533523082733
134	-649.37946	40.54009	-585.7945	-701.76196	1000.0	-58.832314	4.940419	-30.094095	-84.663185	675000	-0.15747082	246.55365	-0.0016872883	-44.291	7.108917	0.00038027018	1004.2680330276489
135	-643.80634	59.302105	-539.23254	-708.4503	1000.0	-57.658375	5.898657	-4.672571	-86.718666	680000	-0.16037545	275.96567	-0.0018081963	-45.290268	7.068483	-0.00011765695	1012.0333728790283
136	-636.829	26.891113	-608.9577	-686.1253	1000.0	-56.5115	4.8578954	-20.311916	-87.93335	685000	-0.19535743	286.33456	-0.0018360466	-42.345413	7.1097875	0.00057170226	1019.8127017021179
137	-616.09564	40.247967	-544.3847	-661.89795	1000.0	-56.6922	4.6949086	-12.520252	-87.25406	690000	-0.09778966	212.6033	-0.0016745403	-43.709457	7.0839453	0.000632768	1027.5939705371857
138	-667.7814	48.382656	-606.6088	-738.66626	1000.0	-56.81505	3.8642766	-32.8687	-83.37624	695000	-0.14471255	276.02866	-0.0016960204	-66.5596	7.10025	0.00014154997	1035.3359804153442
139	-623.1029	53.5819	-527.51215	-679.38806	1000.0	-59.93236	6.551158	-13.999268	-92.065575	700000	-0.11827009	266.89276	-0.0014030784	-72.58299	7.05455	0.00025022327	1043.2720181941986
140	-632.6743	36.218723	-586.43994	-696.778	1000.0	-55.412262	5.0432615	-9.094883	-87.53617	705000	-0.14313565	236.6244	-0.0023566633	-49.546356	7.121364	8.158808e-05	1051.7479755878448
141	-652.6419	44.92612	-590.3142	-715.1483	1000.0	-57.695236	4.024384	0.080011725	-80.14335	710000	-0.14060779	332.0703	-0.001906231	-85.492966	7.059036	0.0005032859	1059.3674097061157
142	-618.3194	45.686127	-544.3766	-685.9577	1000.0	-57.590305	5.6935315	-26.717731	-87.036446	715000	-0.13111977	244.50114	-0.001433894	-52.60701	7.0370607	3.793874e-05	1067.121736049652
143	-639.0052	36.625538	-592.8726	-691.569	1000.0	-54.158794	5.7830124	9.587585	-89.83576	720000	-0.18873565	244.0226	-0.001949951	-55.329575	7.0605125	0.0001818625	1074.8828773498535
144	-609.24207	52.30678	-514.1573	-673.68756	1000.0	-56.590305	7.1223516	-14.931777	-91.44968	725000	-0.18597789	236.6874	-0.002442658	-51.69261	7.0507445	5.1277922e-05	1082.621017217636
145	-653.725	56.922817	-545.37604	-698.3946	1000.0	-55.189537	4.752881	-16.79818	-84.87959	730000	-0.16889445	285.13824	-0.0016876459	-67.27829	7.050857	-0.00033228946	1090.4092881679535
146	-637.19745	31.4031	-599.6108	-689.5354	1000.0	-56.84248	7.4769135	-38.355293	-93.29165	735000	-0.13711625	211.8334	-0.0017116815	-36.54883	7.019372	0.00083349715	1098.1553275585175
147	-620.578	39.629772	-576.1325	-691.3275	1000.0	-56.657963	6.319215	-25.448486	-88.65349	740000	-0.18093203	212.40695	-0.0019188225	-49.781006	7.048631	0.0011073934	1106.0991041660309
148	-653.3628	51.707092	-607.144	-741.1435	1000.0	-57.436005	5.333299	-27.776152	-89.246216	745000	-0.13909605	274.48965	-0.0006982833	-59.46106	7.0640564	0.00041385402	1114.0882942676544
149	-632.64325	8.612815	-617.3375	-643.5249	1000.0	-57.90732	7.215023	-27.740763	-93.69994	750000	-0.13017036	254.04225	-0.0016873032	-57.337463	7.0467124	0.00011304917	1121.8790442943573
150	-604.798	51.534603	-524.10223	-662.26373	1000.0	-55.75689	6.39062	-5.580095	-88.77308	755000	-0.11887471	234.63005	-0.0017593503	-49.012665	7.0398154	0.00030537252	1130.479986667633
151	-622.96844	60.16578	-549.6081	-708.97906	1000.0	-55.070694	5.571502	-17.700644	-87.326866	760000	-0.15757549	310.70374	-0.0017327666	-82.982834	6.979359	0.00020034461	1138.3274853229523
152	-660.44305	85.766365	-544.9392	-781.6174	1000.0	-54.239555	8.140943	-20.665003	-89.15641	765000	-0.16171815	330.1561	-0.0018231869	-93.28107	7.038639	0.00030784673	1146.0438330173492
153	-608.39325	53.963108	-530.41956	-697.2986	1000.0	-58.0245	9.521696	-35.85158	-94.221306	770000	-0.18211983	246.53065	-0.0019075572	-67.24596	7.00685	-4.748602e-05	1153.841295003891
154	-567.6137	39.830307	-513.5614	-627.4473	1000.0	-53.825768	5.683475	-25.196272	-85.91392	775000	-0.18335605	248.4588	-0.0011255145	-63.432785	6.987289	0.00042952728	1161.5625207424164
155	-611.1207	50.07771	-532.01733	-668.0442	1000.0	-52.44515	3.8876934	-6.8126874	-77.17891	780000	-0.15150896	252.7712	-0.0016075969	-49.868362	7.02499	0.00040382362	1169.5915598869324
156	-581.2883	44.16174	-505.56238	-640.02563	1000.0	-55.77792	4.5811296	-21.726477	-85.17459	785000	-0.11988224	368.36685	-0.0015911609	-65.94455	7.0397673	-8.06179e-06	1177.394910812378
157	-611.9943	32.9524	-570.6742	-662.6282	1000.0	-52.605938	3.8820114	-18.562918	-84.22557	790000	-0.22650425	261.53244	-0.0014485866	-45.161896	6.997281	0.00060399825	1185.0387933254242
158	-586.29346	48.30135	-493.8806	-632.19434	1000.0	-54.67295	4.2242846	-12.431352	-77.102554	795000	-0.16091551	252.975	-0.0016315877	-44.024963	7.006064	0.00017496057	1192.7814245224
159	-550.5233	29.797903	-517.95825	-591.427	1000.0	-53.08443	5.3775673	-19.572128	-81.987885	800000	-0.14710927	384.74426	-0.0011777729	-92.48874	6.983259	-1.3623238e-06	1200.5202152729034
160	-606.4271	51.124306	-534.4595	-691.39984	1000.0	-50.70518	4.9293275	-18.210485	-83.52196	805000	-0.12641509	242.29602	-0.0013074726	-50.23085	7.0161204	0.00036531367	1209.1503238677979
161	-610.68317	56.45077	-532.73956	-707.864	1000.0	-54.23015	4.6730084	-6.5032163	-87.291336	810000	-0.18424615	269.40945	-0.0013183057	-46.597305	7.008719	0.00023650461	1216.7671120166779
162	-578.6845	67.80604	-458.89078	-647.07806	1000.0	-54.54283	5.6636662	-25.327927	-89.564445	815000	-0.07872838	231.7737	-0.0019479245	-43.374695	6.9780173	0.0003521957	1224.5993235111237
163	-586.1893	22.212284	-551.12976	-611.775	1000.0	-52.73817	3.8152277	-31.104786	-87.049065	820000	-0.1808919	163.81631	-0.0012644231	-23.09607	6.9983125	0.00016693554	1232.411695241928
164	-566.1753	40.223248	-509.1285	-619.7025	1000.0	-51.58627	4.353296	-24.763975	-88.707146	825000	-0.188418	213.45007	-0.0017012656	-40.59337	7.0205007	9.121213e-05	1240.0780448913574
165	-504.45947	240.48857	-45.248665	-718.5335	824.0	-52.11256	4.5607023	-1.3290421	-81.23324	830000	-0.119415306	350.6283	-0.0024353266	-104.19037	7.014997	-0.00011086149	1248.0330255031586
166	-614.93176	38.817394	-551.29974	-668.0955	1000.0	-55.13685	6.751813	1.6365429	-89.97262	835000	-0.11358702	249.23277	-0.0009521842	-49.48233	6.9917607	6.3126565e-05	1255.8603653907776
167	-648.89215	45.562	-570.8173	-699.0365	1000.0	-55.522324	6.4934425	1.5028208	-91.54275	840000	-0.123552136	253.25565	-0.0014972016	-77.25963	6.9968576	0.00017188945	1263.622209072113
168	-570.255	49.262745	-500.77567	-615.26825	1000.0	-56.843536	8.8215885	-39.06569	-94.001785	845000	-0.15184487	279.6019	-0.0018487573	-98.12425	7.0179296	-8.948579e-05	1271.3260271549225
169	-558.9307	25.436451	-525.3755	-601.6932	1000.0	-51.036457	4.2824926	-9.577388	-84.99428	850000	-0.10175256	181.22783	-0.0010341257	-27.939621	6.9807487	3.6985398e-06	1279.0893874168396
170	-608.99915	30.665483	-567.8108	-653.91656	1000.0	-51.36687	5.082067	-14.4581585	-84.49808	855000	-0.14428242	224.04108	-0.0018393099	-36.01117	6.982269	0.0008088044	1287.5714824199677
171	-577.5453	58.53469	-523.11334	-650.1862	1000.0	-52.337425	5.5001826	-40.88097	-87.29947	860000	-0.17400691	239.15344	-0.0018042177	-39.94597	6.9901876	0.00012297787	1295.4725246429443
172	-598.3823	34.163834	-548.2021	-640.3853	1000.0	-52.658638	4.730471	-27.999783	-87.29263	865000	-0.18774603	205.20357	-0.0018444508	-33.710754	7.006503	0.0008449377	1303.8719115257263
173	-545.72	39.026894	-477.04562	-595.805	1000.0	-53.074123	5.656728	-20.81045	-90.60062	870000	-0.09865083	286.2792	-0.0017322823	-71.89816	6.932305	0.0003509609	1311.8330054283142
174	-526.86395	67.20522	-464.43997	-639.08704	1000.0	-49.346897	7.837036	8.4007015	-86.54562	875000	-0.11175736	277.7582	-0.0013892427	-60.255432	6.935225	0.00016985407	1319.6071028709412
175	-574.88165	41.72391	-521.6495	-642.0744	1000.0	-47.830105	5.4672117	-11.406171	-85.694885	880000	-0.15025711	246.90857	-0.0016829818	-62.271698	7.0069733	0.00021030755	1327.4150199890137
176	-546.282	58.48149	-449.64078	-625.66425	1000.0	-51.27052	4.8864183	-17.968948	-86.89565	885000	-0.17931221	224.92078	-0.0014715195	-35.75258	6.9434643	0.0004165103	1335.123120546341
177	-566.013	14.921882	-540.6911	-580.9186	1000.0	-49.561474	3.346483	-27.374073	-74.94776	890000	-0.14585671	249.18465	-0.0011574179	-51.5728	6.9853187	0.00044604787	1342.83402967453
178	-592.7327	62.330677	-495.30008	-666.57007	1000.0	-50.537712	4.2353578	-25.896639	-82.71525	895000	-0.16109666	236.8525	-0.001616329	-43.07051	7.005534	0.00020084853	1350.593512058258
179	-592.23694	32.96507	-560.12213	-645.71204	1000.0	-51.701595	5.3747253	-19.488548	-94.19466	900000	-0.17176303	160.40292	-0.0019655824	-23.4581	6.973409	0.0007364147	1358.3652245998383
180	-557.91437	27.89849	-510.90805	-592.41174	1000.0	-53.1675	5.947095	-15.4385605	-90.39289	905000	-0.14910169	259.99103	-0.0011224747	-56.130478	6.9383016	0.00054528314	1366.7482047080994
181	-567.02185	40.98601	-514.25397	-639.88184	1000.0	-50.74198	6.6380234	-26.832489	-87.43536	910000	-0.19512399	252.8023	-0.0016044825	-43.068054	6.9884124	0.00023343338	1374.4664084911346
182	-609.7334	57.694733	-535.13153	-681.05646	1000.0	-51.813694	5.7159495	-32.309532	-86.59951	915000	-0.15107387	277.8152	-0.0015037656	-78.21767	6.984786	6.115284e-05	1382.0467989444733
183	-624.3796	41.102318	-563.96497	-687.1312	1000.0	-54.39955	10.213883	-35.829018	-94.82873	920000	-0.17221627	205.28822	-0.0015835762	-36.58354	7.0012197	0.0001060112	1389.7481634616852
184	-610.1081	56.40618	-564.1156	-717.9653	1000.0	-55.351555	10.32817	-30.850178	-93.387	925000	-0.11053551	370.1391	-0.002085708	-121.0052	6.959863	-0.0001306706	1397.5241920948029
185	-559.1369	36.307785	-501.30463	-614.01447	1000.0	-52.091858	7.081818	-17.32059	-93.87259	930000	-0.12017361	227.3124	-0.0018983111	-55.611145	6.9438233	0.00045882564	1405.2826743125916
186	-553.0386	38.632057	-495.75308	-605.7658	1000.0	-50.40384	3.862255	-10.170101	-72.97986	935000	-0.12104939	205.50627	-0.0021127462	-41.570114	6.9323797	0.00018873662	1413.2346165180206
187	-579.3827	92.87817	-483.4927	-747.0995	1000.0	-51.37069	7.3996058	3.630217	-94.54415	940000	-0.04549559	370.0951	-0.0013415515	-106.68854	6.9795	-0.00019729661	1420.9511406421661
188	-559.11426	44.268616	-484.7926	-606.1317	1000.0	-50.174824	6.4786005	-20.749428	-94.4274	945000	-0.14589348	194.61794	-0.0018696785	-43.352158	6.9368505	0.000682017	1428.6117193698883
189	-588.92487	63.343147	-497.40494	-665.0108	1000.0	-51.26665	5.5860605	-19.665064	-91.001785	950000	-0.19955254	246.05444	-0.0021840185	-59.692474	6.977987	0.0004436191	1436.3685822486877
190	-558.5734	52.52069	-501.42773	-642.67596	1000.0	-51.697536	4.9388237	-29.506403	-91.34901	955000	-0.16702056	210.4484	-0.00093336403	-42.732315	6.959579	0.000119214485	1444.8344132900238
191	-586.98944	40.69729	-537.75385	-645.36615	1000.0	-52.603107	8.480346	-21.518833	-93.305824	960000	-0.16110773	254.0144	-0.0011171997	-48.16861	6.960196	0.00012858358	1452.7878501415253
192	-535.43677	24.38198	-493.29572	-565.06506	1000.0	-53.39792	6.3233495	-37.315514	-86.83948	965000	-0.101647675	211.42848	-0.0017812103	-58.922913	6.920889	0.00024265437	1460.7432222366333
193	-604.8617	41.45302	-560.3377	-670.66736	1000.0	-48.044968	5.23934	-21.774498	-89.58013	970000	-0.17049497	263.13947	-0.0013869554	-77.16002	6.961925	0.000305728	1468.4878299236298
194	-589.98254	40.059406	-529.5024	-636.1998	1000.0	-54.30214	6.734531	-31.042171	-90.53177	975000	-0.1784976	209.40297	-0.0016894042	-33.469162	6.937753	-0.00011558256	1476.2322762012482
195	-530.355	36.21936	-473.6132	-578.84186	1000.0	-52.35537	5.072628	-4.8926945	-89.69433	980000	-0.14054583	217.2167	-0.0017194003	-67.0728	6.9291296	-6.02417e-06	1484.0178003311157
196	-567.15216	47.0525	-518.58124	-647.77594	1000.0	-48.298744	3.8116462	-6.5102663	-76.80109	985000	-0.17451024	249.85995	-0.0017184913	-53.333054	6.876804	0.000548251	1491.593139410019
197	-574.7795	59.51482	-518.4446	-682.1508	1000.0	-50.474518	5.3864574	-35.930984	-88.06193	990000	-0.16797183	250.6395	-0.0018531233	-63.021973	6.9331284	0.0006900259	1499.383374929428
198	-558.84735	51.980312	-479.81067	-617.3871	1000.0	-51.64092	8.757342	-25.692978	-97.61926	995000	-0.10613777	339.68314	-0.001886338	-111.510284	6.9322414	0.00033058284	1507.0992999076843
199	-487.8106	35.518433	-441.45193	-538.6808	1000.0	-48.015995	4.7757597	-14.242395	-82.29228	1000000	-0.12315498	227.71175	-0.0016472638	-61.15605	6.890533	-5.6064127e-06	1514.8823471069336
200	-553.98206	63.83335	-495.67108	-674.23883	1000.0	-44.968437	4.653046	-9.300737	-74.03577	1005000	-0.15363012	244.8813	-0.0016427934	-63.7157	6.9529033	0.0001604165	1523.252558708191
201	-585.124	87.26405	-500.42267	-732.9358	1000.0	-50.023758	5.0681953	-16.808346	-91.5807	1010000	-0.16819996	414.22055	-0.0015355647	-138.50894	6.938333	0.00034419866	1531.163117647171
202	-532.8697	47.732624	-475.8695	-590.7881	1000.0	-52.336567	8.341686	-27.31763	-98.17582	1015000	-0.12610443	202.95871	-0.0015856624	-54.175003	6.891367	2.3064613e-05	1539.0490114688873
203	-575.78107	14.9305315	-560.4611	-595.7793	1000.0	-48.940502	7.524051	-22.301798	-95.35304	1020000	-0.18263851	198.0158	-0.0011961013	-48.749664	6.940318	0.00010497928	1546.5476036071777
204	-540.0084	14.299104	-522.6851	-566.13885	1000.0	-50.74885	6.487497	-27.545658	-88.82573	1025000	-0.13152383	207.51366	-0.0015398264	-44.208054	6.863979	0.00067907094	1554.3562154769897
205	-582.88495	47.48821	-526.2041	-642.3863	1000.0	-48.46124	4.216867	-26.32678	-85.05188	1030000	-0.15661336	203.51555	-0.0018776804	-52.26477	6.9077063	5.9166385e-05	1562.2367792129517
206	-560.2987	48.39092	-474.1174	-606.3905	1000.0	-51.901924	7.8283486	-41.788643	-89.81497	1035000	-0.14179295	180.45654	-0.0014357716	-35.213593	6.940886	0.00020167136	1570.116980791092
207	-515.29236	30.793913	-469.7108	-552.72064	1000.0	-49.85518	5.191369	-27.211624	-87.24412	1040000	-0.16236544	219.245	-0.0014243573	-49.975647	6.905628	5.0182487e-05	1577.9307789802551
208	-536.8218	85.22338	-391.62485	-640.23694	1000.0	-47.77844	3.6187973	-28.90404	-72.61655	1045000	-0.15479793	318.3347	-0.0014573336	-98.453384	6.9242764	0.00022807097	1585.6144354343414
209	-553.2675	52.03162	-497.69815	-631.2559	1000.0	-47.468033	5.662871	-8.777727	-87.37281	1050000	-0.19011827	303.54745	-0.0011032224	-76.310135	6.9053125	-0.00017222085	1593.3858468532562
210	-562.3097	59.97276	-462.05505	-624.3603	1000.0	-48.84548	6.1046977	-2.5380101	-84.39355	1055000	-0.1850218	275.88074	-0.002088055	-71.665634	6.892168	0.00020712185	1601.9326066970825
211	-538.94165	51.072765	-475.14325	-607.1204	1000.0	-50.17425	6.8658385	-34.506104	-86.923294	1060000	-0.12341902	204.62082	-0.0016102046	-47.422882	6.8953857	0.0003410807	1610.2083315849304
212	-517.6863	10.062324	-502.3648	-530.55884	1000.0	-48.62323	3.6360648	-28.973564	-75.824036	1065000	-0.13319068	159.30208	-0.0019101351	-18.387512	6.8637733	-8.755136e-05	1618.4166235923767
213	-537.964	70.67501	-448.34933	-642.90875	1000.0	-47.294453	4.4029093	-19.750067	-75.32688	1070000	-0.19836819	286.98914	-0.0021831095	-55.306335	6.930489	0.0002647994	1626.4018597602844
214	-497.40082	29.462221	-471.49313	-553.3233	1000.0	-48.15085	4.8308125	-1.2847551	-81.21058	1075000	-0.14261624	181.21242	-0.0008517504	-38.65712	6.8188267	2.072525e-06	1634.3659899234772
215	-565.65594	126.82555	-348.04147	-701.4855	1000.0	-45.252937	5.1389194	-14.861815	-79.04591	1080000	-0.12209547	456.474	-0.0015036464	-163.12741	6.8857093	0.000510794	1642.2228789329529
216	-548.4097	19.91363	-528.8469	-583.5344	1000.0	-47.317196	7.1409664	8.101572	-89.1058	1085000	-0.16737881	226.01994	-0.001928255	-50.048874	6.87267	0.00026026965	1650.1271505355835
217	-534.5939	21.461859	-514.3209	-573.8001	1000.0	-49.050346	6.126659	-12.996831	-79.68278	1090000	-0.15969078	170.31618	-0.0019179285	-47.15483	6.8991647	0.00040813923	1657.8307926654816
218	-517.755	40.685146	-468.8317	-582.13226	1000.0	-48.5483	7.2940545	-10.968043	-86.99807	1095000	-0.1979639	256.389	-0.0015131682	-76.15143	6.9043064	0.00011137023	1665.565422296524
219	-505.50342	36.449413	-454.9421	-553.2837	1000.0	-45.78883	3.772997	-20.758781	-69.74052	1100000	-0.1628753	144.85083	-0.0020522177	-25.017128	6.8434377	-0.00013484363	1673.3548369407654
220	-515.0394	26.231558	-485.99707	-561.03357	1000.0	-45.67962	3.7974505	-15.971129	-71.12029	1105000	-0.21628562	234.38284	-0.0017332733	-56.231293	6.811515	0.00044201975	1682.0129947662354
221	-546.5413	30.987267	-516.9371	-602.7024	1000.0	-46.935886	5.83318	12.063448	-82.24053	1110000	-0.12855156	241.6403	-0.0019813776	-67.8501	6.8637977	0.000676339	1689.7740712165833
222	-512.60944	24.952892	-473.28876	-541.2518	1000.0	-49.68431	6.784569	-12.464164	-87.69251	1115000	-0.13336466	220.63875	-0.0014735162	-54.36812	6.88385	0.00045580772	1697.7930767536163
223	-526.51855	25.291134	-493.5298	-566.49146	1000.0	-46.018753	4.2647405	-17.354939	-72.37874	1120000	-0.12327482	146.88326	-0.0015014261	-26.771454	6.8568225	-0.00022253522	1705.4827573299408
224	-521.43365	57.41044	-442.84552	-608.99725	1000.0	-46.93248	4.9937663	-24.455807	-77.57854	1125000	-0.15189177	229.0311	-0.0016988665	-59.616043	6.878637	-2.2829676e-05	1713.238177537918
225	-535.2523	20.38661	-510.24042	-559.94745	1000.0	-47.07378	3.3136213	-19.91021	-70.34124	1130000	-0.2124958	193.84596	-0.0021183342	-34.587204	6.869049	0.00035916423	1721.2855656147003
226	-514.9175	35.735077	-485.3713	-581.5459	1000.0	-47.57012	4.1100183	-20.781	-84.48824	1135000	-0.18021831	178.99112	-0.0012862086	-39.223495	6.9014626	0.00067090587	1729.0771915912628
227	-542.8778	52.367886	-460.97504	-626.0701	1000.0	-46.792637	6.3238015	-24.065353	-86.78257	1140000	-0.08305013	225.00185	-0.0020114556	-58.347763	6.8970437	-0.00013399363	1736.7733118534088
228	-510.25113	23.145376	-478.5428	-536.8093	1000.0	-51.226276	9.647054	-15.170055	-87.65745	1145000	-0.10183616	317.89542	-0.001323618	-117.560715	6.847097	0.00030965306	1744.475781917572
229	-532.0841	27.112207	-496.01608	-564.51886	1000.0	-44.707626	4.4170747	-18.253227	-76.78309	1150000	-0.18422824	208.1838	-0.0013137013	-36.539658	6.811728	8.53045e-05	1752.2635447978973
230	-475.28824	8.738147	-466.16583	-491.16293	1000.0	-46.27106	4.8238297	-22.461716	-74.25716	1155000	-0.09529154	145.2494	-0.0010374486	-42.187294	6.799045	-2.2137165e-05	1760.805988073349
231	-556.7745	40.594643	-507.15503	-620.13446	1000.0	-43.200092	4.2268844	-10.2353	-70.30365	1160000	-0.19664386	246.94035	-0.0012825131	-69.92749	6.851367	0.0003528943	1768.5884890556335
232	-483.09653	13.491201	-458.2798	-495.38834	1000.0	-47.723995	4.6262336	-28.881762	-78.50445	1165000	-0.18388389	151.78886	-0.0014215261	-28.567688	6.8160014	0.00050280045	1776.2779364585876
233	-534.3812	77.50548	-470.926	-685.68616	1000.0	-45.209763	4.9311934	-15.568369	-80.14831	1170000	-0.19991036	265.0649	-0.0015541464	-90.68964	6.8291955	0.00036621475	1783.9840142726898
234	-551.5395	60.327724	-489.71985	-664.7234	1000.0	-49.17495	7.5989947	-32.37601	-90.3447	1175000	-0.13685574	171.33107	-0.0015091896	-41.164703	6.831233	0.00018225193	1791.613878250122
235	-484.3921	34.81702	-436.75974	-523.02637	1000.0	-46.3335	6.9242864	-32.025845	-82.2164	1180000	-0.13493203	143.62767	-0.001490131	-35.882492	6.800983	-0.00048820337	1799.144624710083
236	-447.75763	29.530115	-398.47223	-487.05112	1000.0	-43.965168	6.7141943	-21.607903	-83.12891	1185000	-0.14940435	294.13412	-0.0015491247	-129.64328	6.796592	0.00035968362	1806.8392968177795
237	-513.35443	53.923344	-446.44104	-607.83215	1000.0	-40.679974	4.102723	-5.406364	-57.10348	1190000	-0.11241289	240.84935	-0.001611501	-74.22298	6.860879	-0.00016295342	1814.621913909912
238	-560.95776	63.544445	-450.08258	-641.8029	1000.0	-45.672005	4.554243	-13.312709	-77.82902	1195000	-0.14474832	298.11276	-0.0016549528	-117.81793	6.8357625	0.000428684	1822.4851479530334
239	-524.81274	68.571556	-433.67062	-634.82733	1000.0	-49.139095	9.796512	-21.123928	-91.58689	1200000	-0.10223861	181.96356	-0.0012636632	-42.511368	6.8566103	-3.9813232e-05	1830.2710087299347
240	-526.10986	27.52167	-477.6365	-553.68646	1000.0	-45.72944	6.3274527	-29.622087	-83.53064	1205000	-0.18517318	164.0056	-0.0013784766	-26.643784	6.8269453	0.00018689956	1838.7375164031982
241	-539.1041	19.4672	-519.8313	-567.5951	1000.0	-47.40956	6.9805126	-26.056906	-87.55383	1210000	-0.18726529	182.30287	-0.0011780858	-33.025146	6.861087	0.0002929873	1846.5172653198242
242	-466.64227	37.678337	-399.42844	-510.10876	1000.0	-45.679092	6.564169	-18.311247	-86.58209	1215000	-0.12863028	204.76474	-0.0014927387	-73.62346	6.7917314	3.3210945e-05	1854.4166586399078
243	-523.6667	57.594063	-450.20078	-608.62134	1000.0	-41.71336	3.9766057	-6.3583617	-80.67365	1220000	-0.18754221	220.34015	-0.0016375333	-65.2603	6.8627234	7.6117517e-06	1862.1673729419708
244	-469.47324	37.309643	-403.48285	-504.64777	1000.0	-47.322857	4.886217	-16.859549	-83.222885	1225000	-0.15649095	176.43187	-0.001832366	-48.577484	6.838665	0.00021434823	1869.9011373519897
245	-415.8116	180.827	-55.420452	-530.50555	830.8	-43.625477	4.2569747	-11.736722	-80.53488	1230000	-0.13832805	182.63733	-0.0018837154	-38.90085	6.802097	0.00037248278	1877.8442633152008
246	-513.2473	14.1305275	-492.43372	-527.752	1000.0	-45.3286	3.6473303	-22.336483	-80.63761	1235000	-0.20653677	158.83073	-0.0016797632	-17.00206	6.8549094	0.00015814461	1885.6130437850952
247	-498.91772	22.54981	-461.49432	-523.68677	1000.0	-46.16098	3.201747	-14.809017	-77.08923	1240000	-0.22605774	180.8783	-0.0014912784	-19.209778	6.8081765	0.0004507841	1893.3891744613647
248	-474.93076	43.42977	-420.05417	-526.7992	1000.0	-45.690937	5.316051	-18.39355	-80.6452	1245000	-0.16750535	228.77255	-0.0017647892	-45.551605	6.817669	0.00014242507	1901.0986635684967
249	-447.9035	32.213207	-401.3398	-484.47617	1000.0	-43.659355	3.2968457	-16.842115	-65.96792	1250000	-0.12196885	153.0281	-0.001247175	-27.057129	6.780988	0.0003351914	1909.6366217136383
