Epoch	AverageEpRet	StdEpRet	MaxEpRet	MinEpRet	EpLen	AverageVVals	StdVVals	MaxVVals	MinVVals	TotalEnvInteracts	LossPi	LossV	DeltaLossPi	DeltaLossV	Entropy	KL	Time
0	4483.5415	88.18322	4626.6753	4399.4116	1000.0	-0.074653275	0.72369766	2.863515	-2.2683206	5000	0.05433697	172326.25	-0.0952228	-11585.3125	16.502287	0.8674636	20.027361154556274
1	4500.4	69.32495	4632.72	4444.4956	1000.0	14.150048	1.7047284	14.735808	-10.56631	10000	0.04530964	161879.66	-0.052834477	-5392.2344	16.496979	0.8642939	30.462261199951172
2	4470.936	69.83562	4548.52	4340.126	1000.0	21.015915	1.0921171	21.135517	-18.511497	15000	0.011277423	155610.19	-0.035374828	-4452.7344	16.410366	0.82446086	41.20550513267517
3	4497.4795	47.13849	4571.444	4441.7017	1000.0	26.784037	1.0372379	26.868023	-4.133859	20000	-0.036134493	152155.48	-0.029603388	-4206.9062	16.485373	0.86092585	52.31320095062256
4	4517.1396	35.904335	4549.713	4450.1636	1000.0	32.328377	0.4575687	32.365337	17.557093	25000	0.04983081	148613.45	-0.02733944	-4002.4375	16.394478	0.7967227	62.986018896102905
5	4502.7236	52.253204	4600.096	4455.929	1000.0	37.662018	0.96694845	37.719913	-3.5790527	30000	-0.028842157	143848.27	-0.022669734	-3877.7344	16.551313	0.9010046	73.77788519859314
6	4535.2534	77.04357	4675.1777	4446.2085	1000.0	42.822605	2.3223155	42.96703	-35.543617	35000	-0.083696805	142600.92	-0.017723449	-3853.3125	16.451487	0.82631385	84.45741677284241
7	4492.907	32.40039	4554.3965	4465.8677	1000.0	48.107655	1.6280859	48.168663	-41.013638	40000	0.03339601	136532.7	-0.019227993	-3678.9844	16.33146	0.76532394	95.3287501335144
8	4509.1123	45.958412	4556.8354	4425.1997	1000.0	53.16841	2.424604	53.285454	-30.063745	45000	0.021963215	132850.61	-0.021438556	-3620.2578	16.480112	0.79729426	106.28427863121033
9	4505.3877	30.30421	4552.611	4459.1577	1000.0	58.310493	0.5666422	58.33416	36.542564	50000	-0.08916001	129578.04	-0.01821135	-3500.3672	16.483522	0.81052566	117.1331148147583
10	4504.8804	29.95785	4553.3276	4473.4775	1000.0	63.343674	0.43810192	63.35694	35.571907	55000	-0.026725646	125656.375	-0.016773708	-3393.5625	16.463005	0.84965956	129.17032384872437
11	4499.5913	52.830032	4588.0513	4433.6636	1000.0	68.2617	2.1292934	68.32559	-46.007496	60000	-0.07317612	122446.92	-0.017699428	-3355.289	16.484043	0.8140254	140.24875044822693
12	4473.997	62.857162	4554.7734	4374.271	1000.0	73.22172	0.79256314	73.25581	33.70927	65000	0.10639365	117488.305	-0.015607014	-3221.0938	16.428497	0.7921098	151.3811149597168
13	4508.298	59.293205	4625.1206	4466.782	1000.0	78.1093	0.37414038	78.121925	53.50388	70000	-0.0036108277	116236.16	-0.012983526	-3180.2578	16.422848	0.8897453	162.79859733581543
14	4536.3555	19.164616	4569.7363	4510.0703	1000.0	82.96005	1.0808887	82.981125	7.445295	75000	0.023328235	115002.32	-0.014212684	-3185.1328	16.375612	0.7840962	173.90385723114014
15	4530.29	29.406088	4584.253	4504.59	1000.0	87.83879	0.43072775	87.85619	71.118484	80000	0.008395996	111941.77	-0.014146442	-3096.8984	16.377453	0.75841165	184.94370245933533
16	4479.9	8.12588	4489.9497	4471.19	1000.0	92.53027	4.281575	92.6872	-84.039474	85000	0.012218115	105159.77	-0.011984591	-3020.5	16.422756	0.8069347	196.2292914390564
17	4483.5635	25.434887	4521.1553	4454.7124	1000.0	97.355034	2.1866674	97.43145	-0.16214049	90000	-0.07499963	102013.35	-0.016291134	-2913.1172	16.424822	0.78662497	207.52463388442993
18	4499.1963	66.393135	4583.125	4388.2637	1000.0	102.05114	2.5183833	102.125084	-57.401157	95000	-0.010835224	100496.44	-0.012820709	-2886.1875	16.2827	0.70350146	218.79789233207703
19	4461.8296	14.292964	4485.1733	4446.546	1000.0	106.76525	1.7610186	106.82275	5.805097	100000	0.010363959	95235.516	-0.010543412	-2751.4375	16.394405	0.8049324	229.96230220794678
20	4500.7695	38.531193	4550.037	4431.352	1000.0	111.43188	0.30226597	111.44681	100.43741	105000	0.057452284	94961.54	-0.0133991055	-2730.7031	16.461525	0.82720107	241.78920674324036
21	4492.4985	50.736458	4567.6963	4419.804	1000.0	116.04727	1.1352036	116.09113	69.06166	110000	0.030600114	92873.695	-0.01432856	-2692.4062	16.365189	0.7915582	253.17821049690247
22	4535.5117	10.494563	4545.801	4521.8076	1000.0	120.60669	3.4847798	120.716194	-56.87507	115000	0.060295172	92345.87	-0.012653898	-2758.1328	16.458288	0.82969004	264.55449414253235
23	4504.884	25.514212	4539.1533	4475.2856	1000.0	125.273285	2.7796404	125.37439	7.068716	120000	0.005995685	87202.85	-0.0121119935	-2639.8125	16.402962	0.773998	275.80131578445435
24	4452.9717	39.71039	4496.2173	4399.7974	1000.0	129.93283	1.3674217	129.9633	39.179703	125000	-0.07054675	81216.484	-0.014616102	-2422.0234	16.516096	0.883855	286.9636220932007
25	4497.939	72.930046	4626.8228	4414.5347	1000.0	134.42355	0.354787	134.439	116.19237	130000	-0.1060753	82599.27	-0.015952326	-2445.625	16.4249	0.7710104	297.9608955383301
26	4484.5728	44.970516	4545.884	4412.5073	1000.0	138.92227	1.3866725	138.95236	47.591293	135000	-0.06562786	78596.23	-0.013244957	-2368.2578	16.393913	0.8147957	309.1442265510559
27	4520.2344	63.52141	4608.371	4433.969	1000.0	143.2511	5.3868837	143.42561	-138.61652	140000	-0.072275124	78646.63	-0.015643403	-2487.2188	16.384216	0.76331145	320.643447637558
28	4496.0967	19.78221	4526.55	4474.147	1000.0	147.85927	2.2630854	147.92787	15.0002	145000	0.03368831	74404.25	-0.012227491	-2294.5469	16.509016	0.84946775	332.43910360336304
29	4517.165	56.737595	4584.38	4429.9707	1000.0	152.27545	3.5628295	152.35857	-40.078102	150000	0.042595513	73055.79	-0.011435201	-2292.1172	16.540878	0.82552356	344.1256847381592
30	4434.993	38.21399	4484.9805	4384.4507	1000.0	156.72092	2.122041	156.79713	69.15983	155000	-0.06624741	66698.46	-0.014300764	-2128.4375	16.466152	0.87730265	356.5086758136749
31	4526.909	60.818913	4631.208	4441.013	1000.0	160.85487	6.0881186	161.10822	-73.033615	160000	0.01361651	69755.29	-0.015401492	-2339.0469	16.53306	0.85468084	367.88181018829346
32	4507.6514	34.830166	4560.6577	4468.619	1000.0	165.45445	2.3844962	165.51672	15.130186	165000	-0.15820476	66253.17	-0.01711227	-2142.9336	16.406195	0.76292276	378.96140575408936
33	4528.581	78.49885	4681.272	4457.7	1000.0	169.84712	2.2269359	169.90025	22.989481	170000	0.019452857	65433.547	-0.010975483	-2113.789	16.343262	0.78004533	390.23988008499146
34	4466.7466	58.59432	4561.951	4383.514	1000.0	174.26494	0.47275773	174.2825	147.4131	175000	-0.055149022	59489.0	-0.010844376	-1932.3594	16.494085	0.8772496	401.6392388343811
35	4502.763	72.359825	4623.973	4429.569	1000.0	178.51913	0.52361214	178.53598	145.48274	180000	0.055845007	60500.79	-0.012332171	-1964.418	16.470259	0.854208	413.1635584831238
36	4539.1816	39.85012	4601.508	4478.7476	1000.0	182.80353	0.93607086	182.84064	146.69298	185000	-0.11566464	59497.434	-0.016670533	-1961.3047	16.39375	0.7922647	424.1956136226654
37	4507.736	65.88718	4579.0674	4416.5884	1000.0	187.02464	5.6464257	187.16618	-122.61774	190000	-0.037188627	56756.14	-0.016894564	-1953.3359	16.496271	0.89501506	435.5700914859772
38	4488.089	68.54403	4576.915	4414.2437	1000.0	191.41803	0.6304972	191.43634	157.60965	195000	-0.08414642	53854.4	-0.012426496	-1806.0547	16.444384	0.7916816	446.6498990058899
39	4510.664	45.639698	4592.418	4452.2153	1000.0	195.61816	1.033416	195.6526	139.74144	200000	-0.0126574375	52328.15	-0.011723513	-1786.0039	16.480152	0.88836074	457.85840129852295
40	4514.5044	56.93526	4601.5825	4446.0337	1000.0	199.85455	0.52779144	199.86745	163.81963	205000	0.0557716	51422.33	-0.010442425	-1754.8398	16.484272	0.89029706	469.7673544883728
41	4511.3174	38.454224	4555.976	4455.597	1000.0	204.04715	2.2814043	204.08775	43.67289	210000	-0.04793438	48930.875	-0.009048305	-1706.6523	16.513248	0.84715056	480.9961609840393
42	4487.7876	82.75819	4598.0854	4391.0283	1000.0	208.25156	0.39561617	208.26254	185.04442	215000	-0.043672107	46912.06	-0.011849806	-1615.4062	16.44704	0.8618878	492.26108622550964
43	4499.8794	44.477695	4559.615	4442.693	1000.0	212.3271	1.483025	212.37376	123.41996	220000	-0.058430925	45163.457	-0.011106722	-1586.293	16.452059	0.8482463	503.6985077857971
44	4489.4595	53.307705	4557.8843	4407.511	1000.0	216.34277	6.2331467	216.46036	-207.19397	225000	0.045495957	43441.03	-0.011227243	-1570.3516	16.472334	0.8657201	514.7810235023499
45	4514.62	66.80569	4595.21	4434.764	1000.0	220.46124	2.4399955	220.51964	87.82866	230000	0.11935589	43029.547	-0.011789113	-1541.5195	16.561855	0.861884	526.185576915741
46	4522.97	49.586628	4593.685	4450.5986	1000.0	224.60095	0.39371586	224.61568	204.40283	235000	0.07792116	41891.938	-0.010541923	-1488.1797	16.488155	0.8888034	537.5424692630768
47	4554.2837	51.9165	4646.9204	4506.8916	1000.0	228.6755	0.49884477	228.68846	200.73418	240000	0.054417603	41521.09	-0.010070659	-1483.3086	16.499685	0.82488066	548.7806086540222
48	4476.486	63.011356	4518.569	4351.2363	1000.0	232.77687	0.3432463	232.78311	208.69366	245000	0.11859634	37129.742	-0.012484916	-1348.9023	16.497044	0.89831346	560.2175877094269
49	4476.764	56.378918	4555.077	4403.6475	1000.0	236.61932	6.5177245	236.73596	-219.65318	250000	-0.005772992	35964.49	-0.012419083	-1361.4219	16.369854	0.7638059	571.3930895328522
50	4492.75	55.37068	4561.281	4406.921	1000.0	240.6079	0.12096074	240.61282	235.20686	255000	-0.04887896	35565.062	-0.012729388	-1296.4688	16.553667	0.90185916	583.2121393680573
51	4531.5103	76.838715	4679.1816	4467.854	1000.0	244.49983	1.2374641	244.54544	184.97844	260000	-0.00056157226	35123.17	-0.010905163	-1312.0508	16.437754	0.82200754	594.6053240299225
52	4483.6904	48.860466	4551.545	4421.741	1000.0	248.52182	0.012515932	248.52235	247.78253	265000	0.008749924	32294.422	-0.01242391	-1200.7773	16.608938	0.9385515	605.8604700565338
53	4462.288	97.52002	4583.6206	4362.197	1000.0	252.2736	3.8425872	252.38802	84.80549	270000	-0.044988606	30708.506	-0.012888316	-1177.4922	16.41055	0.8545965	616.9900834560394
54	4502.235	109.862465	4710.9126	4404.057	1000.0	255.96867	5.845135	256.1687	14.639111	275000	-0.06250495	30729.28	-0.012694448	-1243.9297	16.520102	0.90604335	628.2263510227203
55	4496.5615	61.0015	4614.0127	4448.275	1000.0	259.99026	0.32801858	259.99866	238.7568	280000	0.07359287	29428.506	-0.015634302	-1103.0117	16.502493	0.9229536	639.6471562385559
56	4520.2314	100.56232	4683.1626	4416.511	1000.0	263.7151	3.2555857	263.80035	91.351265	285000	-0.00998916	28944.893	-0.012155331	-1133.1836	16.50565	0.85098845	650.9702470302582
57	4465.208	50.91173	4530.718	4377.561	1000.0	267.58975	0.9126521	267.61533	221.90416	290000	0.047370527	26638.969	-0.011143144	-998.0625	16.496023	0.8331657	662.5462260246277
58	4448.0835	18.08849	4468.52	4414.141	1000.0	271.22983	4.3578806	271.29974	-36.452194	295000	0.0018585144	24449.879	-0.010503436	-1003.7969	16.528862	0.88471866	674.3194546699524
59	4484.7217	44.093952	4552.476	4436.3423	1000.0	274.75037	5.300781	274.90405	35.53963	300000	-0.12183523	24993.45	-0.011422992	-1010.3965	16.450994	0.8555706	685.4908783435822
60	4459.375	14.243275	4482.703	4439.7637	1000.0	278.53113	0.3739352	278.5451	262.87195	305000	0.06890113	23242.314	-0.014127031	-895.8496	16.5791	0.9486577	697.6184372901917
61	4477.391	34.466743	4530.499	4433.4404	1000.0	282.1354	0.22771433	282.14316	267.4481	310000	-0.08606787	22831.27	-0.01635614	-876.82227	16.468338	0.7980829	708.7047562599182
62	4502.448	48.93049	4561.376	4435.4995	1000.0	285.5876	3.8328533	285.7252	46.329178	315000	-0.005078363	22290.117	-0.011124969	-908.44727	16.530212	0.8999244	720.2238128185272
63	4445.341	38.673767	4505.1934	4402.118	1000.0	289.2302	4.2874827	289.32596	-6.6446123	320000	-0.035812687	20578.973	-0.010551035	-821.3672	16.420912	0.8121517	731.5604259967804
64	4519.2266	44.70504	4587.4463	4448.3164	1000.0	292.79794	0.25504693	292.8075	279.4778	325000	0.030539129	21174.305	-0.014000824	-824.2207	16.442997	0.77609944	742.7279360294342
65	4489.206	107.64231	4681.6616	4386.3325	1000.0	296.33768	3.1967392	296.4052	83.80704	330000	0.06814043	20287.934	-0.0151079185	-779.77344	16.574072	0.92276007	754.0879595279694
66	4489.927	55.5418	4553.181	4406.9844	1000.0	299.86014	0.71737635	299.8886	273.73138	335000	-0.0075267637	19019.248	-0.012948041	-740.5254	16.475603	0.91316885	765.5474469661713
67	4467.456	35.731922	4529.9995	4436.3	1000.0	303.3491	0.11208568	303.35254	297.46906	340000	-0.0430731	17310.908	-0.009238888	-674.9512	16.480875	0.86294913	776.8343000411987
68	4472.87	72.81491	4538.625	4350.6885	1000.0	306.65067	1.6686007	306.694	204.4313	345000	0.03220075	17446.355	-0.014596045	-656.0801	16.540737	0.87082434	788.158472776413
69	4476.63	58.410343	4518.6353	4361.202	1000.0	309.8615	5.8721347	310.02267	-5.4869957	350000	-0.062290553	16410.896	-0.016764287	-698.6113	16.51613	0.92300135	799.5765199661255
70	4549.079	58.18263	4648.7812	4478.8286	1000.0	313.2493	2.7679946	313.33353	170.25247	355000	0.077029176	17362.51	-0.014371745	-742.66406	16.557161	0.8687705	811.7782340049744
71	4551.224	66.9683	4650.48	4462.7603	1000.0	316.6958	3.079455	316.80728	131.86868	360000	-0.082299925	16941.203	-0.0135381	-748.9072	16.528662	0.8178864	822.959855556488
72	4500.274	98.36442	4660.6914	4376.6577	1000.0	319.9699	5.3679543	320.26813	85.52159	365000	-0.014560064	15591.52	-0.01297505	-653.9863	16.39929	0.7942176	834.3112332820892
73	4548.6772	104.542175	4728.6284	4434.727	1000.0	323.35526	3.3300798	323.50476	187.31097	370000	0.02389807	15675.223	-0.0143690305	-601.4785	16.531322	0.87110704	845.6906077861786
74	4507.238	32.35727	4553.6157	4456.518	1000.0	326.72476	2.4877212	326.79755	172.10796	375000	-0.050732218	14167.507	-0.011982173	-536.78516	16.5327	0.89397675	856.7412822246552
75	4487.639	78.132904	4633.3657	4430.295	1000.0	329.9194	1.8857723	329.98956	236.14157	380000	-0.035507996	13908.82	-0.013628665	-486.7207	16.501143	0.893572	867.5657694339752
76	4525.9883	25.42964	4572.06	4497.863	1000.0	332.91516	6.368052	333.07468	-1.2351122	385000	0.06912418	13369.962	-0.01273194	-541.834	16.444838	0.8696619	879.0941941738129
77	4468.7236	71.89589	4586.782	4364.518	1000.0	336.21765	1.2232805	336.24112	250.52943	390000	-0.054609094	12471.619	-0.016951289	-409.4004	16.496271	0.90664816	890.3163051605225
78	4489.093	48.713852	4577.0615	4443.0796	1000.0	339.1361	0.8620868	339.15875	281.37878	395000	0.047287587	12244.519	-0.010313284	-373.42188	16.475927	0.83788866	901.9141290187836
79	4469.7656	22.044271	4489.6167	4427.347	1000.0	342.00983	0.44366995	342.02313	314.24216	400000	0.029056782	11146.188	-0.011801273	-335.08105	16.591965	0.93837404	913.3333768844604
80	4575.032	88.81559	4704.0376	4464.6006	1000.0	344.7528	2.213654	344.79132	188.98154	405000	-0.10036003	12864.74	-0.015708841	-414.0791	16.584435	0.9768441	925.4251306056976
81	4538.8965	124.687386	4779.79	4436.1675	1000.0	347.7757	2.1797054	347.83582	216.75124	410000	0.05808125	11933.554	-0.014285706	-373.73535	16.58933	0.99296874	936.8584773540497
82	4486.8804	47.46069	4558.222	4425.623	1000.0	350.7694	0.72017497	350.78616	314.5025	415000	-0.037773676	10543.416	-0.013735075	-312.00684	16.480606	0.95796233	948.1982321739197
83	4486.8184	84.75708	4636.193	4413.721	1000.0	353.38828	2.338566	353.5077	230.17686	420000	0.0030202118	10016.369	-0.011432322	-673.8828	16.46793	0.880899	959.6228666305542
84	4503.6826	62.179516	4586.8066	4393.4907	1000.0	353.8917	11.760678	356.11453	-328.6746	425000	0.0542297	10575.01	-0.014083631	-1736.9893	16.526846	0.90439963	971.0476815700531
85	4492.78	58.603497	4583.9365	4409.1133	1000.0	350.83032	19.727663	358.88025	121.44892	430000	-0.084844165	10892.189	-0.0150932	-2055.1797	16.460611	0.939396	982.6799819469452
86	4523.017	19.5949	4550.327	4491.614	1000.0	353.91644	21.47664	361.5708	156.33473	435000	-0.04827743	10444.593	-0.0129181035	-2043.3721	16.51912	0.8594339	993.6825621128082
87	4469.8296	20.516655	4495.0264	4446.093	1000.0	360.9544	13.515796	364.39255	158.20895	440000	0.050230674	9445.728	-0.010014348	-1460.502	16.452343	0.8064284	1004.874921798706
88	4450.552	35.20576	4495.8545	4411.4546	1000.0	359.07224	22.792894	366.95172	-160.36203	445000	-0.028720856	9644.201	-0.014129125	-2375.9897	16.431955	0.8171353	1016.1321485042572
89	4533.2793	81.356636	4683.4414	4447.7334	1000.0	360.89755	23.15615	369.45547	116.63171	450000	0.0049905153	10908.548	-0.017091867	-2053.4883	16.47388	0.8467846	1027.514850139618
90	4495.513	62.9109	4583.375	4435.124	1000.0	367.1049	16.997766	372.0159	225.02322	455000	-0.08307698	9290.309	-0.011503302	-1246.9644	16.40422	0.8519787	1039.759497642517
91	4469.0913	93.04335	4573.2285	4344.8384	1000.0	372.1337	10.828574	374.26743	245.27765	460000	0.036530342	8655.303	-0.0105795115	-1490.002	16.4789	0.92194337	1051.3267850875854
92	4517.2783	33.11871	4572.0835	4479.8833	1000.0	368.5924	22.431707	376.4269	205.89865	465000	-0.019665606	9519.643	-0.0123751275	-1894.69	16.512821	0.88888615	1062.645795583725
93	4529.965	45.33513	4583.555	4455.725	1000.0	373.2126	19.001469	378.7625	251.81148	470000	-0.112332776	8520.366	-0.011713803	-1575.7168	16.605957	0.9902492	1073.7930309772491
94	4486.348	36.188454	4537.958	4424.657	1000.0	376.1693	19.138487	381.17984	90.35685	475000	0.042150836	8152.3047	-0.010203481	-1630.8208	16.395279	0.83133143	1085.2749898433685
95	4462.395	36.49367	4527.1514	4422.7354	1000.0	369.6878	32.638268	383.34128	217.70863	480000	0.065385796	8973.165	-0.010944366	-2357.1113	16.540129	0.87686974	1096.5081493854523
96	4493.5283	101.0936	4674.223	4376.545	1000.0	380.2703	19.487944	385.2573	212.07059	485000	-0.07251201	8800.5625	-0.016373865	-1637.044	16.523499	0.90393007	1107.6803576946259
97	4480.2007	54.779552	4559.642	4401.4136	1000.0	377.12448	23.56406	386.99857	202.58789	490000	-0.034424964	8113.336	-0.012084361	-1775.2568	16.44976	0.87150466	1118.9122145175934
98	4549.167	45.772694	4613.57	4504.0547	1000.0	375.99225	29.936832	388.86838	208.7057	495000	-0.032881822	9130.659	-0.01413139	-2656.643	16.491915	0.87895525	1130.1277389526367
99	4444.898	40.731964	4517.074	4407.706	1000.0	386.44406	18.882042	391.1665	-129.02026	500000	0.037578143	8221.115	-0.012261413	-1933.9609	16.602991	0.9476711	1141.160667181015
100	4505.7847	23.733406	4537.273	4479.447	1000.0	376.03726	32.07824	392.74127	96.54051	505000	0.060409546	9250.197	-0.012886707	-2877.7046	16.526676	0.8915488	1153.225967168808
101	4485.5522	52.942226	4540.32	4402.544	1000.0	385.6563	24.953789	394.54407	-318.10425	510000	0.07606564	8264.228	-0.011735581	-1814.0757	16.483852	0.8952953	1164.4145185947418
102	4465.2246	50.56824	4541.843	4388.137	1000.0	388.0211	22.365335	396.13116	24.30059	515000	-0.089600466	7612.555	-0.011784896	-1861.3096	16.494926	0.8450824	1175.5453333854675
103	4592.0146	96.338974	4740.219	4489.022	1000.0	379.23724	36.14171	397.48676	19.136395	520000	-0.07419999	11351.77	-0.01316452	-3606.0278	16.52143	0.9182195	1186.8540682792664
104	4562.4326	74.5372	4666.1733	4443.769	1000.0	390.6835	23.381996	399.47122	177.60368	525000	-0.06536224	8901.862	-0.01455006	-2100.0093	16.533472	0.9732883	1198.3636252880096
105	4478.3896	52.378742	4541.0244	4398.1455	1000.0	392.4018	23.794922	401.31708	253.31294	530000	0.052895434	7880.448	-0.011148315	-1772.6685	16.539793	0.8522844	1209.6886944770813
106	4486.6035	51.146908	4576.146	4435.935	1000.0	390.4551	26.550888	402.40656	132.7633	535000	0.049555115	7701.835	-0.013305634	-2673.6323	16.5501	0.9081055	1221.0285983085632
107	4539.9595	80.64553	4682.7793	4436.2715	1000.0	380.96347	38.216652	403.87762	132.75319	540000	0.055198804	9153.308	-0.013672661	-3459.4067	16.404293	0.8676963	1232.1576435565948
108	4511.58	60.353188	4620.1436	4453.6167	1000.0	394.15942	28.363443	405.8314	-35.938107	545000	0.038968552	8452.97	-0.013473894	-2743.5928	16.567816	0.95396876	1243.4179255962372
109	4507.461	72.40169	4618.2812	4390.6426	1000.0	392.2076	31.36433	407.26657	110.89028	550000	-0.10910398	8553.117	-0.0124292	-2411.7588	16.500862	0.9639385	1254.860072851181
110	4478.3345	26.327528	4499.9697	4426.7827	1000.0	391.53033	32.91096	408.36023	76.76287	555000	0.042497132	7886.928	-0.01381091	-2764.1152	16.557003	0.90482694	1266.9886586666107
111	4545.032	100.12263	4709.7617	4426.5337	1000.0	390.72858	35.554935	409.54846	119.28621	560000	0.055037986	9885.087	-0.011649206	-3191.2075	16.468744	0.857434	1278.3682386875153
112	4533.7993	95.61607	4669.93	4440.477	1000.0	392.9983	33.10111	410.57706	-176.36333	565000	-0.03148139	9684.661	-0.012331616	-2826.0938	16.51213	0.9355992	1290.4028768539429
113	4478.8203	60.345985	4589.1055	4426.0454	1000.0	393.9341	29.994946	411.34705	20.094015	570000	-0.062566556	8708.14	-0.01415877	-2370.5986	16.569942	0.9200791	1301.686285018921
114	4531.0874	73.64259	4630.9434	4417.3765	1000.0	394.09384	31.020657	411.98083	-211.07901	575000	0.08870125	9133.17	-0.013900489	-2586.9116	16.461897	0.8656532	1313.0483236312866
115	4444.4463	42.578182	4499.3374	4370.6733	1000.0	396.50742	29.10926	412.9207	162.89116	580000	-0.13566162	8145.508	-0.014697805	-3495.4287	16.540865	0.9597798	1324.2961149215698
116	4480.0757	25.707233	4511.0527	4435.8506	1000.0	376.90207	47.862236	413.9876	104.97092	585000	-0.033394653	9787.055	-0.01404449	-4322.175	16.535547	0.9380533	1335.4712736606598
117	4469.8433	50.321537	4553.357	4411.1445	1000.0	397.9822	33.580944	414.8855	-57.62711	590000	0.06674626	8558.958	-0.0136518665	-2912.374	16.467371	0.9226486	1346.769329547882
118	4526.3	73.58487	4596.1953	4405.9185	1000.0	388.60382	42.653362	415.73935	62.8915	595000	-0.15219557	9635.147	-0.013860598	-3746.0146	16.583885	1.020052	1358.0887088775635
119	4497.758	37.86051	4555.4453	4445.2153	1000.0	399.34882	32.120384	416.6196	147.99086	600000	-0.024037158	8247.471	-0.012767574	-2600.2969	16.622328	0.9399383	1369.4939620494843
120	4481.2954	33.902058	4518.044	4434.119	1000.0	387.91656	46.361965	417.45364	97.27507	605000	0.04090288	7926.3574	-0.011281321	-3352.9502	16.554996	0.9269298	1381.7328867912292
121	4554.733	35.68787	4612.4478	4516.52	1000.0	394.2416	41.549747	418.6432	-21.494913	610000	-0.04810518	10619.349	-0.015244931	-3612.058	16.423046	0.8200789	1393.007401227951
122	4454.6943	84.40691	4553.3457	4310.2114	1000.0	402.23056	31.754984	418.98038	72.15471	615000	-0.068236955	8238.383	-0.015601061	-2464.9932	16.52613	0.92054373	1404.344022989273
123	4520.894	75.7151	4651.8125	4438.7324	1000.0	396.4453	34.292446	418.74414	90.20684	620000	-0.034497105	9689.737	-0.016510718	-2880.6182	16.431982	0.8420457	1415.6992537975311
124	4488.581	33.252666	4521.1685	4443.765	1000.0	396.39844	31.34172	418.60687	188.68153	625000	0.010008539	7916.904	-0.011565137	-2742.2598	16.601877	0.9887498	1426.985985994339
125	4486.975	28.980772	4516.684	4446.9077	1000.0	398.41034	33.203	419.30927	166.03816	630000	0.0018303528	7371.76	-0.013456164	-2570.7783	16.505772	0.9322175	1438.271868467331
126	4460.539	33.539413	4507.1987	4409.519	1000.0	394.17264	39.29883	420.29166	179.16847	635000	0.0273198	7956.8223	-0.014047192	-2819.6685	16.633308	1.0147318	1449.6662228107452
127	4497.823	110.82337	4705.934	4386.6284	1000.0	394.36414	38.902184	421.0209	136.92229	640000	-0.0049588075	9535.551	-0.01364906	-3415.0054	16.511997	0.92326915	1461.3303725719452
128	4501.026	46.816406	4559.314	4447.1846	1000.0	395.19485	38.608482	421.74387	134.73283	645000	-0.065454595	8076.86	-0.013703585	-2756.608	16.575138	0.981423	1472.7399282455444
129	4561.7	30.467817	4608.9277	4519.4785	1000.0	388.3181	43.2934	422.92197	118.223015	650000	-0.005357193	10007.928	-0.011636261	-3850.7988	16.5539	0.9249578	1484.5185506343842
130	4479.0303	27.266178	4519.587	4446.901	1000.0	409.04315	27.196533	423.7313	173.26291	655000	0.025278527	8316.336	-0.01410314	-2155.4995	16.649574	1.0236702	1496.9240238666534
131	4553.5405	54.165245	4641.304	4480.5933	1000.0	393.87994	36.910717	423.50818	168.46126	660000	-0.09711996	10068.479	-0.014115579	-2959.1938	16.654158	1.0203711	1507.9829409122467
132	4472.4736	39.743664	4522.3306	4431.663	1000.0	400.378	30.317877	423.80902	155.5437	665000	-0.104252316	7842.776	-0.016798414	-2417.8042	16.61292	0.9933178	1519.1833183765411
133	4548.314	69.884796	4645.7866	4460.4126	1000.0	397.75195	35.449512	424.14908	61.73017	670000	0.06568566	9913.461	-0.01213859	-3039.183	16.452785	1.0008518	1530.6625146865845
134	4498.733	67.52351	4604.192	4414.0396	1000.0	398.49304	34.991337	424.836	94.28718	675000	-0.056367554	8546.131	-0.011563204	-2638.9463	16.539934	0.8336324	1541.8499066829681
135	4502.4326	55.99162	4572.101	4450.4717	1000.0	396.6439	36.635277	424.79462	142.43094	680000	0.042402226	8916.485	-0.014028985	-2922.1924	16.566221	0.9972661	1553.2420346736908
136	4474.115	35.709866	4519.458	4435.5303	1000.0	401.1625	33.20069	424.82007	191.13754	685000	-0.037340764	8998.166	-0.010853827	-2732.7798	16.59495	1.0093992	1564.342446565628
137	4500.2065	61.089252	4572.312	4417.3613	1000.0	396.80994	33.935143	424.6972	182.31363	690000	-0.0049507814	8520.654	-0.011894946	-2656.1445	16.620502	1.0205128	1575.554293870926
138	4528.521	38.79354	4598.729	4492.7974	1000.0	392.22162	40.039444	425.78232	109.08464	695000	-0.08834225	8757.906	-0.010283627	-3122.3037	16.529362	0.9572526	1586.5325272083282
139	4515.1997	84.0157	4666.804	4413.2437	1000.0	397.71188	37.616856	426.51202	106.65959	700000	-0.006023474	8911.857	-0.015052235	-2948.3315	16.516602	0.9506264	1598.457067489624
140	4518.363	66.96608	4602.635	4421.7725	1000.0	398.23984	38.978504	427.16592	-10.331421	705000	0.044846438	8159.7695	-0.015675759	-2989.1821	16.532032	0.960993	1610.977296113968
141	4511.9097	87.31792	4657.935	4421.535	1000.0	404.03094	34.813747	427.80063	107.52014	710000	0.06405859	9424.557	-0.017251585	-3042.4927	16.569534	0.98055744	1622.6516871452332
142	4496.289	100.58627	4688.259	4417.1226	1000.0	398.02335	37.077427	427.88696	168.18765	715000	-0.0033787384	8977.417	-0.012852474	-3306.4849	16.534063	0.97926766	1633.891004562378
143	4460.225	58.793713	4539.354	4390.4946	1000.0	400.69516	36.16176	428.43863	173.92133	720000	0.058498204	9180.799	-0.011606451	-2709.813	16.66016	1.0647796	1645.299754858017
144	4495.048	37.206512	4543.9297	4453.9087	1000.0	395.30414	36.985626	427.89038	7.830001	725000	-0.06350339	8670.885	-0.013070174	-2682.1602	16.438755	0.91452	1656.7614018917084
145	4529.955	58.332882	4630.747	4482.117	1000.0	397.11185	35.69368	427.7267	41.388596	730000	-0.056538012	8854.155	-0.015170213	-2882.2847	16.651115	1.0334822	1668.1680102348328
146	4507.9126	78.05044	4614.5215	4401.099	1000.0	405.04474	31.305548	428.60394	179.47868	735000	0.14691517	8394.336	-0.01528357	-2273.3823	16.588394	0.9701787	1679.6574397087097
147	4482.506	31.38837	4522.9644	4431.6494	1000.0	404.35675	31.950125	428.52536	161.87009	740000	0.016319701	8620.06	-0.011548577	-2694.73	16.61142	0.98974764	1691.0522599220276
148	4514.741	121.34981	4737.73	4388.648	1000.0	390.7027	40.434975	429.82532	141.4658	745000	0.10867531	9412.2705	-0.012313552	-3263.5137	16.53307	0.975904	1702.3382730484009
149	4455.548	34.204296	4488.3735	4400.8564	1000.0	399.07373	37.832657	429.30496	92.81575	750000	0.12942314	7617.0303	-0.014092907	-3695.2163	16.667192	1.0771865	1713.385486125946
150	4514.593	54.48948	4594.651	4449.5874	1000.0	399.4584	39.51581	429.0682	46.209896	755000	0.005649109	9009.526	-0.014349647	-3462.9004	16.503555	0.91104335	1725.4332695007324
151	4471.6025	39.5493	4546.278	4428.7363	1000.0	400.55945	38.416916	430.66394	180.59283	760000	0.06776013	8566.656	-0.011929609	-3032.891	16.54582	0.9695075	1736.4425840377808
152	4460.492	61.71928	4542.263	4366.0557	1000.0	397.17484	39.193867	430.72742	137.12279	765000	-0.0032607666	8680.993	-0.014025208	-2828.7773	16.529743	0.96319646	1747.2055325508118
153	4484.7783	132.54626	4741.37	4373.568	1000.0	387.24854	44.15495	430.33096	90.428856	770000	-0.015160059	9055.478	-0.010820801	-3520.8188	16.59212	1.0133406	1757.8729493618011
154	4512.9	74.12319	4599.351	4401.988	1000.0	403.2434	38.054226	430.57126	-16.251747	775000	0.025361592	8754.279	-0.01593931	-2586.6108	16.619024	0.9930613	1768.6957623958588
155	4489.746	34.182896	4545.5044	4452.588	1000.0	403.7359	31.332357	429.3267	190.96863	780000	-0.07544535	7921.4414	-0.012348041	-2531.3188	16.644724	1.0445204	1779.648870229721
156	4492.925	43.12429	4536.4326	4434.838	1000.0	399.4415	37.492455	430.39545	162.10422	785000	-0.0424075	8635.516	-0.011984047	-2653.0469	16.679752	1.051347	1790.1725099086761
157	4556.0547	47.977043	4601.5107	4468.525	1000.0	397.12155	36.811913	429.80267	-26.83962	790000	-0.09334154	9517.857	-0.0133680105	-2813.4663	16.58618	0.92279744	1800.830905675888
158	4487.8774	26.3975	4525.959	4446.4487	1000.0	405.06396	28.642906	428.86487	29.383858	795000	0.12113643	7476.9062	-0.011916101	-2312.268	16.608503	1.0726838	1811.7485604286194
159	4475.7935	79.820305	4554.191	4366.7217	1000.0	404.9905	32.9454	428.01807	169.95938	800000	-0.038494825	8921.853	-0.017476108	-3443.998	16.56721	0.9967056	1822.5356044769287
160	4474.3154	35.90245	4515.3843	4415.595	1000.0	382.89297	46.569862	427.99615	94.780624	805000	-0.106332265	8693.827	-0.013841979	-3599.9326	16.610485	1.0443822	1834.0980205535889
161	4524.651	81.172066	4682.973	4467.288	1000.0	404.3783	33.317337	428.92828	191.55296	810000	-0.017425483	9159.682	-0.010725224	-2326.021	16.629728	1.0037377	1844.941085100174
162	4543.618	62.373737	4655.0444	4474.694	1000.0	397.33182	36.60847	428.4436	122.794044	815000	0.095708735	8158.1455	-0.014077023	-2688.729	16.626034	1.0184461	1856.2679872512817
163	4500.879	68.45735	4582.3433	4380.6147	1000.0	405.84695	32.3	430.15863	160.33987	820000	-0.015821716	8799.152	-0.013199965	-2469.85	16.514284	0.994524	1867.0902678966522
164	4506.257	58.028957	4614.857	4448.9927	1000.0	400.07996	35.25922	429.27368	118.56361	825000	-0.07044308	8243.195	-0.016335122	-2646.085	16.692709	1.113306	1877.6176443099976
165	4512.163	70.4756	4607.1377	4412.097	1000.0	399.16602	38.79289	430.2188	134.31824	830000	0.12345135	7801.08	-0.014137007	-2858.7842	16.649973	1.0499191	1888.6165935993195
166	4480.6587	43.46701	4543.7793	4421.0024	1000.0	405.1071	38.63995	432.40976	-73.46	835000	0.009051117	8469.678	-0.012365759	-2934.1382	16.550962	0.9617746	1899.7195868492126
167	4515.036	39.464516	4569.0884	4466.862	1000.0	401.571	36.647022	431.7828	66.154724	840000	-0.005487146	9160.328	-0.012961486	-2373.8848	16.580816	0.94947326	1910.9642679691315
168	4505.47	67.08016	4615.251	4405.3125	1000.0	405.77643	31.05875	430.21298	168.12007	845000	0.0037039611	7395.574	-0.012468768	-2308.0322	16.607946	1.0067081	1921.7851674556732
169	4473.004	42.93433	4544.3345	4433.3916	1000.0	394.5768	43.912605	433.03546	106.664276	850000	-0.015676226	7417.2974	-0.013865503	-2806.5527	16.63151	1.0089656	1932.7503395080566
170	4462.809	32.78802	4525.9194	4432.7695	1000.0	393.59155	46.889957	434.62378	139.75952	855000	-0.028040783	7783.417	-0.013709327	-3217.7314	16.62765	1.0146586	1944.7948288917542
171	4476.4883	44.444294	4522.0654	4403.093	1000.0	398.75735	45.308132	435.3507	150.05676	860000	0.15839595	7684.9214	-0.011918843	-2855.1729	16.611963	0.9844683	1955.6927466392517
172	4547.1475	95.493	4734.098	4479.7705	1000.0	388.73816	56.267242	436.63358	15.156422	865000	0.030405112	11012.013	-0.011979001	-4791.36	16.633944	0.974067	1966.6288788318634
173	4504.279	51.92815	4554.6973	4436.647	1000.0	414.90894	28.610228	434.20416	-71.2787	870000	-0.028612878	8526.473	-0.01415512	-2360.308	16.670925	1.0549362	1977.7575290203094
174	4479.9585	47.839348	4544.0244	4395.288	1000.0	408.94128	26.931232	432.90778	257.11353	875000	-0.02355354	8220.456	-0.015705595	-2185.4302	16.682121	0.9921632	1988.6277256011963
175	4485.053	35.947033	4546.3115	4445.7188	1000.0	382.29337	43.97399	433.23822	79.06944	880000	0.051415455	9133.998	-0.016334899	-3593.2974	16.70507	1.0676466	1999.5924530029297
176	4532.204	65.01706	4643.7754	4451.049	1000.0	396.06323	40.033516	432.30255	61.013344	885000	0.030660303	8845.278	-0.012573011	-2680.4058	16.657072	1.0167552	2010.4627783298492
177	4505.1494	44.95503	4587.7407	4462.819	1000.0	412.44955	27.006968	432.14264	-10.647907	890000	-0.032081377	8129.563	-0.009386934	-2869.975	16.550613	0.9467884	2021.610675573349
178	4501.444	44.131126	4552.0947	4435.411	1000.0	395.04214	42.437805	433.59763	136.58836	895000	-0.02161916	7763.2095	-0.011481475	-2623.7637	16.623638	1.0253212	2032.198181629181
179	4505.7764	74.86623	4610.818	4419.946	1000.0	404.58594	36.5432	433.38983	158.47281	900000	0.08660596	7685.0806	-0.010895781	-2464.4375	16.6564	1.0349435	2043.258780002594
180	4474.7847	34.063915	4515.5117	4422.8413	1000.0	411.1697	32.39427	433.9005	-227.93793	905000	0.03173586	9072.353	-0.015124556	-2155.482	16.554863	0.97085214	2055.3997337818146
181	4493.3926	88.93432	4646.81	4375.0366	1000.0	387.2102	40.44976	431.2884	68.792274	910000	0.06121113	8517.702	-0.013722874	-2817.5205	16.589012	1.0314467	2066.2988736629486
182	4560.572	71.72049	4657.8564	4456.027	1000.0	392.13696	44.79166	433.05948	-95.913574	915000	0.05931886	9680.471	-0.010746866	-3237.662	16.565683	0.9792995	2076.8258855342865
183	4492.0977	69.04334	4584.505	4411.138	1000.0	410.84503	29.31897	432.16678	167.84398	920000	-0.14939757	7432.6006	-0.011908561	-2143.4863	16.629396	0.98193866	2087.776181936264
184	4492.7983	44.83271	4551.64	4428.4365	1000.0	404.019	36.276768	432.7958	160.1761	925000	-0.18470664	8331.874	-0.015015706	-2416.9014	16.692007	1.0632039	2098.9296617507935
185	4518.8955	66.3706	4636.9956	4458.63	1000.0	402.71106	33.45476	431.03476	101.67277	930000	-0.030354803	8113.8896	-0.014543286	-2901.2393	16.617477	1.0272174	2109.938952445984
186	4511.6064	76.21702	4581.7065	4373.3984	1000.0	399.2862	41.669365	433.5603	138.20564	935000	0.10739026	10076.736	-0.014374979	-3110.2866	16.689932	1.0461386	2120.5878438949585
187	4485.874	70.14282	4586.2104	4399.1626	1000.0	404.32965	29.85138	428.6133	154.41272	940000	0.10034505	8032.2295	-0.012428656	-2085.414	16.654415	1.0424141	2131.404330968857
188	4499.4707	50.659622	4563.3696	4426.639	1000.0	402.39645	30.142027	428.4276	208.89035	945000	-0.08197157	8352.736	-0.011809133	-1900.5356	16.5613	0.98869824	2142.4345128536224
189	4516.457	40.416164	4594.538	4483.6255	1000.0	398.18604	33.963554	428.11053	43.761417	950000	0.04806334	7892.4023	-0.013184361	-2503.9634	16.713577	1.0888256	2153.7541797161102
190	4588.548	106.66967	4775.6753	4444.2026	1000.0	403.397	34.456703	429.626	184.22173	955000	-0.053297948	9735.075	-0.0144794695	-2496.0654	16.704205	1.0822307	2165.8690662384033
191	4449.1855	29.587336	4486.01	4410.5537	1000.0	407.42184	25.315474	429.14282	80.47223	960000	-0.013448871	8013.638	-0.017427035	-2505.1685	16.71095	1.0814699	2176.8173475265503
192	4517.536	68.667755	4603.857	4396.763	1000.0	391.65555	39.051857	430.0318	174.54225	965000	-0.11597106	9426.949	-0.013120592	-2911.1396	16.67002	1.0525471	2187.8055539131165
193	4485.6904	37.685734	4553.0024	4436.695	1000.0	409.7137	26.801826	429.3069	211.2944	970000	-0.07020479	7519.3633	-0.012918189	-2171.044	16.52986	0.949612	2198.3695974349976
194	4475.25	40.028217	4536.175	4429.653	1000.0	403.6974	33.387947	428.76706	94.52787	975000	-0.012180035	8638.89	-0.013377179	-2090.0977	16.680893	1.060047	2209.122789621353
195	4513.9824	76.79139	4610.6284	4413.366	1000.0	392.9802	40.478764	428.53592	116.008965	980000	-0.04213794	9654.585	-0.013111107	-2910.3447	16.693172	1.0253974	2220.8721148967743
196	4467.718	45.145927	4550.706	4419.5435	1000.0	402.92	28.435358	428.384	189.52592	985000	-0.011971252	8550.869	-0.013826905	-1698.457	16.671288	1.0503397	2231.4091176986694
197	4476.851	23.343513	4515.45	4446.8853	1000.0	400.0097	29.94959	427.81183	213.3653	990000	0.119821444	8051.4033	-0.016134493	-1871.4424	16.769978	1.1866093	2242.0804538726807
198	4535.647	90.82748	4696.7056	4442.8936	1000.0	400.62167	32.32941	428.6568	143.85378	995000	-0.022840992	9570.479	-0.013222899	-2189.601	16.660852	1.0781572	2253.059864282608
199	4461.25	10.192408	4473.2627	4444.14	1000.0	403.20956	24.967093	427.8023	208.60182	1000000	-0.1424079	7520.555	-0.014754087	-1784.6201	16.646215	1.0767533	2264.3286843299866
200	4468.881	31.500843	4508.5356	4426.1626	1000.0	400.55728	30.250917	427.31107	158.0698	1005000	-0.01485979	7800.069	-0.010681359	-1981.3413	16.5791	0.9910508	2276.011398077011
201	4519.1826	49.55215	4578.402	4435.1035	1000.0	395.48715	38.12442	429.49075	113.166885	1010000	0.019948313	9577.403	-0.0128178205	-2597.8896	16.620533	1.041774	2286.960807800293
202	4494.6333	63.582363	4617.073	4440.518	1000.0	403.81833	27.650995	426.89172	212.65312	1015000	-0.072615646	8184.4062	-0.011893228	-1680.3984	16.631899	1.0846237	2298.0114846229553
203	4490.6143	44.303017	4527.2124	4404.401	1000.0	406.58704	23.278456	424.72745	231.46616	1020000	-0.015119574	8859.444	-0.0137774935	-1942.6709	16.55919	0.98531544	2309.2386090755463
204	4507.289	35.277275	4552.4355	4457.3896	1000.0	395.61035	31.265093	425.88986	193.31833	1025000	0.036298726	8167.979	-0.011310384	-1790.123	16.56113	0.9208913	2319.7472932338715
205	4511.294	62.56617	4566.127	4424.128	1000.0	397.45776	31.962904	426.77884	164.82959	1030000	-0.048641015	8536.395	-0.017704103	-2113.461	16.644238	1.037463	2330.507516860962
206	4519.3037	72.946526	4658.683	4443.6045	1000.0	405.01044	27.395844	427.00583	178.3008	1035000	-0.020175705	8788.196	-0.012701778	-1726.4331	16.70433	1.0595227	2341.7427055835724
207	4511.7275	34.947662	4550.6753	4462.4897	1000.0	402.46524	27.618933	425.0316	206.93124	1040000	0.018287292	7817.061	-0.012708532	-1947.1836	16.673256	1.1058875	2352.387483358383
208	4499.6357	31.529644	4549.8247	4457.529	1000.0	406.62057	26.738743	425.01373	-1.1797981	1045000	-0.0010334351	8246.137	-0.015899757	-1697.8672	16.750261	1.1148369	2363.145809650421
209	4496.699	48.729874	4558.578	4408.643	1000.0	397.8965	30.72136	424.3674	94.11877	1050000	0.004721704	8360.874	-0.014168689	-2373.5664	16.68428	1.0627179	2374.5288248062134
210	4504.091	77.525116	4644.604	4433.163	1000.0	398.06915	30.912737	426.53665	180.85988	1055000	0.07757476	9273.724	-0.011412747	-2325.0596	16.5351	0.96726817	2386.379380464554
211	4472.168	59.919117	4562.5186	4384.631	1000.0	402.6331	29.511578	429.30002	180.2428	1060000	0.0068621337	8313.959	-0.009461816	-2271.4395	16.680609	1.1223509	2397.1083691120148
212	4476.047	39.71059	4529.469	4437.4927	1000.0	396.26077	33.45128	429.77963	205.80946	1065000	0.0082863895	8511.404	-0.015563061	-2211.4277	16.619738	1.0358382	2407.83376121521
213	4452.2646	39.284718	4510.977	4401.52	1000.0	404.37616	28.985338	429.93793	191.92882	1070000	0.062797025	7523.791	-0.013023198	-2078.5483	16.75165	1.1376225	2418.763808488846
214	4483.6787	56.45849	4586.625	4418.965	1000.0	395.27914	38.611305	432.07043	90.80344	1075000	-0.023676012	9089.557	-0.015416503	-2281.1416	16.616264	1.0439998	2429.6300117969513
215	4499.5645	15.621586	4521.986	4474.9497	1000.0	395.01096	34.776688	431.18384	203.74606	1080000	0.0153017575	8060.5776	-0.011678491	-3009.1646	16.574625	1.0229725	2440.4431397914886
216	4470.003	56.154613	4562.2925	4389.652	1000.0	401.3607	35.37996	431.19183	205.23907	1085000	0.010560873	8823.502	-0.014781018	-2540.7139	16.645613	1.0493461	2451.318210363388
217	4503.755	68.60551	4592.129	4398.8594	1000.0	402.90067	29.87817	429.90128	236.26584	1090000	-0.039264306	8019.084	-0.0138210505	-2013.0073	16.69829	1.1701397	2462.2419650554657
218	4449.606	34.950523	4486.9346	4388.5103	1000.0	400.55267	34.426636	431.8266	181.94185	1095000	0.070795566	7981.7656	-0.015220273	-2535.9668	16.58915	1.0316422	2473.020977497101
219	4494.186	62.253937	4583.741	4390.663	1000.0	395.25464	39.37343	434.7227	161.1746	1100000	-0.007585321	10357.408	-0.014377387	-3118.3564	16.657093	1.0404018	2483.672071456909
220	4499.119	50.048588	4557.689	4440.265	1000.0	405.3772	22.623772	426.3898	249.20753	1105000	0.051454674	7846.251	-0.010171995	-1428.4126	16.727652	1.1568772	2495.573489189148
221	4478.208	54.30077	4529.7466	4384.4946	1000.0	402.0614	27.045738	426.37915	126.8679	1110000	-0.0074937684	7665.981	-0.0130826365	-1679.1665	16.703485	1.0893624	2506.6518766880035
222	4499.7466	69.35783	4578.2236	4392.641	1000.0	397.68335	30.495586	427.02185	94.190254	1115000	-0.047821674	9033.72	-0.015440825	-2130.3599	16.645994	1.0686151	2517.322712659836
223	4460.461	35.26318	4526.55	4424.0874	1000.0	407.42105	22.692825	426.26715	240.4809	1120000	-0.01741393	8064.729	-0.012419445	-1504.686	16.678381	1.0696545	2528.501123905182
224	4471.9985	49.130997	4532.2915	4401.6367	1000.0	401.2196	25.817635	424.11108	234.54181	1125000	0.001932367	8169.964	-0.012279224	-2074.732	16.720335	1.1287223	2539.30792760849
225	4551.886	68.37615	4630.31	4441.421	1000.0	395.37604	32.884186	426.24014	153.03204	1130000	-0.08630818	9020.483	-0.015252426	-2101.8257	16.738468	1.1219085	2550.277666091919
226	4488.1084	38.17732	4545.876	4449.7725	1000.0	403.5627	28.431774	428.24606	181.12604	1135000	-0.005592578	7356.2593	-0.014427594	-2139.7007	16.794722	1.127199	2561.1655559539795
227	4491.201	61.8561	4557.316	4407.473	1000.0	402.31824	34.178425	430.16907	182.65915	1140000	-0.06862102	8320.805	-0.013659537	-1813.5391	16.69408	1.0764204	2571.942905187607
228	4502.974	94.5077	4673.4443	4410.5474	1000.0	400.04153	28.343845	427.94086	-146.24594	1145000	-0.040499993	8648.814	-0.0145636685	-1523.9922	16.791012	1.1748585	2582.683891773224
229	4503.06	56.243362	4584.476	4424.495	1000.0	405.3843	24.404041	428.13342	202.18407	1150000	-0.024188899	7902.76	-0.01514582	-1516.1406	16.800856	1.1379061	2593.590933561325
230	4475.124	48.82932	4547.325	4405.287	1000.0	402.02063	29.29045	426.62848	187.19193	1155000	0.06334386	7570.7246	-0.013253298	-1901.9604	16.740559	1.1342679	2605.32341837883
231	4462.2363	81.87058	4609.132	4357.1665	1000.0	402.60538	31.925238	427.5254	97.78903	1160000	-0.056700554	8600.186	-0.013182793	-2077.6367	16.657259	1.0639548	2616.284518480301
232	4507.3975	48.344433	4593.8384	4453.7866	1000.0	394.78015	31.717693	426.3982	194.30696	1165000	0.13375974	8394.652	-0.015915073	-2096.8638	16.54201	1.0114793	2627.1453144550323
233	4482.1	53.09829	4578.178	4420.771	1000.0	401.54333	30.45344	427.11658	33.1773	1170000	0.013146411	8414.259	-0.012737072	-1991.585	16.777477	1.0820034	2638.1345229148865
234	4485.3057	78.73159	4582.6626	4394.861	1000.0	403.77634	26.64502	428.5366	245.14902	1175000	-0.053190686	7256.43	-0.01416304	-1889.127	16.711615	1.1516805	2648.902048587799
235	4459.382	56.666008	4554.9365	4396.448	1000.0	396.68195	34.215958	431.34863	193.58109	1180000	-0.0833962	7310.128	-0.013854168	-1979.8062	16.678253	1.0662558	2659.64319729805
236	4483.578	55.124504	4587.3145	4431.426	1000.0	406.12283	30.185787	433.84854	183.95152	1185000	-0.031679884	8985.9375	-0.019058298	-2340.292	16.683966	1.0911117	2670.6239404678345
237	4467.374	70.04634	4575.816	4389.36	1000.0	394.4117	35.444695	433.77448	146.33463	1190000	-0.043359447	8384.871	-0.018677514	-2171.3447	16.712843	1.1045135	2681.4033975601196
238	4575.0845	103.70399	4710.0566	4433.3506	1000.0	390.03397	40.478943	431.0587	122.32309	1195000	-0.023168957	10074.414	-0.015251001	-3170.1724	16.76359	1.1117336	2692.184388399124
239	4496.591	49.665398	4548.6465	4421.564	1000.0	412.52374	23.553946	432.82025	79.28701	1200000	-0.01476174	7711.192	-0.011172881	-1619.9839	16.661268	1.0750595	2702.8305757045746
240	4459.685	37.090378	4499.335	4395.9175	1000.0	395.9567	34.593014	431.5203	178.7386	1205000	0.008419647	7956.1416	-0.011011844	-2026.2319	16.656553	1.0425547	2715.3780493736267
241	4524.073	49.819267	4615.5728	4470.4414	1000.0	402.72855	32.346924	429.73862	136.44162	1210000	0.08568217	7769.227	-0.013672531	-1955.7104	16.805227	1.2028303	2726.3863883018494
242	4483.374	48.59212	4543.5464	4425.999	1000.0	406.49854	33.13092	430.96063	108.71315	1215000	-0.16150767	8234.861	-0.015588284	-1961.167	16.7306	1.1214935	2737.4668476581573
243	4403.1523	32.610435	4452.3936	4356.2896	1000.0	404.32272	28.373125	430.2696	153.96333	1220000	-0.058965564	7223.28	-0.011962257	-1901.3247	16.728241	1.1188476	2748.4848601818085
244	4497.81	17.197088	4514.935	4469.4575	1000.0	386.2327	41.08609	430.82388	130.56834	1225000	-0.0094563905	8343.195	-0.014910676	-2727.4644	16.611372	1.0952598	2759.1895813941956
245	4501.5967	35.895912	4541.681	4439.5996	1000.0	400.15155	35.227238	431.50888	-1.1438441	1230000	-0.029430628	7983.128	-0.012646202	-1992.564	16.754957	1.157626	2769.9215080738068
246	4458.206	47.793293	4531.584	4382.3936	1000.0	407.00934	30.053404	431.83478	193.07361	1235000	0.063984744	7431.699	-0.011824947	-1555.3174	16.696589	1.0702623	2780.9586622714996
247	4437.259	41.243374	4505.408	4386.4346	1000.0	392.6368	37.35639	430.72797	163.78995	1240000	-0.0023919127	7373.176	-0.015977332	-2888.8262	16.7114	1.0624287	2792.007696390152
248	4493.498	17.164251	4509.883	4462.177	1000.0	392.86005	47.00245	434.3518	136.06137	1245000	-0.10103437	7450.9175	-0.013186589	-2733.207	16.801935	1.1464916	2802.983485221863
249	4487.218	88.41446	4622.373	4369.649	1000.0	405.62048	41.27306	439.0691	143.03467	1250000	-0.020429123	8975.48	-0.013500165	-2496.12	16.798876	1.1851642	2813.6735043525696
250	4526.201	38.88257	4589.528	4467.5635	1000.0	403.37006	31.43904	437.14587	151.27528	1255000	0.021162696	9103.872	-0.011067836	-1846.5952	16.781857	1.1671997	2825.749755382538
251	4485.55	17.346363	4509.612	4463.8784	1000.0	404.36145	28.052343	437.08298	208.70721	1260000	-0.11345914	8365.705	-0.014753953	-1516.6777	16.717354	1.1091853	2837.1739637851715
252	4525.318	118.884575	4695.673	4357.107	1000.0	402.63016	27.237993	437.49823	163.50847	1265000	-0.04908999	9292.998	-0.0160719	-1955.499	16.845442	1.1899375	2848.2741401195526
253	4497.7554	87.594406	4672.5444	4444.667	1000.0	408.2269	24.25554	436.30283	-5.173499	1270000	-0.02881416	8403.383	-0.01654388	-1605.5078	16.714382	1.1196219	2859.1221385002136
254	4470.247	30.322351	4521.6094	4435.5625	1000.0	399.90277	30.701618	435.25513	204.12836	1275000	-0.115614675	7554.852	-0.011803843	-2532.5552	16.905584	1.2784982	2870.285943508148
255	4450.1807	24.662767	4497.1465	4427.381	1000.0	408.92325	26.445478	435.5925	148.7292	1280000	-0.008345459	7223.521	-0.011773139	-2977.0225	16.715145	1.0838797	2881.1883482933044
256	4494.734	112.38115	4712.142	4394.8555	1000.0	384.663	54.112484	437.70966	41.976658	1285000	-0.022041991	9110.309	-0.014430653	-3911.6987	16.606804	1.1080533	2892.0797073841095
257	4528.4644	67.198425	4643.795	4435.147	1000.0	401.15604	43.57276	439.35593	145.43333	1290000	-0.009526489	9525.131	-0.014868872	-2780.6187	16.58369	1.0810784	2902.7631657123566
258	4450.004	50.259254	4517.4365	4365.3467	1000.0	408.8293	25.394897	436.08377	199.06752	1295000	-0.08003212	6898.99	-0.010430373	-2320.3398	16.666166	1.118218	2913.592399120331
259	4467.4746	101.15731	4636.3604	4321.5874	1000.0	399.99646	39.206276	435.6192	168.64304	1300000	-0.04181329	8052.392	-0.012239542	-2120.6343	16.794981	1.1687654	2924.3978028297424
260	4459.927	46.397972	4550.2646	4417.7896	1000.0	399.94955	38.863743	434.53195	141.79211	1305000	-0.037789386	7444.371	-0.011997815	-2165.3267	16.751823	1.1045438	2936.3682458400726
261	4459.439	68.78835	4576.855	4366.355	1000.0	404.7264	37.909115	436.70294	155.68942	1310000	0.07529245	7323.197	-0.010771319	-1712.3672	16.661013	1.1219267	2947.1120960712433
262	4553.164	73.103	4669.061	4465.011	1000.0	394.134	42.714516	436.29358	76.37766	1315000	0.19927727	11048.093	-0.014891356	-3586.0415	16.791367	1.105566	2958.3986446857452
263	4484.3623	61.112717	4568.1343	4401.494	1000.0	406.5853	20.685593	433.96442	212.83812	1320000	-0.0036488464	8021.7617	-0.011656683	-1212.9443	16.698044	1.1180999	2969.0199706554413
264	4525.4663	78.545	4665.2334	4426.3677	1000.0	401.1418	24.726156	434.02206	187.65303	1325000	-0.15909773	8338.2295	-0.014836624	-2107.6304	16.495977	0.99924856	2979.949064731598
265	4550.878	52.640865	4643.849	4501.349	1000.0	402.4536	29.4732	437.86407	184.88583	1330000	-0.008181598	8568.748	-0.013586193	-1954.6187	16.608662	1.0525793	2991.0164070129395
266	4499.458	31.40974	4540.47	4457.371	1000.0	404.19925	35.592766	439.4535	142.62369	1335000	-0.08421139	7187.6895	-0.015003942	-2438.9746	16.784739	1.1826801	3001.8136444091797
267	4447.1763	34.15536	4507.864	4408.0776	1000.0	407.30704	36.48902	438.976	201.88365	1340000	-0.21293311	6735.123	-0.015127093	-2022.1782	16.7484	1.1962637	3012.580147266388
268	4476.0757	66.06434	4551.425	4376.565	1000.0	403.0146	42.85261	437.47107	159.34373	1345000	0.056272157	9186.08	-0.014744081	-3169.8047	16.741411	1.1341462	3023.276764392853
269	4484.72	49.4598	4530.6836	4393.199	1000.0	393.54324	40.600357	438.8726	132.4288	1350000	-0.006467358	7579.5503	-0.015127082	-2012.6387	16.935413	1.3570793	3034.153579235077
270	4465.909	33.907562	4515.594	4410.3247	1000.0	412.3035	26.819277	438.54095	221.12303	1355000	-0.041566912	7344.8296	-0.013061687	-1706.8286	16.81504	1.148649	3046.10999417305
271	4507.4146	37.578804	4573.678	4468.6147	1000.0	379.57446	58.038757	439.4204	125.52429	1360000	-0.010461834	10675.099	-0.015386163	-4380.0894	16.701889	1.1741627	3057.1436610221863
272	4470.219	37.25386	4525.6646	4417.9287	1000.0	414.1068	24.246431	432.29333	223.32791	1365000	-0.092722036	6854.242	-0.017692804	-2071.0566	16.855213	1.2250259	3068.0851571559906
273	4463.4995	49.468796	4526.549	4374.9526	1000.0	409.8145	25.423447	430.65338	181.87585	1370000	-0.005893411	7378.0254	-0.013265496	-1904.0415	16.841793	1.299492	3078.775151491165
274	4467.4575	38.1503	4506.6777	4402.6875	1000.0	394.47214	39.799347	432.62708	152.04169	1375000	0.112318456	7757.296	-0.01177001	-2496.6733	16.685005	1.1719463	3089.585389614105
275	4467.2676	63.975647	4575.2373	4405.3555	1000.0	392.6259	44.90537	436.49356	159.1484	1380000	-0.03510069	7683.1606	-0.012229096	-2009.3701	16.888922	1.2515882	3100.3712825775146
276	4473.889	42.93652	4551.8384	4426.949	1000.0	397.61276	41.60306	436.3842	174.9683	1385000	-0.06689574	7156.619	-0.012855828	-2286.0674	16.74944	1.1612297	3110.997004032135
277	4475.3823	31.244236	4506.7275	4430.353	1000.0	418.67715	24.36145	437.29218	217.11401	1390000	-0.059882008	7608.068	-0.01360096	-1925.5557	16.840347	1.3097918	3121.899861574173
278	4471.2095	50.351444	4560.332	4404.6895	1000.0	371.4689	58.9794	436.81326	111.00663	1395000	0.083289094	10621.468	-0.014746249	-4536.003	16.807241	1.2137017	3132.871599674225
279	4450.8564	13.191472	4468.0557	4431.849	1000.0	410.0213	28.42652	434.96524	198.05559	1400000	-0.04738313	6662.177	-0.015327029	-2004.1152	16.893705	1.3585813	3143.8236215114594
280	4486.741	45.220333	4565.8525	4428.1196	1000.0	383.2564	64.432526	435.1563	92.39299	1405000	-0.08946425	9623.772	-0.014692977	-4037.3062	16.827847	1.3041681	3156.2413687705994
281	4459.1978	47.434895	4503.2144	4375.9546	1000.0	420.77896	23.045774	432.2104	220.83423	1410000	-0.077082776	7415.149	-0.012636557	-1831.1885	16.820522	1.3047726	3167.0217916965485
282	4493.393	39.00797	4533.168	4420.1953	1000.0	387.6317	52.36253	428.83463	106.13333	1415000	0.065009855	7650.7104	-0.014435213	-2556.1606	16.77775	1.2181038	3178.1482875347137
283	4440.218	71.68258	4569.8184	4361.5664	1000.0	415.08545	27.068655	431.13986	192.01762	1420000	0.026837733	7125.8906	-0.011308715	-1863.3418	16.817577	1.2257313	3188.8729269504547
284	4542.0557	34.05433	4580.1357	4491.6147	1000.0	386.0648	49.25212	430.67242	142.30083	1425000	-0.00033999025	8362.099	-0.014467715	-3513.5537	16.76599	1.2070007	3199.5169236660004
285	4492.275	24.84498	4522.8794	4456.86	1000.0	414.46603	34.78386	433.885	-6.197871	1430000	0.055606276	8023.776	-0.014568001	-2194.3555	16.74775	1.1964551	3210.4409544467926
286	4458.608	24.55447	4496.6562	4428.992	1000.0	398.99683	40.63857	433.56482	130.01157	1435000	-0.09657036	6172.0664	-0.014400333	-1798.5151	16.920534	1.3287562	3221.1597809791565
287	4488.073	61.2013	4566.46	4407.116	1000.0	395.5499	50.965748	435.1469	111.524666	1440000	-0.023298532	9655.531	-0.013425246	-2552.4111	16.82583	1.2725762	3231.8449969291687
288	4485.6904	39.920345	4550.3765	4443.5303	1000.0	410.79626	18.41831	433.4074	156.59491	1445000	0.030050354	7677.1104	-0.013732117	-1117.1392	16.749563	1.2242453	3242.510372400284
289	4554.4785	61.524036	4669.673	4493.617	1000.0	394.7039	36.64841	432.2377	187.53001	1450000	0.063618444	7989.288	-0.012980271	-1993.2119	16.87203	1.2216424	3253.337502002716
290	4512.418	35.37754	4575.19	4467.724	1000.0	409.34998	41.632755	435.2978	166.44733	1455000	-0.03779922	6870.719	-0.017844718	-1158.0034	16.747818	1.2114117	3265.888783931732
291	4499.833	55.59066	4573.9243	4403.2534	1000.0	404.07886	43.0283	435.2858	42.728607	1460000	0.043348547	7810.0415	-0.014942871	-1844.688	16.724026	1.2148635	3276.726392507553
292	4505.426	108.32839	4669.796	4351.5312	1000.0	408.2213	29.2803	434.14172	212.14995	1465000	-0.09720068	6872.8096	-0.012385093	-2165.9663	16.929928	1.3285866	3287.4163184165955
293	4476.05	50.839108	4547.325	4411.524	1000.0	406.48035	41.731525	435.56003	105.60468	1470000	0.13558337	6427.384	-0.018512353	-1869.0732	16.789652	1.2178047	3298.4103043079376
294	4524.798	68.85096	4651.9644	4446.912	1000.0	401.88562	45.679043	435.5097	59.99092	1475000	0.016221082	8984.354	-0.01656524	-2632.295	16.814682	1.2179251	3309.234631061554
295	4512.204	83.7325	4662.0776	4406.5176	1000.0	397.45016	41.921898	435.16272	145.67474	1480000	0.04638482	7492.0586	-0.013822228	-1914.4795	16.71751	1.1707518	3319.859266757965
296	4534.259	36.94387	4589.5493	4488.7915	1000.0	407.84158	42.720146	435.14655	154.0242	1485000	-0.09169978	9323.43	-0.018254653	-1811.1514	16.731627	1.238921	3330.8594329357147
297	4490.9736	39.116398	4537.8823	4437.94	1000.0	406.64536	22.689528	434.96442	176.36583	1490000	-0.09097931	7043.6094	-0.01262489	-2111.0806	16.735718	1.1612335	3341.699106693268
298	4514.373	53.37484	4566.781	4416.885	1000.0	391.054	59.476997	436.8867	48.73664	1495000	-0.02577533	6750.2095	-0.014518419	-1972.1445	16.857756	1.3101467	3352.410658121109
299	4528.875	56.510986	4610.243	4478.799	1000.0	412.10934	42.49359	437.405	183.17854	1500000	-0.11423372	7156.1216	-0.01944016	-1337.146	16.767311	1.2643614	3363.190624475479
300	4498.9814	37.692924	4555.221	4453.8174	1000.0	413.48376	23.373013	437.7088	134.97327	1505000	0.03376948	7190.0864	-0.01271699	-2324.6108	16.619268	1.103254	3375.4924466609955
301	4443.6265	48.79808	4501.79	4369.2144	1000.0	405.5247	31.650438	438.20428	181.24596	1510000	-0.11932594	8543.117	-0.01124499	-2165.585	16.959988	1.2932469	3386.319555044174
302	4471.8643	33.53378	4520.879	4420.936	1000.0	388.89554	52.80461	438.52557	112.78562	1515000	-0.17076614	10369.863	-0.011691332	-3579.1826	16.95071	1.3370826	3396.8145594596863
303	4511.306	68.61739	4611.657	4415.9736	1000.0	407.2797	25.013176	436.59283	205.29962	1520000	0.058975764	8599.787	-0.0119314045	-1168.8511	17.004887	1.3470557	3407.6885871887207
304	4462.7686	50.140022	4533.7417	4385.7	1000.0	404.9397	21.785614	435.11243	239.17984	1525000	0.0021373534	7900.722	-0.012516345	-1033.168	16.857391	1.266121	3418.6872737407684
305	4493.5557	38.728943	4547.504	4449.2246	1000.0	389.0209	36.19703	434.01126	194.9785	1530000	0.057012506	7980.731	-0.010650568	-3443.0967	16.804615	1.2728516	3429.419869184494
306	4485.0703	58.866203	4594.7295	4417.5176	1000.0	415.79584	27.429802	434.3559	175.19736	1535000	0.121191286	6713.733	-0.018105589	-2106.4106	16.82194	1.2428865	3440.3546719551086
307	4477.917	58.04526	4567.368	4400.201	1000.0	389.2148	63.864037	433.43347	140.88486	1540000	-0.0019360458	10126.006	-0.015246288	-3910.1523	16.767984	1.1617903	3451.3771975040436
308	4479.817	53.324364	4538.1514	4378.846	1000.0	406.63232	29.90355	430.2899	192.7479	1545000	-0.07831027	6891.521	-0.014963597	-1320.2378	16.767744	1.227971	3462.98956155777
309	4499.103	46.09342	4566.722	4449.2544	1000.0	400.9788	42.977795	430.17404	208.25606	1550000	0.054544684	8043.6143	-0.012361262	-1527.6294	17.087341	1.4774384	3474.1879212856293
310	4519.487	54.95159	4603.9785	4460.5312	1000.0	410.47638	27.027548	429.0635	163.48471	1555000	-0.07420567	6430.992	-0.019509591	-1724.1606	16.840717	1.2592598	3486.7742972373962
311	4460.62	26.87612	4506.385	4430.6143	1000.0	402.22595	41.334747	430.8735	205.50165	1560000	-0.11995272	5796.8774	-0.016017511	-1726.311	16.77125	1.1890451	3497.6229033470154
312	4461.421	57.372986	4520.8267	4353.6104	1000.0	414.9247	26.82809	432.81378	206.54828	1565000	-0.13709177	7644.426	-0.012584671	-1733.4985	17.04313	1.4964358	3508.3593101501465
313	4472.969	37.97496	4527.3384	4441.536	1000.0	398.12015	37.855003	431.8121	140.04276	1570000	-0.15223981	6789.43	-0.01856643	-1500.022	17.058767	1.4877625	3519.2397933006287
314	4468.8574	83.62588	4619.732	4386.6504	1000.0	401.95718	29.987017	435.988	187.44273	1575000	-0.07476697	7969.676	-0.015582636	-1864.2437	16.928532	1.3372568	3529.9995081424713
315	4480.7236	77.784134	4610.316	4386.2793	1000.0	395.81744	42.86423	435.48407	77.36679	1580000	-0.021187337	6312.828	-0.016292045	-2628.0374	16.873447	1.254609	3540.98832321167
316	4497.4346	95.65447	4674.2583	4411.191	1000.0	379.9791	74.70298	437.2271	122.79272	1585000	-0.0396057	7278.0366	-0.0143961385	-3783.1113	16.763407	1.2738228	3551.916821241379
317	4453.8755	19.84882	4475.8354	4418.047	1000.0	406.4129	58.498672	437.15894	162.97823	1590000	-0.105176955	4095.4167	-0.014775768	-1073.6799	17.056541	1.4463768	3562.4930806159973
318	4484.7227	75.4051	4561.6377	4353.594	1000.0	406.6926	54.593693	434.7655	170.58711	1595000	0.15601455	8352.839	-0.012845427	-2437.7715	16.843506	1.3285328	3573.2679505348206
319	4536.9053	103.1685	4673.176	4416.3438	1000.0	405.5624	34.835506	431.19525	151.92342	1600000	-0.03488989	6740.857	-0.0121284425	-986.2451	16.823956	1.3511423	3584.2399005889893
320	4506.6206	25.195562	4529.4927	4466.6753	1000.0	393.7924	58.344765	432.8579	169.06293	1605000	0.12658729	7980.0503	-0.013627671	-2020.4287	16.999891	1.4055686	3596.6699843406677
321	4518.884	69.4402	4636.363	4450.7207	1000.0	416.54745	25.499792	432.19037	42.60575	1610000	0.08310635	7489.198	-0.010334179	-991.0405	16.834385	1.309047	3607.1659886837006
322	4451.8213	32.73048	4503.019	4419.3096	1000.0	395.12955	47.092205	430.54654	168.92006	1615000	-0.041549005	6264.2993	-0.018119369	-1545.3496	16.864254	1.4074867	3618.0239374637604
323	4469.7007	62.476997	4558.009	4404.9756	1000.0	412.4148	36.50041	431.65237	155.73299	1620000	-0.09943839	9896.556	-0.01600366	-2641.643	16.907587	1.3701906	3629.245526075363
324	4517.497	34.877113	4572.381	4484.9097	1000.0	399.30066	23.41242	430.58322	241.82857	1625000	0.026286433	7760.84	-0.013745228	-1520.9629	16.992212	1.4095052	3640.285089492798
325	4505.065	64.59594	4603.2896	4438.8857	1000.0	400.9678	32.006493	431.0628	214.31212	1630000	-0.037247106	7232.589	-0.01459812	-3527.473	16.858046	1.3642844	3650.815280675888
326	4493.346	109.42296	4683.6445	4377.1675	1000.0	416.3546	39.412674	434.25998	132.12434	1635000	-0.0035635254	11157.551	-0.014525412	-3043.6406	16.854788	1.368346	3661.4796211719513
327	4546.514	100.04998	4676.8433	4422.673	1000.0	405.69543	13.133023	428.5834	195.34296	1640000	-0.014725226	8865.272	-0.014537103	-819.2612	16.759922	1.2429796	3672.3243873119354
328	4497.724	66.19707	4600.881	4411.1826	1000.0	405.67276	17.716417	430.35315	252.48341	1645000	-0.10077254	7992.988	-0.015179694	-841.2246	16.707537	1.1682597	3683.146367788315
329	4497.5986	68.32766	4625.113	4420.7256	1000.0	403.61584	16.558012	428.11005	279.63165	1650000	-0.07763471	7558.8096	-0.012759432	-949.229	16.842234	1.4178818	3693.997767686844
330	4474.003	29.541613	4513.2603	4434.6265	1000.0	403.53503	20.4742	428.20615	226.76424	1655000	0.0031329347	7498.552	-0.013537689	-1601.707	16.910244	1.3143859	3706.573748588562
331	4496.21	52.323444	4559.7217	4419.292	1000.0	409.2816	20.110561	427.28998	94.9069	1660000	-0.057438727	7819.837	-0.012377206	-1042.5234	16.899834	1.354911	3717.3068902492523
332	4514.6313	94.96728	4647.019	4406.0405	1000.0	394.39755	34.56663	426.7056	183.0626	1665000	-0.10802991	8861.897	-0.013241112	-2077.8584	16.806034	1.2134606	3728.079820394516
333	4516.367	27.94236	4557.786	4480.595	1000.0	406.97864	24.2419	427.13126	224.53912	1670000	0.0263091	8133.8657	-0.010542097	-915.272	16.838871	1.230146	3738.490178346634
334	4513.175	76.22113	4659.713	4449.038	1000.0	403.7645	20.965473	426.74164	222.51555	1675000	-0.07219714	6906.1465	-0.013571002	-1633.1499	17.040943	1.4925351	3749.541247367859
335	4468.7207	56.44805	4569.3857	4419.376	1000.0	398.64578	40.03641	428.7655	210.8855	1680000	0.063743345	7111.729	-0.013232321	-1764.6147	16.826965	1.2718879	3760.339689731598
336	4513.301	66.3678	4614.282	4428.3203	1000.0	405.42746	35.194515	430.7563	215.92407	1685000	-0.07281932	7801.9473	-0.013206117	-1486.3696	16.862158	1.3483835	3771.8503246307373
337	4450.452	21.055023	4477.9434	4417.5693	1000.0	411.23428	20.534697	429.87143	216.82936	1690000	0.105148084	7458.756	-0.011792079	-1304.3682	16.901487	1.3557646	3782.520399570465
338	4506.19	45.296295	4575.645	4454.2373	1000.0	391.1367	44.384098	428.00696	141.10165	1695000	-0.1363522	9390.902	-0.01534842	-2315.04	16.875256	1.3420988	3793.47540473938
339	4453.1865	56.832954	4535.91	4361.7227	1000.0	409.39365	14.826461	429.22794	244.85153	1700000	0.03735599	7898.1895	-0.011858413	-959.1216	16.932383	1.4254023	3804.2689216136932
340	4467.386	114.91705	4695.8438	4396.721	1000.0	397.34958	22.926386	429.2225	221.48926	1705000	-0.20494868	7937.3457	-0.015648887	-1525.5337	16.971512	1.4244862	3816.18315410614
341	4476.759	65.38818	4557.9683	4370.741	1000.0	400.22305	28.433056	430.62674	165.1705	1710000	-0.0057758912	7580.0776	-0.013842016	-1267.94	16.919107	1.3650144	3826.809962272644
342	4487.093	52.18896	4576.266	4444.1494	1000.0	395.0688	41.2219	431.0626	194.03171	1715000	-0.053795177	7733.9185	-0.018021803	-1757.1167	17.096888	1.5318584	3837.7330718040466
343	4467.87	50.779083	4551.351	4402.777	1000.0	402.97644	34.5056	434.26892	161.79094	1720000	-0.038303234	7298.8735	-0.014298242	-1788.104	16.855772	1.2932094	3848.732379436493
344	4503.935	56.48131	4607.1787	4441.041	1000.0	395.35574	51.128395	433.72238	170.00725	1725000	-0.17762344	6639.9497	-0.01954186	-2122.6567	16.894203	1.3127946	3859.2034056186676
345	4466.0723	81.54389	4541.534	4323.6426	1000.0	411.164	34.223534	437.87964	213.1966	1730000	-0.059908815	6299.343	-0.016797386	-1727.0762	16.888098	1.3407307	3869.9131438732147
346	4488.3413	57.122654	4576.5166	4412.4785	1000.0	400.1453	46.853016	438.05508	141.48975	1735000	-0.027537342	5543.4624	-0.01627019	-1529.7495	17.027634	1.4695569	3880.828313589096
347	4528.8447	88.42334	4681.29	4409.1885	1000.0	391.36746	66.188065	441.02817	163.67029	1740000	0.08264927	9327.255	-0.0140312165	-4443.83	16.78961	1.2548544	3891.6048312187195
348	4471.575	52.92212	4542.1216	4383.2	1000.0	423.2183	25.827496	440.39572	171.98898	1745000	-0.026237078	8311.564	-0.014167637	-1766.9619	16.871098	1.287826	3902.342114686966
349	4502.2656	36.981617	4548.033	4447.81	1000.0	389.41916	49.57515	436.3976	191.15636	1750000	0.056832228	8690.711	-0.013062965	-2458.795	16.862019	1.3365889	3913.103305578232
350	4476.7617	19.445736	4492.586	4439.4775	1000.0	410.90805	30.465395	437.076	211.13844	1755000	0.19841994	6833.495	-0.012745649	-1672.5752	17.031904	1.5040836	3925.336637735367
351	4530.1807	23.542637	4555.1675	4489.1353	1000.0	400.89258	44.781605	434.91226	194.68889	1760000	-0.0026922242	7550.384	-0.014218798	-2061.998	16.880638	1.400332	3936.0424513816833
352	4509.1763	60.115074	4584.1343	4432.1797	1000.0	413.16254	29.2154	434.6211	209.07556	1765000	0.07767785	6242.8394	-0.014201984	-1261.438	16.954855	1.4305975	3946.7203085422516
353	4488.444	41.289978	4551.85	4439.4043	1000.0	403.47156	46.087795	432.46387	179.84671	1770000	-0.13565807	7895.381	-0.016703874	-1663.8896	16.902779	1.3799593	3957.8551018238068
354	4454.6963	56.13249	4510.445	4359.884	1000.0	411.40866	22.241774	431.80804	224.35056	1775000	0.010219055	7176.0	-0.011526872	-1527.0581	17.096447	1.5573041	3968.686981678009
355	4450.495	19.541105	4471.6636	4423.7734	1000.0	399.4684	27.23535	432.02966	206.4844	1780000	-0.28781694	7147.461	-0.014839202	-1688.7695	16.907171	1.372025	3979.4420070648193
356	4479.247	39.382908	4515.905	4405.6914	1000.0	402.0312	32.145294	433.90314	183.55084	1785000	0.039680902	6175.348	-0.01375217	-1635.898	17.003284	1.4762554	3990.066922187805
357	4503.082	74.670334	4627.708	4426.8555	1000.0	386.0116	57.38354	435.23706	38.832794	1790000	-0.2005671	9280.573	-0.013792321	-3613.4946	16.957325	1.4880604	4000.9531943798065
358	4468.4775	53.290066	4561.448	4422.36	1000.0	411.84308	34.301228	434.53912	224.3094	1795000	-0.13087685	7359.184	-0.015788168	-1623.1362	16.78561	1.2936307	4011.726909637451
359	4478.8076	87.375305	4632.754	4377.6343	1000.0	398.2184	38.979824	433.31342	165.02087	1800000	0.067623936	7147.208	-0.012623001	-1638.1719	16.999407	1.4450634	4022.502245426178
360	4482.285	38.6382	4543.9507	4430.9824	1000.0	403.61554	44.204163	436.10202	141.58574	1805000	-0.044578888	7939.3584	-0.013568349	-1769.2578	16.909838	1.3713338	4034.9699482917786
361	4425.97	84.245926	4530.3354	4311.9517	1000.0	402.1941	36.674683	434.2222	203.00137	1810000	-0.0017669372	5781.4287	-0.017867109	-1650.4009	17.044815	1.518145	4045.7164413928986
362	4501.048	24.143913	4545.2812	4474.3774	1000.0	402.50775	38.564137	434.7353	175.47195	1815000	-0.036742426	5834.196	-0.01595413	-1752.7046	16.870422	1.3519318	4056.5266094207764
363	4470.2476	60.297283	4574.741	4401.4106	1000.0	393.65845	55.354073	438.74683	99.64397	1820000	-0.081974655	6208.505	-0.014266811	-1742.7578	16.95637	1.4072082	4067.241262435913
364	4506.6587	69.21629	4569.2627	4372.1724	1000.0	394.1752	57.141014	440.11252	118.05523	1825000	-0.06183475	7698.7866	-0.015422601	-2450.957	16.830048	1.2824682	4078.7389447689056
365	4449.2603	40.230686	4502.452	4408.6523	1000.0	412.40033	28.929255	438.7319	197.41711	1830000	-0.064120054	5869.692	-0.013096862	-1536.2202	17.151245	1.580434	4090.104676961899
366	4494.7764	18.420622	4520.5327	4465.2197	1000.0	374.64786	76.08622	438.7864	92.55361	1835000	-0.07291414	5638.9614	-0.015234955	-3112.4033	16.892975	1.355801	4101.167270421982
367	4486.9717	22.797167	4514.2056	4445.7256	1000.0	413.65576	56.947147	442.54193	167.71078	1840000	0.12675588	9208.79	-0.012707122	-2611.1807	17.14699	1.5957407	4112.442716121674
368	4480.8135	46.08068	4545.3667	4408.775	1000.0	403.61746	29.24514	435.59155	202.8461	1845000	-0.012037915	6368.693	-0.012775793	-1189.1167	16.90694	1.3806498	4123.808363199234
369	4448.413	35.9816	4513.0874	4420.746	1000.0	413.67285	14.351398	438.63876	217.32593	1850000	0.0802877	7723.4214	-0.013122737	-1179.8716	16.959219	1.4046456	4135.35004734993
370	4454.208	38.128838	4515.365	4406.525	1000.0	395.7015	28.904903	438.0077	78.471214	1855000	-0.29236525	6770.732	-0.01750788	-1645.2632	17.124687	1.5904824	4149.284487247467
371	4535.061	35.97111	4564.169	4465.992	1000.0	390.90213	54.082592	438.46155	82.870094	1860000	-0.18539146	9833.822	-0.015747622	-3121.2637	17.021765	1.5560141	4161.2090010643005
372	4434.9287	44.60691	4522.7476	4399.998	1000.0	406.604	34.75997	437.15662	204.92664	1865000	-0.029753538	6599.9927	-0.013244173	-1347.9844	17.201344	1.6709594	4172.727376699448
373	4452.949	43.13069	4531.9062	4400.726	1000.0	408.0201	25.01367	435.26898	218.52707	1870000	-0.1443167	7427.867	-0.017379731	-1233.4688	16.941317	1.4626375	4184.203743934631
374	4460.724	57.01033	4534.465	4372.519	1000.0	393.3941	37.50484	435.96335	172.45766	1875000	-0.15867029	7169.1934	-0.015978858	-2029.0405	17.112448	1.5874709	4196.150194883347
375	4456.9404	21.004898	4484.1626	4423.925	1000.0	403.9915	33.688923	437.1343	189.63065	1880000	0.018609144	6746.613	-0.017214345	-1867.5654	17.121002	1.5543911	4207.712502241135
376	4538.4287	19.055885	4573.0015	4515.6294	1000.0	393.52435	48.645096	437.25665	109.37525	1885000	-0.25103712	7973.0273	-0.016678274	-2244.2256	17.175768	1.6767805	4220.062256097794
377	4482.0234	44.13031	4532.9165	4408.902	1000.0	400.4864	52.155006	438.49976	158.11142	1890000	0.08695044	7634.1504	-0.014291719	-2226.5576	17.193735	1.6947123	4232.690888166428
378	4477.6904	24.47778	4510.5083	4450.12	1000.0	414.6928	24.692223	437.2493	163.73613	1895000	-0.0022532959	7544.1226	-0.016394788	-1663.4043	17.069305	1.5247357	4245.219528913498
379	4471.7637	32.758152	4513.2417	4419.377	1000.0	398.4543	42.367615	436.8715	155.44029	1900000	-0.011271386	7189.4863	-0.013739045	-1815.0381	17.180328	1.6922053	4257.926651954651
380	4453.8823	52.78429	4520.185	4400.1	1000.0	402.48636	42.393097	437.2459	67.790504	1905000	0.043548193	7052.824	-0.012426794	-1747.9404	16.907759	1.4512706	4272.394422292709
381	4437.774	17.010725	4460.808	4415.4487	1000.0	404.19775	33.42479	436.59048	185.74443	1910000	-0.08794366	6397.1055	-0.020017251	-2097.5854	16.909452	1.4238446	4285.391288518906
382	4441.693	79.152016	4585.587	4346.7373	1000.0	396.88022	44.429676	438.93066	157.32614	1915000	-0.27850685	7763.654	-0.016070396	-2319.9292	17.162975	1.6493262	4298.757655143738
383	4458.4873	36.63388	4508.899	4397.6924	1000.0	397.7906	41.946095	437.50653	165.51935	1920000	-0.12729938	8970.105	-0.01736413	-2510.0205	17.094889	1.6039655	4312.031991004944
384	4484.639	65.86664	4572.34	4372.8394	1000.0	394.56494	37.927288	438.96365	189.4017	1925000	0.13250601	9186.57	-0.014943279	-2347.7935	17.140318	1.5944093	4325.267423629761
385	4460.5923	91.07308	4621.4565	4380.9316	1000.0	409.17957	16.198433	438.7887	268.27878	1930000	0.029215747	7289.28	-0.013897061	-1408.5684	17.161095	1.6771828	4338.142622709274
386	4482.859	92.12342	4604.349	4376.6924	1000.0	399.2892	32.539845	441.95828	212.86592	1935000	0.017623046	7371.91	-0.013311353	-1542.4316	16.916428	1.3958207	4351.168981552124
387	4498.836	44.943058	4546.2607	4428.197	1000.0	401.8822	35.52753	438.77966	209.66565	1940000	-0.090002246	7007.4814	-0.019469962	-1585.9775	17.060968	1.5765847	4364.285010576248
388	4442.6865	67.77045	4549.3643	4359.6313	1000.0	412.1289	22.451029	441.00946	184.67001	1945000	0.02186004	6828.896	-0.01240304	-1677.4214	17.196451	1.7139459	4377.4970581531525
389	4459.675	40.262333	4507.6123	4399.6777	1000.0	390.03406	43.422993	428.44168	101.23422	1950000	-0.14422618	6217.3223	-0.015079066	-2096.9473	17.000025	1.5276769	4391.2508845329285
390	4512.561	42.846016	4570.8984	4449.686	1000.0	377.32495	69.21237	438.15463	129.8538	1955000	-0.05063385	9489.094	-0.014501002	-4567.92	17.075212	1.6178603	4406.8377597332
391	4445.526	65.95867	4567.8687	4368.0693	1000.0	422.80075	36.629913	448.53143	248.51476	1960000	-0.10860535	8222.008	-0.014807202	-1779.5796	17.029797	1.5537028	4420.292409658432
392	4471.288	13.716064	4490.546	4454.5044	1000.0	405.1956	18.291368	426.41034	240.66441	1965000	0.07801769	7553.7183	-0.011193797	-1039.4365	17.129377	1.5815432	4433.913478374481
393	4445.8896	55.962147	4515.5117	4366.6265	1000.0	394.01816	32.468616	429.05746	129.7014	1970000	0.030735089	6748.208	-0.014906151	-1500.7734	17.150717	1.6660969	4447.683967351913
394	4498.8247	92.9635	4616.773	4387.2866	1000.0	400.5699	36.22985	432.43127	182.15154	1975000	-0.06389611	6534.486	-0.013005026	-1889.4473	17.223059	1.7712405	4461.087606668472
395	4436.654	39.872402	4489.8086	4374.8276	1000.0	409.9395	31.64279	431.9987	146.51982	1980000	-0.0061309705	5547.78	-0.014858823	-1859.1501	17.123848	1.6599629	4474.790318727493
396	4501.2896	32.560135	4557.8374	4465.9863	1000.0	379.5769	64.53543	432.8132	67.484436	1985000	-0.10372336	8739.614	-0.016462415	-4224.8623	17.153906	1.7037066	4488.621953964233
397	4476.923	44.043583	4532.8027	4398.112	1000.0	406.53104	48.5758	444.53497	130.17168	1990000	-0.00025172118	5952.676	-0.013082526	-1068.5718	17.130053	1.6111403	4502.783056497574
398	4460.337	66.38765	4570.045	4390.266	1000.0	402.76453	50.07569	437.93262	137.69655	1995000	0.05588537	7393.712	-0.016884845	-1342.2383	17.14806	1.6107688	4516.911344051361
399	4481.242	51.292088	4554.0854	4408.208	1000.0	400.34335	42.690548	441.74063	166.1277	2000000	-0.05306278	6515.164	-0.015981726	-1325.5215	17.378504	1.8208176	4530.92311501503
400	4445.2607	20.483881	4476.0005	4412.8154	1000.0	417.63208	16.780565	447.17587	211.93387	2005000	-0.04708581	8216.25	-0.01578511	-2685.4038	16.992117	1.546797	4547.107650279999
401	4498.6143	21.069649	4518.657	4458.5273	1000.0	383.06985	44.881054	431.263	146.39664	2010000	0.013891268	7320.0254	-0.013817842	-4395.4204	17.182795	1.7009562	4562.043891906738
402	4468.5317	66.84358	4564.506	4356.553	1000.0	411.6203	52.864166	445.09366	162.1086	2015000	-0.02439397	6937.7495	-0.013761504	-1881.8013	17.058132	1.5839281	4576.763371229172
403	4505.8545	76.18171	4619.7754	4398.45	1000.0	402.9275	50.553883	432.35413	142.06752	2020000	-0.1449273	8298.409	-0.014323324	-1950.3413	17.218079	1.7533281	4590.8340945243835
404	4436.3877	23.901423	4469.638	4402.6626	1000.0	410.33234	25.390114	439.9046	224.31609	2025000	-0.22077073	6748.1006	-0.012958571	-1407.9517	17.005482	1.536741	4604.4730587005615
405	4492.1646	64.966415	4575.6753	4404.5557	1000.0	396.4579	40.316654	435.19516	157.70248	2030000	0.092935115	6055.431	-0.013936579	-1344.8467	17.02283	1.5040717	4618.479177236557
406	4450.1123	27.76486	4489.457	4422.792	1000.0	412.51392	21.888433	444.58148	174.51231	2035000	-0.2664573	7060.2505	-0.013376802	-1666.3047	17.179071	1.6816953	4632.1291427612305
407	4472.237	16.236761	4495.753	4453.46	1000.0	388.1371	45.739906	432.41336	-27.675776	2040000	-0.028226012	7642.488	-0.014342165	-2195.796	16.995815	1.4896497	4646.211671590805
408	4483.1553	53.896744	4561.475	4397.063	1000.0	395.16135	56.228683	444.11154	138.97525	2045000	-0.08498853	7965.9634	-0.01788196	-2402.5913	17.141344	1.6315289	4659.781023740768
409	4469.992	20.444647	4502.8687	4445.882	1000.0	402.0548	41.131954	444.1885	98.82609	2050000	-0.28779107	7093.4194	-0.016465425	-2426.479	17.270851	1.8426484	4673.846010684967
410	4433.995	34.925518	4494.7134	4398.955	1000.0	404.6433	39.397224	445.48648	171.29936	2055000	-0.029246673	6363.196	-0.0115069635	-1374.8804	17.295225	1.8016722	4691.246745824814
411	4491.956	44.326176	4565.106	4434.695	1000.0	409.57205	28.40624	446.07547	142.19678	2060000	-0.12035479	7035.5337	-0.017048359	-1443.8477	17.214756	1.7265049	4705.868134260178
412	4440.4707	51.717117	4500.326	4347.554	1000.0	392.73965	54.75849	435.20627	107.35999	2065000	0.026409985	7334.09	-0.011106824	-1999.6885	17.278769	1.8336396	4719.80504322052
413	4461.667	60.715134	4551.797	4362.207	1000.0	404.6588	32.372276	436.96317	176.06927	2070000	-0.07497544	6641.896	-0.013296433	-1410.2778	16.994715	1.5045315	4734.808461427689
414	4475.439	65.774216	4590.407	4393.397	1000.0	401.7602	38.21182	436.3222	115.20461	2075000	-0.077199854	6305.1714	-0.017724752	-1458.4531	17.187582	1.7433453	4749.453163862228
415	4451.2344	53.088512	4502.456	4355.3174	1000.0	394.66806	52.40123	442.21988	58.515533	2080000	-0.36152872	6968.957	-0.019341707	-1599.3442	17.474596	1.9777141	4762.928594112396
416	4454.5576	30.948605	4487.1387	4413.8247	1000.0	389.17062	59.80406	436.97278	35.88792	2085000	-0.234108	6879.56	-0.017234951	-2107.2979	17.278944	1.8049769	4776.647624731064
417	4470.032	19.495646	4495.5723	4439.7803	1000.0	413.9529	25.24019	450.87662	174.85243	2090000	0.023318073	7275.565	-0.013838883	-1142.3354	17.119223	1.6214383	4790.462738037109
418	4444.513	71.94033	4576.041	4365.595	1000.0	390.98236	47.632805	447.36316	184.28183	2095000	0.14679939	6089.9385	-0.017379522	-1590.1265	17.269701	1.8147058	4803.912952899933
419	4429.957	35.69649	4475.905	4386.474	1000.0	411.5043	29.033388	439.5441	197.25238	2100000	-0.011961982	6115.4263	-0.014458751	-1604.0747	17.506247	2.0449202	4817.39817070961
420	4465.702	51.35838	4537.786	4403.022	1000.0	404.28156	44.781475	437.08127	90.19783	2105000	-0.028124195	6627.094	-0.013663292	-1258.8433	17.128746	1.7444623	4833.237143039703
421	4479.466	61.913937	4540.589	4364.28	1000.0	382.99564	63.866222	443.1721	111.090065	2110000	-0.048821043	7028.6416	-0.017264348	-2797.0376	17.31367	1.8707402	4847.246668100357
422	4488.9736	70.764496	4600.4805	4392.7637	1000.0	395.1519	65.00867	452.12888	173.41118	2115000	-0.23686475	8046.392	-0.018108636	-2665.5107	17.159435	1.7191321	4861.063083410263
423	4479.8994	73.03338	4603.913	4407.2993	1000.0	414.65125	33.900085	452.15973	190.78136	2120000	0.031653985	5429.7915	-0.011103101	-1705.1406	17.32295	1.9390817	4874.607625246048
424	4482.77	32.155388	4530.6514	4441.5767	1000.0	410.54977	43.995132	441.6428	158.66359	2125000	-0.011160468	5254.1	-0.013646466	-2155.9558	17.329437	1.868407	4887.961036682129
425	4458.8403	36.58853	4518.5015	4409.446	1000.0	409.28165	53.36701	439.29996	99.072205	2130000	-0.059091087	5619.4097	-0.017318014	-1328.2671	17.241306	1.7522477	4901.254660844803
426	4451.2373	37.736324	4502.963	4409.9995	1000.0	378.4361	72.455444	437.87082	132.65514	2135000	-0.122152366	10330.764	-0.013971023	-4213.409	17.214678	1.6156932	4914.8370015621185
427	4435.8696	52.571495	4499.665	4369.8623	1000.0	412.86234	17.477074	452.31326	239.90298	2140000	0.07537401	7600.906	-0.012197621	-1500.7319	17.269728	1.851584	4928.3698387146
428	4433.3296	65.46294	4552.2207	4367.399	1000.0	394.67514	31.587828	449.1481	160.24524	2145000	-0.13416258	6588.7144	-0.01984787	-1194.0366	17.26717	1.7444445	4941.739656686783
429	4468.5034	46.08188	4552.988	4419.313	1000.0	401.6562	35.069374	443.90375	204.01562	2150000	-0.35307014	6610.021	-0.017565012	-1453.5044	17.415855	1.9587356	4955.985999822617
430	4506.5312	66.581085	4607.2437	4416.7705	1000.0	391.42813	52.813763	456.7533	137.61758	2155000	-0.18911026	8760.06	-0.019896105	-2404.7803	17.279764	1.822317	4971.4300973415375
431	4488.54	34.309246	4545.3833	4445.1104	1000.0	410.02502	37.111336	462.2946	-133.33467	2160000	0.12341223	7523.288	-0.018272996	-1453.8433	17.196848	1.7777396	4984.738605737686
432	4542.583	82.51506	4670.12	4460.35	1000.0	400.60287	42.303185	460.67007	63.476837	2165000	-0.20019671	7382.6953	-0.021119013	-1714.8369	17.337347	1.9102668	4998.596630573273
433	4490.2173	40.974052	4551.4624	4443.7793	1000.0	388.27274	60.5537	456.0978	199.83812	2170000	0.099990405	9292.108	-0.019294463	-3342.517	17.132177	1.732361	5012.661604166031
434	4447.243	59.953056	4512.8325	4340.036	1000.0	416.81656	21.877708	449.18613	233.20119	2175000	0.013867895	7815.984	-0.019697076	-1190.4321	17.335793	1.8714879	5025.848787546158
435	4451.3496	33.94344	4498.5137	4393.1177	1000.0	399.47995	26.450966	451.79056	202.7557	2180000	-0.13104495	6368.988	-0.017078504	-1842.2588	17.313725	1.860428	5039.639853000641
436	4465.0264	74.18455	4588.67	4383.3735	1000.0	377.36563	63.053463	436.8896	155.35808	2185000	-0.17553088	9415.646	-0.018503115	-3739.2876	17.508945	2.003461	5053.141671180725
437	4509.384	77.50254	4611.373	4419.941	1000.0	412.29294	29.293707	448.78668	163.46056	2190000	0.17523533	7276.341	-0.016379818	-1078.2246	17.40225	1.9576721	5066.80642580986
438	4448.3384	36.230183	4502.7104	4397.973	1000.0	411.38367	20.474691	448.6026	74.32658	2195000	-0.08022052	7224.437	-0.013687544	-2203.8828	17.22769	1.7455657	5080.508245229721
439	4473.09	52.8986	4549.087	4406.567	1000.0	389.63916	46.14246	429.25723	193.60648	2200000	-0.079276554	8082.56	-0.018049486	-1723.7241	17.495462	2.053525	5094.532531261444
440	4463.669	26.654976	4496.929	4421.473	1000.0	400.86792	35.249725	446.6909	227.84169	2205000	-0.110903114	6541.6104	-0.017144665	-2793.1064	17.398	1.9938213	5110.785891294479
441	4484.872	18.838982	4515.456	4463.8564	1000.0	408.00137	45.482967	434.61353	228.10257	2210000	0.1131886	5605.798	-0.014446363	-1326.5195	17.183489	1.7221801	5124.7069256305695
442	4484.323	44.58327	4529.7812	4407.247	1000.0	419.25522	17.654766	438.44748	220.27963	2215000	-0.042045735	7761.72	-0.014498029	-1155.5132	17.451694	1.9348515	5138.97291970253
443	4469.847	42.444515	4537.467	4422.2144	1000.0	381.009	52.74074	437.33337	144.63678	2220000	-0.23761606	6976.324	-0.017976224	-2241.6084	17.5855	2.115627	5152.971056938171
444	4525.877	59.811546	4606.939	4422.483	1000.0	409.07874	39.278877	457.90796	226.49092	2225000	-0.24310872	7967.248	-0.017916441	-1316.2529	17.322203	1.8492184	5167.038509130478
445	4479.9565	43.629814	4545.47	4416.538	1000.0	397.7513	36.720116	460.03186	230.94489	2230000	-0.124617636	6435.5303	-0.013345808	-3322.6858	17.227655	1.8379989	5180.34068274498
446	4457.085	86.65001	4621.3936	4385.107	1000.0	414.3366	42.504063	463.18484	197.6032	2235000	-0.05302231	6870.7534	-0.02067995	-1495.1606	17.28105	1.8428797	5193.991717100143
447	4488.19	66.80169	4615.9033	4434.0806	1000.0	410.1589	23.737307	436.0321	179.6927	2240000	0.0010028564	7976.5425	-0.015367432	-1689.4126	17.359234	1.9616485	5207.89813041687
448	4505.525	106.05229	4689.257	4415.332	1000.0	379.2267	51.90268	450.0774	153.21791	2245000	-0.13192105	7517.6353	-0.016522005	-2263.9321	17.411198	2.0340722	5221.9772844314575
449	4481.7085	27.462635	4532.472	4454.5244	1000.0	413.2139	36.8467	453.19852	204.9246	2250000	-0.32168093	6644.715	-0.020088166	-2125.038	17.322815	1.9440633	5236.160921573639
450	4508.333	100.40334	4676.6206	4361.4873	1000.0	407.79184	42.240627	453.44437	195.44125	2255000	-0.09796456	6874.636	-0.019008853	-1753.9868	17.450062	2.0394886	5251.285420417786
451	4513.0234	82.296585	4631.375	4434.976	1000.0	386.4176	54.72178	454.1334	128.65639	2260000	0.00015528564	8482.691	-0.016064987	-2664.62	17.579918	2.127023	5264.855936527252
452	4478.3706	53.599648	4555.4785	4406.8193	1000.0	409.0167	40.301105	449.3383	187.65324	2265000	-0.18008624	6128.5464	-0.02288638	-1997.1328	17.543825	2.1718423	5278.096387386322
453	4466.5625	42.164677	4521.7124	4397.1455	1000.0	410.8672	41.293743	451.51517	200.73923	2270000	-0.37224457	6165.8477	-0.024029136	-1234.9019	17.492712	2.1406715	5291.325923442841
454	4473.9224	49.683327	4561.067	4417.7246	1000.0	390.70334	51.895462	449.58493	152.064	2275000	0.06943655	5770.638	-0.01422311	-1784.113	17.417046	2.037343	5304.751071691513
455	4489.0786	39.55414	4558.442	4435.258	1000.0	392.89975	62.248695	462.27042	176.59186	2280000	0.16067123	4358.043	-0.0147099495	-1385.237	17.656586	2.1861773	5318.7077758312225
456	4470.2217	78.56182	4609.9087	4399.133	1000.0	418.39417	37.45436	453.30853	175.32672	2285000	-0.042771704	6613.8735	-0.024410605	-1170.0581	17.426115	2.0115273	5332.541368961334
457	4484.4907	85.563095	4630.0737	4400.65	1000.0	407.03174	31.380579	446.15735	164.35133	2290000	-0.21008167	7388.816	-0.022470042	-1298.6865	17.679554	2.2190747	5346.2625868320465
458	4489.5	83.13354	4637.3237	4390.8687	1000.0	383.9561	66.221436	449.08438	135.83678	2295000	-0.098919824	12310.648	-0.01719302	-5136.175	17.623508	2.2375495	5359.867163896561
459	4437.9697	37.19456	4499.2573	4392.599	1000.0	408.09705	16.051113	454.81274	277.95303	2300000	-0.16044407	6727.461	-0.01528585	-1693.3999	17.454157	2.0232716	5373.422682762146
460	4477.9253	55.8823	4538.081	4388.437	1000.0	397.23425	38.5294	453.32208	195.08612	2305000	0.038147606	6681.4863	-0.016233116	-1430.2354	17.574614	2.2076633	5389.074798583984
461	4475.6514	55.134346	4557.123	4410.5156	1000.0	394.85892	46.355583	449.75168	124.81422	2310000	0.054553833	5156.1616	-0.013455592	-1739.5952	17.564415	2.0881083	5402.159326553345
462	4476.595	33.80908	4518.589	4435.427	1000.0	409.55014	50.876434	452.7434	18.674746	2315000	0.058429524	7890.723	-0.013970252	-1818.5981	17.451435	2.137704	5415.341187000275
463	4466.9326	25.759182	4497.317	4425.7334	1000.0	401.08795	37.38504	452.70724	204.7568	2320000	-0.19743435	6179.063	-0.017980427	-1617.6436	17.738241	2.3005054	5428.815097093582
464	4491.093	21.32914	4516.8984	4464.169	1000.0	395.61496	57.11843	453.22488	103.33903	2325000	-0.2750859	8810.268	-0.025639296	-2433.437	17.729866	2.3507564	5442.246681928635
465	4508.9443	43.23316	4572.865	4450.014	1000.0	401.26736	39.038425	455.5723	183.61131	2330000	-0.09313125	6787.177	-0.026366822	-1944.3594	17.357979	1.9766898	5456.2034068107605
466	4469.3467	54.20197	4531.552	4391.3086	1000.0	419.55255	23.181036	451.80063	190.43796	2335000	-0.06312528	7291.3906	-0.017150298	-2279.6426	17.91157	2.5356011	5470.017352819443
467	4439.1787	80.483345	4548.358	4352.8667	1000.0	395.2892	56.283043	447.17447	106.95513	2340000	-0.020122567	7038.072	-0.016551236	-1545.0679	17.506084	2.1519325	5483.682317018509
468	4461.9097	45.534992	4530.1704	4401.905	1000.0	400.00644	42.45277	450.51617	172.34447	2345000	-0.076029815	7047.005	-0.015406638	-1377.7129	17.750175	2.3312516	5496.807274580002
469	4550.3438	81.05376	4691.5024	4439.375	1000.0	397.3401	48.824104	448.94296	104.47053	2350000	-0.14997967	8301.869	-0.021772042	-3331.394	17.30247	1.9733813	5510.08261179924
470	4468.096	108.45603	4651.2544	4325.664	1000.0	417.87555	26.289719	464.269	195.1989	2355000	0.10313394	7856.5986	-0.01647593	-1530.3643	17.558043	2.194468	5525.315894603729
471	4436.3726	44.092064	4494.8535	4374.59	1000.0	393.88345	38.099575	450.02823	142.28758	2360000	0.08296506	6911.556	-0.017915525	-1598.1846	17.602327	2.2214868	5538.466853618622
472	4486.186	70.29871	4602.71	4404.181	1000.0	395.4042	48.244072	445.10742	142.21268	2365000	-0.15902817	7859.009	-0.022339717	-1917.2012	17.634611	2.18608	5551.252996206284
473	4489.775	36.129578	4536.5537	4436.762	1000.0	405.0071	34.58869	455.71103	172.53304	2370000	-0.39363644	6656.1104	-0.023248434	-1747.1484	17.52841	2.1407506	5564.467358827591
474	4422.5205	66.31901	4517.922	4342.6396	1000.0	406.2093	45.47783	464.98474	125.08732	2375000	-0.12903777	6515.1104	-0.018988997	-1188.0518	17.773487	2.4120023	5577.654915809631
475	4474.07	29.468538	4514.1274	4442.0566	1000.0	384.4597	56.67798	455.77466	126.1571	2380000	-0.039621923	5266.41	-0.017446138	-2107.8174	17.735106	2.370493	5590.06448841095
476	4477.632	30.408947	4510.964	4429.0693	1000.0	400.76614	59.265095	461.45325	187.68228	2385000	0.11302485	6225.892	-0.014769457	-1323.6558	17.851444	2.468001	5602.33650135994
477	4465.7695	52.367294	4557.5264	4406.191	1000.0	412.27963	34.079983	463.79446	179.5173	2390000	0.11134694	6619.4556	-0.02228795	-1491.7734	17.7098	2.285939	5614.404999256134
478	4459.818	43.01429	4521.459	4406.037	1000.0	400.29446	48.250237	442.19376	106.37953	2395000	-0.23778719	5994.2803	-0.018273741	-806.20215	17.338907	1.956707	5626.977374076843
479	4559.1406	59.98783	4635.098	4461.0474	1000.0	397.1901	45.14667	454.38837	120.06993	2400000	-0.21362422	7839.464	-0.017465651	-1436.7607	17.515596	2.1614382	5639.8467354774475
480	4433.267	40.404068	4488.441	4373.4277	1000.0	418.5238	20.539526	458.56253	158.97351	2405000	-0.021621378	6603.96	-0.019627484	-2372.1665	17.467257	2.089482	5655.162179946899
481	4450.6265	61.770866	4550.378	4366.5635	1000.0	391.37344	63.900005	452.93747	-66.8763	2410000	-0.18354914	8651.366	-0.024957746	-3958.6655	17.72327	2.3932927	5668.102348089218
482	4466.1963	69.58383	4574.3765	4360.997	1000.0	390.34738	53.486458	444.15396	74.030624	2415000	-0.17965724	7672.4385	-0.020821854	-2287.4688	17.864721	2.5927272	5680.821548938751
483	4457.615	42.524555	4508.6494	4379.2554	1000.0	411.8707	21.977581	456.4253	220.63527	2420000	-0.08802011	6574.4463	-0.01461228	-2277.3647	17.80198	2.5220149	5693.152842283249
484	4489.3677	40.224243	4540.526	4443.7305	1000.0	379.1718	72.04025	443.87164	72.56925	2425000	-0.12770218	9729.052	-0.015691653	-3965.6934	17.732939	2.421287	5705.429167985916
485	4459.2837	55.12143	4556.237	4395.7124	1000.0	411.10666	37.696136	461.60132	174.91263	2430000	-0.3869761	6745.897	-0.025285572	-1239.8535	17.877312	2.547867	5717.997309923172
486	4464.944	25.467726	4511.8564	4434.437	1000.0	402.77744	36.89652	469.9126	218.16669	2435000	0.05630261	6273.2134	-0.014006931	-1215.5879	17.722675	2.3969464	5730.532802581787
487	4492.8	53.507507	4584.5903	4429.259	1000.0	405.217	33.26573	456.50116	205.48584	2440000	-0.25032267	5732.9644	-0.0145769715	-2031.5383	17.904787	2.5866013	5742.811016082764
488	4504.2905	78.22908	4626.0947	4437.927	1000.0	412.61575	28.230555	452.7041	180.57425	2445000	-0.3398429	8603.56	-0.026468068	-1343.374	17.896769	2.5965097	5755.220101594925
489	4451.448	38.73122	4496.643	4401.723	1000.0	398.53714	29.85345	457.75684	178.33444	2450000	-0.17063123	6159.966	-0.01761511	-1985.7368	17.97827	2.582946	5767.614160299301
490	4464.6313	50.659348	4555.1343	4399.173	1000.0	402.46188	46.047596	450.0444	129.93556	2455000	0.06356877	5438.552	-0.0145606175	-699.0088	17.927227	2.5508308	5782.076256752014
491	4461.7217	47.605846	4554.7314	4423.336	1000.0	406.1733	35.04018	445.1714	147.57051	2460000	-0.057056285	5738.7544	-0.020877726	-1314.2676	17.945032	2.620606	5794.23953795433
492	4440.5234	23.2234	4479.6304	4414.299	1000.0	387.29126	46.23519	447.37375	137.10477	2465000	-0.20006752	6005.8496	-0.017885074	-2753.5706	17.818266	2.5066903	5806.2726583480835
493	4458.5713	47.72735	4527.086	4398.6484	1000.0	372.55405	94.39281	462.29614	-0.23887253	2470000	-0.34419483	9181.206	-0.020103604	-5209.339	17.798597	2.5236645	5818.368965148926
494	4488.2437	27.92573	4536.661	4452.9766	1000.0	415.62604	39.167255	460.839	173.28122	2475000	-0.12990917	7408.76	-0.019593626	-1171.875	17.963694	2.664018	5830.631036043167
495	4415.7256	41.21018	4484.116	4373.7	1000.0	404.22	25.681665	454.84592	193.83363	2480000	-0.34477893	5892.2354	-0.023000777	-1814.6619	17.974302	2.6102574	5842.592625617981
496	4470.3936	51.111866	4557.706	4416.9243	1000.0	363.02252	77.626396	438.71548	107.82868	2485000	-0.38133648	7046.544	-0.021386504	-3607.8655	18.04544	2.7428026	5854.346174478531
497	4450.3345	70.64323	4576.2876	4360.813	1000.0	421.6288	41.219128	464.48965	199.20369	2490000	-0.07263887	7759.609	-0.023661561	-1901.752	17.643661	2.4285219	5866.628391742706
498	4495.8647	60.552387	4608.226	4431.6025	1000.0	396.7731	38.40445	440.76282	157.9159	2495000	0.1623163	6841.563	-0.016008168	-1012.1714	17.767595	2.4541078	5879.196093797684
499	4460.5547	25.031414	4500.6655	4430.35	1000.0	407.06717	41.821175	443.28717	197.08018	2500000	0.07595942	5853.34	-0.016906712	-809.73047	18.055159	2.7066731	5893.109261512756
