Epoch	AverageEpRet	StdEpRet	MaxEpRet	MinEpRet	AverageTestEpRet	StdTestEpRet	MaxTestEpRet	MinTestEpRet	EpLen	TestEpLen	TotalEnvInteracts	AverageQVals	StdQVals	MaxQVals	MinQVals	LossPi	LossQ	Time
1	4710.0327	39.016304	4763.1465	4633.0796	4683.308	2.5116303	4687.2417	4680.5146	1000.0	1000.0	10000	105.77719	61.99119	327.7689	-128.84601	-106.63295	6.8854938	76.80194973945618
2	4714.448	18.157545	4733.6997	4673.553	4683.803	2.0274203	4686.5303	4680.2026	1000.0	1000.0	20000	263.85678	33.99237	469.81564	73.41045	-264.21982	6.6549416	175.22003173828125
3	4705.8413	35.06896	4736.0757	4619.5317	4684.8545	0.99589926	4686.295	4683.5415	1000.0	1000.0	30000	351.96027	29.783493	570.84094	107.78352	-352.36105	7.552718	275.13627219200134
4	4715.6704	18.267488	4732.076	4668.958	4683.796	2.5701175	4687.804	4680.032	1000.0	1000.0	40000	409.04498	26.264288	587.6553	201.35294	-409.30396	7.297849	380.3980152606964
5	4722.0205	11.293381	4731.909	4699.332	4683.287	2.1080568	4686.7725	4679.8286	1000.0	1000.0	50000	440.0929	24.17998	662.22107	238.57744	-440.3139	6.8655562	484.37189388275146
6	4715.329	17.407938	4734.387	4678.965	4684.123	2.4345171	4687.158	4680.091	1000.0	1000.0	60000	459.56464	23.382017	674.9708	203.37038	-459.78696	6.433507	588.2310991287231
7	4695.8564	31.856815	4728.1875	4614.426	4683.4854	2.349555	4687.6143	4680.4136	1000.0	1000.0	70000	470.99652	22.136663	664.7728	244.96773	-471.1924	5.340012	690.9143469333649
8	4714.9087	11.696668	4731.135	4692.4478	4683.596	2.186232	4686.557	4680.9893	1000.0	1000.0	80000	477.64624	21.04648	685.80927	198.18126	-477.83176	6.0406733	794.8171458244324
9	4715.3647	20.632032	4736.8887	4671.1294	4683.712	1.6962918	4686.311	4680.757	1000.0	1000.0	90000	481.89636	20.115261	805.3897	317.09616	-482.0802	5.5267467	899.1742305755615
10	4707.107	20.17276	4731.7715	4668.722	4683.9927	2.2394426	4687.9424	4681.0347	1000.0	1000.0	100000	485.44507	19.413277	682.3096	307.57538	-485.662	5.4906025	1001.8299489021301
11	4718.378	12.387781	4731.114	4697.445	4682.468	2.1533902	4687.478	4680.1294	1000.0	1000.0	110000	487.95776	18.605417	715.74066	307.18707	-488.1684	5.116601	1105.5790853500366
12	4706.203	39.800568	4731.685	4595.17	4684.2173	1.7424144	4686.836	4681.7227	1000.0	1000.0	120000	490.1037	17.944046	727.0619	288.59763	-490.3346	4.3521338	1214.5335972309113
13	4721.437	11.362697	4732.2456	4696.425	4683.13	1.5056614	4685.7627	4681.286	1000.0	1000.0	130000	491.60306	17.65906	795.4779	361.35995	-491.8311	4.632416	1326.2013478279114
14	4718.362	15.437532	4734.8516	4692.896	4684.2085	2.1699848	4686.6553	4679.312	1000.0	1000.0	140000	491.89697	17.039442	779.78094	252.21521	-492.1111	4.3072605	1437.8579823970795
15	4718.95	17.290499	4732.129	4679.2104	4684.118	2.0323234	4687.628	4680.7466	1000.0	1000.0	150000	492.5076	16.293755	719.5029	249.80853	-492.7315	3.7650282	1550.8018870353699
16	4717.374	20.698456	4735.687	4664.381	4683.5747	2.4984415	4687.798	4680.4634	1000.0	1000.0	160000	492.88937	15.532091	721.4642	281.47168	-493.1161	3.6798613	1662.7774739265442
17	4714.2666	17.068058	4732.297	4681.884	4684.494	2.2362814	4688.1426	4679.941	1000.0	1000.0	170000	494.01834	14.796383	697.3906	301.169	-494.26917	3.3534307	1779.568564414978
18	4724.523	9.028102	4732.841	4700.344	4683.876	1.626482	4687.087	4681.638	1000.0	1000.0	180000	495.01096	13.976215	726.1623	272.84924	-495.2728	3.971682	1902.4706461429596
19	4722.46	10.981393	4732.1704	4699.468	4684.9585	1.5618856	4687.2007	4682.6577	1000.0	1000.0	190000	496.83813	13.425048	727.379	219.53702	-497.1213	3.456146	2024.5504443645477
20	4712.5547	16.185545	4729.6636	4685.563	4684.7725	2.236769	4688.3867	4681.1665	1000.0	1000.0	200000	497.74	12.579167	761.46533	298.23392	-498.0116	3.046019	2145.7115738391876
21	4726.6074	7.515264	4737.9507	4709.486	4683.8247	1.44128	4685.8193	4681.465	1000.0	1000.0	210000	498.46097	11.903612	771.6208	317.38678	-498.75024	3.21969	2268.7634360790253
22	4717.254	19.323994	4732.2065	4673.048	4684.0146	2.1682098	4688.3965	4680.474	1000.0	1000.0	220000	499.06335	11.143649	719.8999	229.052	-499.3601	3.2331514	2389.371520280838
23	4721.798	12.852274	4734.295	4692.081	4682.448	2.1961706	4685.9697	4680.292	1000.0	1000.0	230000	500.79053	10.761287	864.97797	288.9722	-501.10626	3.2289257	2509.670931816101
24	4719.329	16.96466	4731.94	4683.3916	4684.303	2.6699772	4687.4766	4680.673	1000.0	1000.0	240000	501.71588	10.391807	694.0657	346.40628	-502.0193	2.4083297	2630.857698917389
25	4727.7485	3.1719913	4732.7817	4722.2075	4683.2773	1.7151501	4685.8	4680.0083	1000.0	1000.0	250000	502.20242	9.737971	698.0678	202.6596	-502.51224	3.0175405	2755.04411649704
26	4722.6284	11.790446	4736.2207	4696.6724	4683.846	2.5630715	4688.134	4678.858	1000.0	1000.0	260000	502.46487	9.3486595	689.1183	280.65607	-502.7693	2.8035426	2876.9185247421265
27	4713.258	18.19934	4729.412	4678.5186	4684.0215	2.0702548	4686.832	4681.1553	1000.0	1000.0	270000	502.56216	9.04409	699.3783	280.90836	-502.8639	2.5260584	2991.922701358795
28	4714.0986	18.719046	4731.624	4668.9033	4683.885	2.2668998	4688.053	4680.2773	1000.0	1000.0	280000	502.58542	8.597422	743.4263	359.3766	-502.8894	2.3871224	3104.9345173835754
29	4706.751	21.083366	4730.7275	4675.0854	4683.2266	2.201649	4685.5957	4679.82	1000.0	1000.0	290000	502.47528	8.195303	643.8394	356.22647	-502.77405	2.3444262	3218.228185892105
30	4725.055	6.634513	4735.984	4709.5396	4684.245	1.9431297	4687.407	4680.614	1000.0	1000.0	300000	502.50327	7.7943115	821.1186	335.78442	-502.80716	2.1691504	3334.5887541770935
31	4706.8057	35.31601	4732.117	4614.9307	4684.315	2.2274585	4688.809	4681.3623	1000.0	1000.0	310000	502.08945	7.6914067	730.1005	364.90286	-502.3787	2.2359073	3454.342691898346
32	4716.031	34.705128	4735.1553	4612.6704	4684.2163	2.4359956	4687.718	4680.0024	1000.0	1000.0	320000	501.35202	7.5677013	758.0146	239.02322	-501.6086	2.203928	3573.793660879135
33	4724.0576	13.873124	4735.4834	4692.0195	4683.0522	2.2105117	4686.552	4679.411	1000.0	1000.0	330000	499.63535	7.1657853	754.2662	380.97864	-499.8877	1.9968584	3685.743493080139
34	4720.6084	12.616678	4735.341	4700.042	4683.1045	2.2749584	4686.9346	4679.843	1000.0	1000.0	340000	498.87585	6.893108	838.1775	278.24896	-499.1284	2.406159	3796.6463673114777
35	4718.9634	11.371846	4730.907	4700.8003	4682.763	2.1260011	4686.646	4680.1763	1000.0	1000.0	350000	498.14758	6.7630053	734.1195	325.70685	-498.3803	1.68359	3906.9170711040497
36	4720.251	15.949638	4731.3833	4678.744	4683.6426	1.9926016	4686.5894	4679.655	1000.0	1000.0	360000	497.2033	6.5578356	694.85535	292.6015	-497.44104	2.0774899	4019.9489064216614
37	4719.434	15.137614	4738.17	4697.6533	4684.197	2.5543358	4687.9746	4680.5176	1000.0	1000.0	370000	496.69962	6.4471726	680.7129	346.43835	-496.93375	1.616064	4130.3031504154205
38	4712.56	35.25829	4729.6084	4608.1797	4682.917	1.4506505	4684.542	4680.3594	1000.0	1000.0	380000	496.44183	6.21554	825.3105	279.10333	-496.6795	2.1322618	4241.613886356354
39	4720.4194	11.319917	4736.0312	4698.4253	4684.234	1.5585666	4686.1597	4681.3613	1000.0	1000.0	390000	496.1501	6.070325	701.41815	351.10413	-496.37976	1.6703084	4354.16054224968
40	4703.296	32.18771	4729.2773	4625.1924	4684.2554	2.8597248	4688.2754	4680.3926	1000.0	1000.0	400000	495.67764	5.869766	642.1006	290.43185	-495.8969	1.5702562	4464.847678422928
41	4717.9185	19.04144	4735.794	4674.0654	4684.677	1.8414212	4687.7344	4682.023	1000.0	1000.0	410000	495.1818	5.7214627	709.8688	272.07028	-495.4093	1.742702	4578.46079993248
42	4714.093	18.47377	4732.2603	4677.534	4682.7686	1.9697621	4685.207	4678.5024	1000.0	1000.0	420000	495.25473	5.5992484	641.6142	386.10736	-495.48914	1.6482751	4691.962981462479
43	4723.6904	8.300868	4733.2524	4701.058	4684.4053	2.0152218	4687.496	4681.2637	1000.0	1000.0	430000	495.24072	5.4371	613.4381	383.53268	-495.4613	1.5130948	4806.845631122589
44	4718.296	15.433812	4732.68	4675.6523	4683.9365	1.9204952	4686.8726	4680.982	1000.0	1000.0	440000	494.72357	5.3358107	644.8474	360.73627	-494.9436	1.4924273	4921.1751499176025
45	4719.027	12.313018	4733.0903	4692.6333	4684.839	2.0690992	4688.282	4680.893	1000.0	1000.0	450000	494.6834	5.092664	740.4264	348.24503	-494.90546	1.6401024	5033.550970077515
46	4711.082	17.647383	4728.504	4671.8213	4684.6377	2.145066	4688.799	4682.3105	1000.0	1000.0	460000	494.44006	5.1578536	740.5424	332.2706	-494.6557	1.7297088	5145.930620193481
47	4717.251	14.760767	4732.883	4690.998	4685.747	2.4946196	4689.032	4680.9404	1000.0	1000.0	470000	493.84906	5.150428	626.6557	274.59885	-494.0467	1.3731937	5260.875033855438
48	4721.7227	10.088019	4730.567	4702.8955	4684.3257	2.1936877	4687.8335	4680.34	1000.0	1000.0	480000	493.42157	4.9119663	690.3108	397.84076	-493.63004	1.2667336	5374.111128330231
49	4713.4604	14.839864	4730.1724	4694.18	4684.0854	2.4072082	4687.021	4680.7485	1000.0	1000.0	490000	492.94937	4.8684063	605.395	256.03455	-493.137	1.4739654	5484.3988201618195
50	4719.338	15.429988	4729.965	4685.7393	4683.6924	2.0644267	4687.747	4681.3267	1000.0	1000.0	500000	492.3428	4.8007865	675.48	390.30008	-492.5351	1.4218361	5598.866941213608
51	4712.276	17.709738	4732.7373	4676.697	4683.6167	2.2491698	4688.0205	4680.772	1000.0	1000.0	510000	492.1439	4.5961175	598.7008	309.2176	-492.3347	1.3539302	5720.869076490402
52	4718.362	16.210966	4731.903	4676.482	4684.2124	2.0019264	4687.48	4680.193	1000.0	1000.0	520000	491.90802	4.649846	633.866	372.38867	-492.0931	1.3493412	5843.998558998108
53	4700.1357	36.20825	4732.2837	4608.31	4684.213	2.7317364	4687.428	4679.149	1000.0	1000.0	530000	491.305	4.579219	643.0503	331.08206	-491.48535	1.3238626	5965.996127128601
54	4709.882	35.665154	4736.6143	4616.164	4683.5596	2.1610415	4687.2603	4680.759	1000.0	1000.0	540000	490.73737	4.6538486	584.5051	365.53644	-490.9096	1.3155053	6088.148825407028
55	4717.864	18.992004	4732.9326	4673.251	4684.956	1.8167466	4688.1265	4682.1953	1000.0	1000.0	550000	490.12967	4.509693	629.0584	336.30646	-490.2949	1.3834996	6212.762907028198
56	4722.9443	9.098054	4731.501	4704.376	4683.996	2.1776288	4686.9062	4681.2983	1000.0	1000.0	560000	489.69025	4.5695086	696.6785	344.35382	-489.85724	1.3066852	6336.169633388519
57	4716.495	17.09433	4733.9683	4680.7085	4683.6787	1.5636917	4686.6255	4681.4014	1000.0	1000.0	570000	489.16748	4.419304	706.6592	346.32376	-489.3248	1.223926	6458.878935575485
58	4723.5117	9.920852	4734.091	4704.1694	4684.3057	2.5058208	4687.6226	4680.9434	1000.0	1000.0	580000	488.73346	4.3330607	687.09155	278.25232	-488.88394	1.2512113	6583.299074411392
59	4715.1772	13.524363	4732.433	4689.085	4683.005	1.4776803	4685.119	4680.765	1000.0	1000.0	590000	488.30527	4.2523255	705.2685	301.95718	-488.4583	1.1316131	6709.504152297974
60	4715.836	15.046986	4732.155	4692.503	4683.9355	2.7248163	4687.5356	4680.048	1000.0	1000.0	600000	487.9573	4.188679	636.25635	380.79517	-488.10416	1.0687615	6840.957184076309
61	4710.0146	34.914986	4733.958	4610.8257	4683.7017	2.055567	4687.0786	4680.586	1000.0	1000.0	610000	487.69412	4.250846	622.5503	385.0164	-487.8496	1.1517826	6972.679623126984
62	4717.388	15.881284	4729.5845	4681.8223	4682.6436	1.866164	4686.148	4680.169	1000.0	1000.0	620000	488.04355	4.263723	575.2858	356.32986	-488.20386	1.2146403	7106.127466678619
63	4712.597	14.061718	4728.617	4693.031	4684.2246	2.5903757	4688.571	4679.594	1000.0	1000.0	630000	487.982	4.249438	598.1536	276.5612	-488.1294	1.0895121	7235.44161605835
64	4721.243	11.881276	4733.502	4694.7803	4682.9404	1.4247131	4684.8584	4680.2876	1000.0	1000.0	640000	487.52582	4.0978274	594.2694	390.1058	-487.6697	1.1196948	7368.57562661171
65	4722.1533	12.315483	4737.918	4697.363	4683.716	2.255726	4687.74	4680.787	1000.0	1000.0	650000	487.3467	4.0519295	618.087	356.2732	-487.4936	1.0567193	7501.566093921661
66	4715.612	17.69486	4729.508	4667.7056	4684.405	2.4578328	4688.0015	4681.0107	1000.0	1000.0	660000	487.1916	3.9487884	567.1777	386.53256	-487.3273	1.0952175	7624.738935470581
67	4713.1157	15.000703	4731.129	4685.867	4683.7607	1.9607834	4686.773	4680.646	1000.0	1000.0	670000	486.7292	3.943747	669.5441	333.88672	-486.86884	1.0634027	7748.756665468216
68	4721.5034	18.278389	4735.976	4669.082	4683.9165	1.6152537	4686.1514	4680.7466	1000.0	1000.0	680000	486.45123	3.9631202	621.0932	356.57965	-486.58734	1.0677508	7871.309275627136
69	4708.625	21.703001	4732.798	4669.748	4683.1025	1.5886722	4686.4946	4681.674	1000.0	1000.0	690000	486.02463	3.9863617	605.10596	375.39188	-486.1479	1.1020632	7993.51008105278
70	4704.2876	32.747334	4729.7944	4616.1274	4684.837	2.0852747	4687.3784	4680.106	1000.0	1000.0	700000	485.402	3.9565365	610.88806	373.54404	-485.5218	0.9903497	8114.84318447113
71	4724.053	11.584523	4736.559	4691.386	4683.397	2.1524673	4687.1274	4679.9907	1000.0	1000.0	710000	485.0209	3.9506202	578.1116	338.5856	-485.1403	0.98003554	8238.753792524338
72	4723.757	10.443665	4733.675	4701.185	4684.1357	1.5347939	4686.368	4681.474	1000.0	1000.0	720000	485.0224	3.9589753	600.20654	14.931473	-485.1548	1.4483716	8362.803385734558
73	4709.638	20.730875	4732.853	4672.008	4683.548	3.3026803	4689.4683	4677.0396	1000.0	1000.0	730000	484.9609	3.9761121	620.3735	345.22437	-485.0828	1.0369592	8483.92345905304
74	4719.253	13.6220455	4734.7793	4697.44	4683.582	1.7934226	4686.588	4681.0938	1000.0	1000.0	740000	484.85977	3.898987	594.6624	222.84624	-484.98706	0.948662	8602.577230453491
75	4711.2163	17.70964	4731.3994	4673.085	4683.3755	1.8596108	4686.4766	4680.4062	1000.0	1000.0	750000	484.90686	3.8923535	578.827	364.42728	-485.02725	0.92871016	8714.419007062912
76	4715.4897	16.689999	4730.5396	4678.236	4683.1797	2.2892632	4686.76	4680.2017	1000.0	1000.0	760000	484.66882	3.7983766	636.7609	359.5408	-484.7832	0.9354852	8827.944260120392
77	4714.2163	14.931643	4731.282	4681.1094	4683.4243	1.3176231	4685.8296	4680.874	1000.0	1000.0	770000	484.21332	4.020072	644.6866	367.15903	-484.324	0.9989331	8940.706902503967
78	4720.9033	16.891663	4736.2227	4691.395	4684.444	2.5160127	4689.0303	4680.4067	1000.0	1000.0	780000	483.71155	3.870964	687.13306	394.47964	-483.815	0.8551868	9054.186457633972
79	4709.163	34.444885	4731.3335	4614.477	4684.78	2.459242	4688.642	4680.931	1000.0	1000.0	790000	483.2641	3.8506925	570.1325	407.87408	-483.3627	0.90203506	9167.650466680527
80	4704.258	32.69856	4727.634	4616.2114	4682.96	1.8322804	4686.4404	4680.7476	1000.0	1000.0	800000	482.75748	3.8860233	591.87744	390.0217	-482.8524	0.9447066	9280.519993066788
81	4720.013	11.865243	4732.983	4696.5444	4685.0557	1.9783294	4687.8745	4680.354	1000.0	1000.0	810000	482.37814	3.9119081	630.8923	372.35233	-482.4745	0.9070956	9394.160684585571
82	4707.3086	32.85659	4732.0645	4619.184	4684.6694	1.9109259	4687.2573	4682.2114	1000.0	1000.0	820000	482.31766	3.9112098	569.4875	378.97	-482.4163	0.8631067	9508.617173433304
83	4717.2876	14.018759	4730.731	4688.974	4682.5576	2.133168	4685.4795	4677.872	1000.0	1000.0	830000	482.0936	3.946817	566.1909	364.86227	-482.18216	0.8555108	9623.415077924728
84	4716.146	15.503852	4732.7925	4690.5776	4683.3765	2.1125362	4686.2217	4679.6816	1000.0	1000.0	840000	481.71573	3.8147995	564.09814	343.21146	-481.8061	0.8005413	9736.28291273117
85	4719.841	15.807832	4734.476	4681.578	4683.425	2.704192	4687.4243	4679.828	1000.0	1000.0	850000	481.65756	3.7978532	562.6148	401.04047	-481.75226	0.8176715	9851.162213087082
86	4714.4316	18.238884	4730.948	4672.0747	4683.786	2.0078578	4686.99	4680.773	1000.0	1000.0	860000	481.64908	3.892516	551.2888	356.85764	-481.7406	0.82666385	9969.42624926567
87	4724.6323	6.951737	4735.4854	4707.6836	4684.686	1.9418881	4687.2383	4681.512	1000.0	1000.0	870000	481.5889	3.890034	593.9126	382.99097	-481.6804	0.76671124	10161.223194122314
88	4718.6577	11.781708	4733.203	4699.556	4684.495	2.660657	4688.484	4678.623	1000.0	1000.0	880000	481.42603	3.891886	581.12506	401.66858	-481.51254	0.7397254	10302.944526195526
89	4722.114	10.956076	4732.7427	4699.7876	4683.1494	2.6416888	4687.906	4679.6	1000.0	1000.0	890000	481.3629	3.850405	572.4866	315.95804	-481.45105	0.84645087	10444.927915334702
90	4721.105	11.452861	4732.212	4691.8145	4684.0728	2.0877798	4688.1543	4680.677	1000.0	1000.0	900000	481.0522	3.796421	592.02997	356.2623	-481.13705	0.8977166	10588.982476234436
91	4718.9014	13.372535	4731.23	4689.827	4683.7046	2.0288818	4687.99	4681.6064	1000.0	1000.0	910000	481.0704	3.8582895	570.35406	356.3516	-481.15875	0.7498519	10750.356679916382
92	4703.8345	38.299694	4732.9795	4606.5327	4684.267	2.4188108	4688.1895	4680.545	1000.0	1000.0	920000	480.9463	3.8293345	589.5647	370.30676	-481.0285	0.7924523	10957.309668064117
93	4723.3643	10.462545	4731.6206	4692.9976	4683.927	1.6892711	4686.221	4681.202	1000.0	1000.0	930000	480.71423	3.841953	589.9525	374.1971	-480.789	0.77007496	11164.258601665497
94	4715.17	15.998847	4732.467	4676.663	4684.5005	2.4054594	4687.2417	4680.138	1000.0	1000.0	940000	480.30957	3.8301957	634.6248	338.45587	-480.38605	0.91048986	11364.85983800888
95	4701.21	34.289787	4730.927	4617.635	4682.5015	2.5193875	4686.293	4677.0005	1000.0	1000.0	950000	480.17734	3.8254259	595.8529	366.82404	-480.25974	0.7379416	11547.907937526703
96	4718.216	17.121702	4729.9683	4675.5693	4683.5396	2.0345829	4686.4814	4680.691	1000.0	1000.0	960000	480.2532	3.9070356	565.0607	408.53	-480.3321	0.74258584	11735.318728923798
97	4707.125	35.099625	4730.152	4610.003	4684.158	2.2422652	4687.6865	4680.974	1000.0	1000.0	970000	480.19522	3.855556	562.4893	250.4935	-480.275	0.76929855	11912.778793811798
98	4724.5806	9.286271	4734.724	4698.8076	4684.3945	2.0437565	4686.9653	4679.877	1000.0	1000.0	980000	480.31482	3.8480277	545.64276	415.43994	-480.3945	0.7381161	12094.730956554413
99	4723.025	12.208802	4734.4985	4691.446	4683.915	2.1473567	4686.725	4681.2603	1000.0	1000.0	990000	480.2034	3.6679306	566.73535	401.32138	-480.2761	0.71519524	12274.047351121902
100	4718.8506	18.189802	4734.2437	4667.3345	4682.8145	1.906198	4686.0786	4680.301	1000.0	1000.0	1000000	479.8324	3.5979257	564.8624	412.64676	-479.89975	0.6782075	12454.50995850563
101	4715.1543	18.483372	4730.404	4679.9106	4683.8193	2.4325438	4687.558	4679.4014	1000.0	1000.0	1010000	479.39413	3.4738941	606.15186	322.82745	-479.4669	0.76187205	12637.529014825821
102	4705.6045	32.65746	4729.037	4620.9146	4685.318	1.5574535	4687.201	4682.891	1000.0	1000.0	1020000	479.41724	3.1788623	553.58167	375.63892	-479.4922	0.6354479	12819.200655698776
103	4722.846	5.4136176	4729.207	4708.3306	4684.413	2.4476693	4688.1313	4680.2324	1000.0	1000.0	1030000	479.33972	3.1835215	560.9615	390.71658	-479.4103	0.6751775	13006.34982085228
104	4724.131	6.8932514	4730.673	4710.0044	4684.8457	2.1356447	4687.5063	4680.9126	1000.0	1000.0	1040000	479.3585	3.0357285	577.47064	390.7834	-479.43466	0.62820286	13187.404688596725
105	4718.205	22.377161	4734.465	4670.1675	4683.932	1.699499	4686.181	4681.133	1000.0	1000.0	1050000	479.48935	3.1471782	557.4792	407.7505	-479.56186	0.5566206	13394.003238201141
106	4719.476	13.293669	4735.977	4696.775	4683.9746	2.3295555	4686.803	4679.427	1000.0	1000.0	1060000	479.35596	3.0316756	572.3378	389.26474	-479.428	0.6344194	13590.790454387665
107	4713.3716	17.103552	4732.5044	4686.5483	4683.919	2.0519142	4687.203	4680.9766	1000.0	1000.0	1070000	479.2605	3.1280673	609.2476	404.23218	-479.32684	0.5687549	13798.557353019714
108	4715.2256	13.487457	4727.841	4691.09	4682.6445	2.1123238	4686.606	4679.5337	1000.0	1000.0	1080000	478.9159	3.045435	580.67706	307.77402	-478.9758	0.57813907	13993.385538339615
109	4717.28	15.484059	4733.1104	4689.1963	4684.331	2.7787826	4688.641	4678.7773	1000.0	1000.0	1090000	478.6656	3.1060934	582.75555	381.24942	-478.72574	0.56933445	14184.97088599205
110	4725.0913	4.7833824	4731.5967	4713.162	4684.615	1.6875514	4687.4805	4681.111	1000.0	1000.0	1100000	478.5672	2.9641855	573.2945	407.89893	-478.6302	0.6189296	14360.067456245422
111	4719.966	12.262866	4730.804	4687.3057	4683.9326	2.6105065	4687.3477	4679.369	1000.0	1000.0	1110000	478.37793	2.9647932	552.65045	412.23294	-478.43555	0.51940536	14535.795530796051
112	4717.3613	17.398031	4734.314	4679.6304	4683.9014	2.0092168	4686.812	4681.1655	1000.0	1000.0	1120000	478.07483	3.0222518	595.45233	366.37292	-478.1307	0.7327455	14709.663023471832
113	4721.913	13.870465	4734.6094	4691.362	4684.3423	1.8612334	4686.557	4681.148	1000.0	1000.0	1130000	478.01874	3.051657	558.83215	421.77902	-478.0793	0.50766164	14882.83545088768
114	4719.7056	12.024935	4735.2407	4697.331	4684.4897	1.5851178	4687.881	4681.8833	1000.0	1000.0	1140000	477.99762	3.0792656	587.7175	400.11584	-478.0578	0.5677003	15054.525360107422
115	4717.7427	13.909187	4737.7446	4692.208	4681.71	1.6271583	4684.317	4678.755	1000.0	1000.0	1150000	477.93546	2.99138	551.3479	419.5388	-477.9956	0.5176639	15228.238943576813
116	4724.244	12.313117	4734.497	4691.9893	4684.1367	2.2491753	4688.2637	4680.01	1000.0	1000.0	1160000	477.9782	2.9876013	559.2144	375.66196	-478.0387	0.5578116	15398.774425268173
117	4711.7275	20.1771	4733.692	4676.6353	4684.222	2.3994198	4687.976	4681.514	1000.0	1000.0	1170000	477.92496	3.0183742	546.9521	357.40088	-477.9819	0.56276494	15571.065114974976
118	4716.846	16.398197	4728.9224	4679.343	4682.7383	1.7893596	4685.998	4678.9727	1000.0	1000.0	1180000	477.92474	2.9636428	547.43585	396.54718	-477.9832	0.53493655	15741.10620379448
119	4721.893	12.903743	4733.73	4687.07	4683.572	1.4356712	4685.8394	4681.2144	1000.0	1000.0	1190000	477.92804	2.9800322	534.5391	397.84372	-477.9864	0.57637894	15917.272119283676
120	4715.889	19.785036	4736.972	4674.3027	4683.471	2.385312	4687.981	4680.0645	1000.0	1000.0	1200000	477.8158	2.9831576	568.30383	360.0387	-477.8715	0.59024763	16090.855860233307
121	4718.2104	17.475895	4732.561	4675.9272	4683.7373	1.8091538	4686.3877	4681.2964	1000.0	1000.0	1210000	477.66583	3.1579685	552.6644	411.03522	-477.72186	0.5275571	16262.896631002426
122	4726.202	4.1730986	4733.2876	4718.5566	4682.563	1.6606133	4685.6675	4679.749	1000.0	1000.0	1220000	477.83664	3.0116823	571.49756	397.17084	-477.8966	0.5212702	16438.604164361954
123	4721.485	10.479243	4732.372	4698.952	4683.34	1.6412828	4686.4536	4680.9956	1000.0	1000.0	1230000	477.9658	3.055847	559.2701	380.43558	-478.02734	0.56922066	16616.3510825634
