Epoch	AverageEpRet	StdEpRet	MaxEpRet	MinEpRet	EpLen	AverageVVals	StdVVals	MaxVVals	MinVVals	TotalEnvInteracts	LossPi	LossV	DeltaLossPi	DeltaLossV	Entropy	KL	Time
0	-2426.5137	51.551212	-2343.7163	-2483.9849	1000.0	-0.022437833	0.9086664	2.1283803	-2.0839257	5000	-0.19243601	50961.54	-0.01750496	-6150.1406	7.4159994	0.0071644546	5.8628551959991455
1	-2265.5652	76.30931	-2127.832	-2354.4248	1000.0	-14.421508	0.48085842	-8.131839	-14.95242	10000	-0.16996016	39060.863	-0.012938529	-2698.0508	7.3430877	0.0049439683	11.354335069656372
2	-2189.2202	58.091156	-2109.485	-2284.9824	1000.0	-21.577305	0.0800375	-20.62744	-21.646036	15000	-0.11078416	32831.28	-0.008964159	-1947.1211	7.300053	0.005757462	16.975061416625977
3	-1740.6013	832.5045	-84.972084	-2248.5925	813.8	-27.195705	0.04491108	-26.61432	-27.229876	20000	-0.099283814	29808.605	-0.008507617	-1690.6406	7.3270874	0.0053778	22.83253264427185
4	-2034.8098	110.49265	-1857.5876	-2196.413	1000.0	-32.38945	0.02948645	-31.8112	-32.410477	25000	-0.05106083	24739.564	-0.008406255	-1434.584	7.317439	0.0021641122	28.740519046783447
5	-1964.2523	70.87792	-1879.1466	-2065.8367	1000.0	-37.20927	0.033993263	-35.65479	-37.2253	30000	-0.13572192	21242.686	-0.008038491	-1258.5645	7.373117	0.0016622818	34.634758710861206
6	-1935.8099	44.381298	-1885.8165	-2011.0259	1000.0	-41.77659	0.020042064	-41.37222	-41.78837	35000	-0.16653828	19380.951	-0.0072302967	-1159.2969	7.34847	0.004394257	40.58663463592529
7	-1902.6498	83.7243	-1745.717	-1981.7983	1000.0	-46.213097	0.018657567	-45.821754	-46.2236	40000	-0.15877238	17295.645	-0.0063548386	-1065.5771	7.323744	0.003569746	46.54012417793274
8	-1859.7838	80.44767	-1705.7778	-1935.3439	1000.0	-50.529037	0.01486032	-50.239845	-50.536892	45000	-0.12058905	15259.28	-0.0062470734	-965.1367	7.3955264	0.003983789	52.784326791763306
9	-1797.9717	106.09751	-1654.6014	-1941.5554	1000.0	-54.6967	0.0173924	-54.13515	-54.704426	50000	-0.15119627	12937.878	-0.006798461	-805.25586	7.332994	0.0028278886	59.618680477142334
10	-1739.9996	78.488045	-1653.6459	-1883.5411	1000.0	-58.577118	0.011933361	-58.26248	-58.583054	55000	-0.16895305	11070.194	-0.005241737	-723.5176	7.3399315	0.003206987	65.89955163002014
11	-1730.0146	84.85231	-1581.5957	-1823.732	1000.0	-62.309464	0.011884574	-62.047794	-62.314938	60000	-0.08426739	10010.98	-0.006656334	-655.4424	7.325938	0.001500697	72.02134466171265
12	-1666.7067	31.351969	-1635.0964	-1722.6373	1000.0	-65.92414	0.010667251	-65.65134	-65.929	65000	-0.13045867	8285.241	-0.004861206	-571.54834	7.328611	0.0021925138	78.54823708534241
13	-1597.8762	19.427473	-1573.1517	-1632.6097	1000.0	-69.36418	0.009656424	-69.009415	-69.36853	70000	-0.1821476	6655.732	-0.004682228	-464.28613	7.3493686	0.0032010467	85.11269068717957
14	-1584.02	83.4288	-1450.1056	-1687.387	1000.0	-72.53044	0.0077601457	-72.34888	-72.53428	75000	-0.16948523	6016.242	-0.0037813187	-415.40234	7.337619	0.0025560977	91.70964765548706
15	-1555.281	48.37146	-1499.9385	-1611.3187	1000.0	-75.57415	0.009417431	-75.25119	-75.57777	80000	-0.07946988	5252.016	-0.003879115	-371.10986	7.318823	0.0028799283	98.48659372329712
16	-1525.6145	64.93588	-1440.5077	-1608.454	1000.0	-78.50805	0.007873889	-78.284645	-78.511314	85000	-0.14238891	4572.222	-0.0023718625	-316.31152	7.298492	0.0016224144	105.15825271606445
17	-1461.239	73.80013	-1371.1954	-1592.5758	1000.0	-81.27364	0.008556504	-81.00198	-81.27718	90000	-0.14331077	3613.431	-0.004172057	-250.83301	7.3365326	0.0010911718	111.83598470687866
18	-1165.3153	549.91223	-68.51021	-1505.3368	810.6	-83.79265	0.007670717	-83.582	-83.7958	95000	-0.123406544	3208.8428	-0.0038330257	-221.64355	7.285786	0.00064238394	118.6958692073822
19	-1481.8501	127.582275	-1359.8351	-1723.3969	1000.0	-86.20118	0.0070865233	-85.98342	-86.20395	100000	-0.0922468	3727.6377	-0.0046446696	-224.80444	7.3685117	-0.00044782777	125.51543807983398
20	-1363.3538	51.37651	-1286.0203	-1414.5168	1000.0	-88.66574	0.007396926	-88.46992	-88.668724	105000	-0.07745974	2070.7676	-0.0033074617	-134.08936	7.3420315	5.095272e-05	132.8416292667389
21	-1314.6692	78.26094	-1205.4839	-1399.9374	1000.0	-90.643585	0.007863954	-90.402275	-90.64634	110000	-0.12197916	1619.5308	-0.004314348	-91.674805	7.3008313	0.0008637118	139.84405279159546
22	-1322.4886	63.07981	-1222.5891	-1384.7087	1000.0	-92.3046	0.00798707	-92.02915	-92.30737	115000	-0.09984971	1612.9001	-0.0026832297	-91.51013	7.2982006	0.0011501621	146.74357175827026
23	-1357.4207	42.946415	-1314.525	-1440.0535	1000.0	-93.98159	0.0074082236	-93.71791	-93.984215	120000	-0.14941765	1661.0162	-0.0025027692	-94.22827	7.3141766	0.0014484272	153.6256501674652
24	-1337.6252	60.430573	-1246.4573	-1429.9661	1000.0	-95.71937	0.008413689	-95.44123	-95.72187	125000	-0.110148534	1514.7863	-0.0031157732	-80.92468	7.331079	0.0021151933	160.5679042339325
25	-1298.4774	43.267532	-1220.011	-1338.2133	1000.0	-97.372665	0.006280717	-97.17263	-97.37516	130000	-0.1210042	1104.6934	-0.0023869872	-45.917725	7.338411	0.0003066082	167.42595767974854
26	-1292.718	65.71144	-1212.6533	-1404.6675	1000.0	-98.66237	0.0075315908	-98.440506	-98.66493	135000	-0.11301611	1084.9467	-0.002605483	-41.365112	7.2752585	0.00019401546	174.2479522228241
27	-1257.581	41.41309	-1206.7834	-1326.5664	1000.0	-99.89319	0.005742452	-99.74538	-99.89561	140000	-0.14928918	1015.2761	-0.002074942	-24.6109	7.2761846	0.00048947276	181.03503108024597
28	-1234.562	41.51843	-1169.6993	-1300.9169	1000.0	-100.87776	0.0054751686	-100.70613	-100.87996	145000	-0.12202962	903.9412	-0.0029610172	-16.458496	7.2896314	0.00070075615	188.1106104850769
29	-1235.5577	38.899258	-1186.1196	-1292.5582	1000.0	-101.695915	0.007619283	-101.40242	-101.69835	150000	-0.090222605	805.5457	-0.0016243681	-11.812927	7.340506	0.00026497437	195.27577662467957
30	-1208.7122	92.83027	-1050.8011	-1331.7634	1000.0	-102.40275	0.006799192	-102.2499	-102.40543	155000	-0.11519929	961.3482	-0.0028479025	-4.7540894	7.3263392	9.566798e-05	202.76981258392334
31	-1217.0078	62.414978	-1104.2494	-1276.3778	1000.0	-102.87174	0.0074360184	-102.606125	-102.87393	160000	-0.10152882	833.1971	-0.0018813461	-5.937317	7.337911	0.0005864447	209.61837911605835
32	-1154.4153	82.6964	-1056.9003	-1286.161	1000.0	-103.38653	0.0061227027	-103.19206	-103.38869	165000	-0.14121477	722.78284	-0.0022426546	-0.18572998	7.2631516	0.0006321064	216.11134338378906
33	-1167.3685	38.77596	-1104.9858	-1213.4855	1000.0	-103.5075	0.005490538	-103.31693	-103.5096	170000	-0.12840542	655.28	-0.0021972656	-0.29205322	7.2917423	2.2219325e-05	222.87462306022644
34	-1113.7997	75.03765	-1064.4965	-1262.7091	1000.0	-103.62467	0.006928543	-103.40506	-103.62692	175000	-0.11342009	578.3378	-0.0030655265	-0.9099121	7.2705564	0.0012900368	229.83305597305298
35	-1135.7389	32.14059	-1100.2126	-1195.804	1000.0	-103.42636	0.006904248	-103.2707	-103.428696	180000	-0.11398105	684.0519	-0.002065137	-1.2445068	7.23646	0.0007066292	237.05761003494263
36	-1139.1804	32.042572	-1099.348	-1188.4391	1000.0	-103.168686	0.007004932	-102.91339	-103.17105	185000	-0.093641415	625.6704	-0.001835987	-0.004333496	7.2675705	0.00055962056	244.20862245559692
37	-1081.6045	51.82151	-1034.0076	-1169.0613	1000.0	-103.173965	0.005822326	-102.994644	-103.176155	190000	-0.11317149	540.3026	-0.0020544901	-4.7840576	7.2712455	0.0007367863	251.54674100875854
38	-1107.7573	85.241776	-959.6753	-1222.4597	1000.0	-102.67492	0.006920659	-102.45078	-102.6773	195000	-0.106789015	738.9896	-0.0019189417	-1.029419	7.288616	0.00028723778	258.7424201965332
39	-1100.1594	45.25544	-1029.0186	-1167.9287	1000.0	-102.40657	0.005940605	-102.23401	-102.40875	200000	-0.119610086	565.0653	-0.0018745363	-2.0672607	7.3080773	0.00013886915	265.95982217788696
40	-1105.5952	85.74208	-988.2821	-1231.7172	1000.0	-102.05089	0.006434785	-101.85408	-102.05309	205000	-0.115649514	580.4719	-0.0023688227	-2.6015015	7.2745705	-6.2611102e-06	273.6829867362976
41	-1080.1974	55.859978	-1019.86884	-1166.9172	1000.0	-101.63741	0.0076937573	-101.414444	-101.63996	210000	-0.1261335	584.5135	-0.0021883994	-4.8823853	7.2723064	0.00075881777	281.08278346061707
42	-1033.7585	56.483902	-960.64056	-1116.5839	1000.0	-101.065025	0.006873324	-100.865974	-101.06758	215000	-0.13086583	614.7722	-0.0025989562	-12.315735	7.2695985	0.0005137855	288.3941764831543
43	-910.66437	319.26797	-286.04236	-1157.1727	853.8	-100.14296	0.012526786	-99.77232	-100.14648	220000	-0.10849963	629.0798	-0.0019743443	-12.728638	7.2397375	0.0008681376	295.48305797576904
44	-1006.522	79.32675	-868.679	-1115.7069	1000.0	-99.10313	3.5468965	22.54911	-99.428024	225000	-0.06448211	880.5709	-0.0019462407	-185.3194	7.260615	1.5884876e-05	302.4742772579193
45	-1050.691	35.107014	-991.32965	-1101.705	1000.0	-89.506874	11.607177	63.825485	-98.493515	230000	-0.042817008	643.9515	-0.0019850507	-178.03397	7.29472	0.00020572323	309.79189920425415
46	-1039.952	69.62718	-934.31757	-1139.2778	1000.0	-95.208374	2.879973	-32.46245	-98.47548	235000	-0.17835891	585.10767	-0.0018269122	-99.660706	7.2736382	0.0007350716	316.8658125400543
47	-1033.2932	53.255287	-932.04095	-1086.799	1000.0	-91.27114	7.3592005	2.7909229	-98.45387	240000	-0.09684661	560.99927	-0.0023132786	-77.11478	7.2687726	0.0007056174	324.3417646884918
48	-1011.0452	59.53599	-955.29724	-1126.8201	1000.0	-91.24193	5.5406327	-32.144733	-98.74937	245000	-0.07632719	586.3331	-0.0018918812	-63.8302	7.2176423	3.6322403e-05	331.8055431842804
49	-927.91473	43.231133	-862.8552	-987.0489	1000.0	-89.54187	4.574857	-30.140858	-98.82912	250000	-0.11848148	583.3383	-0.0021575093	-85.01547	7.2156267	0.00061308115	339.2790639400482
50	-906.6086	21.086313	-878.1283	-940.0128	1000.0	-83.55522	5.1715584	-33.865936	-98.32783	255000	-0.13534649	425.33725	-0.002636671	-74.22275	7.2114983	1.1689663e-06	347.2195134162903
51	-954.2303	48.30054	-886.0534	-1022.793	1000.0	-84.313446	5.7803946	-37.458294	-98.33037	260000	-0.14787239	464.09695	-0.0021845698	-52.32657	7.2321725	0.0006687637	354.6071779727936
52	-959.6968	29.894993	-925.2037	-1008.59814	1000.0	-84.75956	6.086587	-5.0068665	-98.356705	265000	-0.15634637	555.9883	-0.002659902	-90.228485	7.194611	0.0003024694	362.63296461105347
53	-933.6271	101.24909	-741.1031	-1017.7571	1000.0	-85.98755	6.080516	15.730139	-98.36099	270000	-0.15685317	566.59216	-0.001969725	-60.158752	7.2982154	0.00030509944	370.9127707481384
54	-945.0596	43.72853	-870.5743	-981.98193	1000.0	-84.80502	3.1994197	12.792974	-98.150734	275000	-0.12170483	429.7953	-0.0015784353	-34.325104	7.2331	0.00024499936	378.6866672039032
55	-930.7174	35.25996	-886.87354	-992.3633	1000.0	-84.92887	4.8920283	-34.38447	-98.23552	280000	-0.11883466	466.5987	-0.002258554	-43.184998	7.2509236	9.335613e-06	386.1557967662811
56	-937.7103	47.540592	-866.46625	-1013.7178	1000.0	-84.01374	4.6522703	-64.10163	-98.24756	285000	-0.12781094	386.6342	-0.0021540076	-42.556335	7.2446494	0.00024846228	393.5391185283661
57	-904.945	53.933624	-830.1023	-968.83435	1000.0	-84.81219	5.739597	-20.540627	-98.16428	290000	-0.123186	486.89	-0.002328597	-80.30713	7.2484803	0.00041364518	401.1316237449646
58	-876.63635	29.66651	-847.93353	-931.4904	1000.0	-82.258644	5.629812	-17.849384	-98.24427	295000	-0.1271358	387.50323	-0.001739487	-56.241394	7.202748	0.00017767286	408.76218843460083
59	-868.83026	45.490913	-788.7937	-915.40845	1000.0	-76.859375	5.8669	-9.532372	-97.510315	300000	-0.10958965	372.2276	-0.0018255115	-41.32425	7.2066736	0.00022462201	416.3155879974365
60	-886.7611	72.26069	-805.2225	-982.9538	1000.0	-78.5286	4.2128983	-29.546585	-97.967354	305000	-0.10107292	438.1449	-0.0025533587	-33.316162	7.2331576	0.001193781	424.3420104980469
61	-870.28174	35.47462	-806.5915	-912.3004	1000.0	-80.4472	4.613186	-25.9139	-98.03321	310000	-0.14138892	384.18964	-0.00210917	-42.35489	7.1930265	0.0003286963	431.9999041557312
62	-849.1	76.07505	-724.93915	-939.7779	1000.0	-78.23371	6.86208	26.921846	-97.685646	315000	-0.12382165	490.43115	-0.0017344579	-61.739838	7.2191625	0.00052531745	439.6878981590271
63	-865.6703	25.385973	-836.8705	-903.98517	1000.0	-77.89871	5.4598107	-35.594368	-97.682594	320000	-0.12531391	396.42276	-0.0019915104	-30.63916	7.227989	0.0007676842	447.3620147705078
64	-899.99475	48.837006	-808.65894	-939.8255	1000.0	-78.4044	5.845559	7.1231794	-97.69127	325000	-0.14495158	433.0925	-0.0022883415	-48.87506	7.259572	0.00049501756	455.10487127304077
65	-853.8918	44.401497	-790.0265	-906.4523	1000.0	-80.62864	6.625712	-31.629862	-97.891556	330000	-0.0943898	356.5816	-0.001885809	-70.38339	7.2267323	0.00027393817	462.8587918281555
66	-873.2	54.875084	-800.428	-954.4811	1000.0	-76.760864	5.948945	-18.702057	-97.83204	335000	-0.11893928	351.47934	-0.0017327145	-39.80072	7.24765	0.00042097602	470.7038199901581
67	-814.1911	74.51756	-708.13306	-929.99255	1000.0	-76.8728	6.1241527	-21.948084	-97.832085	340000	-0.113937736	375.47153	-0.0023868158	-53.34964	7.1994295	0.00067890994	478.6940133571625
68	-842.0197	40.86249	-799.4916	-900.5559	1000.0	-74.533875	6.289371	-33.68706	-97.610054	345000	-0.11647676	307.4951	-0.0024720952	-33.70404	7.21645	0.00018799768	486.66786551475525
69	-827.2949	33.121914	-766.6854	-861.2611	1000.0	-76.399605	8.198209	-33.2268	-97.639404	350000	-0.15752985	371.71414	-0.002374053	-50.005585	7.246942	0.00059477816	494.7300384044647
70	-847.1631	26.272081	-821.79675	-890.79486	1000.0	-73.06345	6.014188	-7.6361885	-97.54171	355000	-0.14292829	328.0324	-0.0015827268	-73.42319	7.255979	0.0007337298	502.999680519104
71	-802.1569	36.74849	-753.6891	-859.17834	1000.0	-76.47147	9.419108	13.861738	-97.64255	360000	-0.097498834	396.8148	-0.0015918985	-100.762695	7.199265	3.2544613e-05	510.76384377479553
72	-812.2428	20.638323	-784.33966	-836.73737	1000.0	-71.279366	5.2457314	-12.7735195	-96.85377	365000	-0.18015938	385.30554	-0.001603052	-44.136993	7.2372017	0.0006705437	518.6402328014374
73	-827.8758	32.374817	-794.3006	-884.13165	1000.0	-73.58899	5.2231245	-33.523167	-96.28331	370000	-0.17944318	416.3644	-0.001891166	-101.52432	7.186165	-0.00014872766	526.5152053833008
74	-853.4629	75.419	-749.1141	-946.65814	1000.0	-71.47265	10.444646	21.531609	-97.41113	375000	-0.10122281	406.97116	-0.0015920773	-74.154175	7.2289205	0.0006005961	534.3076415061951
75	-863.7093	65.32598	-803.0527	-962.77893	1000.0	-75.394135	10.063568	-22.728064	-98.179	380000	-0.10374678	454.8099	-0.0026304424	-79.238464	7.2515244	0.00053784146	542.0380928516388
76	-803.3626	41.6766	-766.62024	-877.20264	1000.0	-76.09295	9.688984	7.271511	-98.73475	385000	-0.13322939	504.40234	-0.002100274	-115.02063	7.212481	0.00075591635	549.8921601772308
77	-813.69073	40.847706	-777.26935	-878.96423	1000.0	-71.78354	5.4136357	-42.525684	-98.1874	390000	-0.16809295	352.95654	-0.0011841953	-55.386932	7.225194	0.0007438707	557.678288936615
78	-797.50555	30.872095	-746.6009	-840.3643	1000.0	-71.8189	7.64044	-40.405098	-98.30613	395000	-0.2007045	346.86075	-0.0017152429	-90.83865	7.2132807	-0.0005586101	565.4574980735779
79	-765.98663	47.8326	-695.95667	-838.9614	1000.0	-69.81746	10.11737	0.1496048	-98.20472	400000	-0.10533374	303.76276	-0.0020183846	-74.606155	7.1811686	0.0009978047	573.4969253540039
80	-753.61896	41.88452	-673.1287	-790.98914	1000.0	-69.59054	8.355916	-13.57446	-97.646545	405000	-0.09940594	397.01956	-0.0014278144	-67.74655	7.1697826	0.0006053793	582.2478363513947
81	-773.9963	46.509457	-726.98755	-855.36334	1000.0	-68.45243	6.507233	-32.80119	-97.801605	410000	-0.07807728	331.16238	-0.0022613928	-54.95981	7.1675196	6.9410184e-05	590.1357035636902
82	-771.0709	40.253384	-723.81805	-844.7446	1000.0	-68.2907	8.261593	-14.722472	-97.79128	415000	-0.13893798	304.8275	-0.0017178357	-48.738617	7.212986	0.00067829224	598.196925163269
83	-657.74176	317.97852	-49.478603	-970.14825	810.8	-69.86873	7.9527197	-6.1684723	-97.82324	420000	-0.18633333	558.96185	-0.001255542	-148.36237	7.2013383	0.0006508612	606.2265655994415
84	-762.2252	31.492716	-735.7731	-805.6888	1000.0	-71.57309	11.040813	-15.566826	-98.28552	425000	-0.13619643	332.32416	-0.0012566596	-96.15161	7.1670384	0.0006479058	614.2201409339905
85	-754.9375	35.371086	-692.43024	-798.13293	1000.0	-68.351715	7.7046742	-5.002941	-98.11351	430000	-0.09049994	338.069	-0.0023135468	-65.00311	7.145464	0.00017884049	622.0045459270477
86	-805.57117	76.54585	-738.5829	-949.1415	1000.0	-66.79431	9.6837	-11.301712	-97.49248	435000	-0.15526228	362.37344	-0.0014681816	-138.18884	7.1987376	0.00073985546	630.1167178153992
87	-722.80457	51.25806	-664.27203	-814.33527	1000.0	-68.1112	8.422033	-28.46835	-98.60591	440000	-0.15766907	328.45114	-0.0017762184	-68.292755	7.1559834	0.0004845621	637.9230554103851
88	-722.99506	20.366436	-684.12915	-737.4492	1000.0	-65.89745	6.6742573	-39.124836	-98.24734	445000	-0.17509997	354.73706	-0.0021169484	-43.448364	7.203503	0.00023607121	645.8524715900421
89	-761.22424	21.974964	-730.28107	-791.21454	1000.0	-65.780174	3.961272	-1.1630362	-95.837524	450000	-0.13289289	353.03836	-0.0013827235	-54.18405	7.179044	0.001082701	653.7450411319733
90	-708.07764	37.136864	-655.4833	-768.7124	1000.0	-68.48443	7.183747	-31.427238	-98.35571	455000	-0.13290058	335.4891	-0.0019076169	-57.911896	7.1979437	0.00024877163	662.2069857120514
91	-723.9824	47.168232	-675.3685	-785.49976	1000.0	-64.78222	3.8699267	-28.22903	-94.86981	460000	-0.14828871	253.53857	-0.0017003566	-27.108902	7.145753	0.00015608926	670.1337885856628
92	-723.3006	54.593075	-665.64124	-817.25256	1000.0	-64.702385	5.8059387	6.1362834	-97.734764	465000	-0.13597886	308.3022	-0.0016677678	-38.521942	7.1159344	-0.00021595959	678.8289976119995
93	-756.18475	24.983622	-715.22876	-782.641	1000.0	-64.41204	4.45329	-23.428833	-92.803116	470000	-0.17454289	315.8068	-0.0022459477	-29.095642	7.2111874	0.000843777	686.8602349758148
94	-716.2359	48.758354	-638.3243	-783.08606	1000.0	-67.31256	4.4844217	-8.173162	-96.1771	475000	-0.17613223	285.00635	-0.0021986216	-34.484543	7.211311	0.0006601753	694.8185691833496
95	-728.94226	41.07399	-685.4704	-793.55505	1000.0	-65.25516	4.455133	-30.840971	-96.453125	480000	-0.15842234	295.2958	-0.0021183342	-62.101364	7.1409717	0.00058792817	702.4258744716644
96	-681.17004	34.01676	-621.93024	-720.062	1000.0	-66.393486	8.519524	-9.417664	-96.83351	485000	-0.14053214	360.37485	-0.0021100491	-62.877014	7.110468	0.00026142658	710.2967779636383
97	-764.09656	48.677685	-698.8733	-845.9576	1000.0	-62.118492	5.923426	-25.37472	-93.487274	490000	-0.1520221	407.55725	-0.001571089	-102.8862	7.1505	0.0005286493	718.2804045677185
98	-731.00684	59.538754	-664.7981	-820.91986	1000.0	-65.74675	10.058998	-19.389057	-98.154755	495000	-0.1797465	356.76263	-0.0015777051	-59.46805	7.1718516	-0.000117890646	726.1608474254608
99	-703.877	36.957184	-653.78174	-745.0468	1000.0	-64.623604	8.828485	43.30043	-98.49947	500000	-0.10625331	240.5223	-0.001941584	-61.719772	7.1433077	0.00032578144	734.1843407154083
100	-734.75464	29.19712	-693.0184	-779.74097	1000.0	-60.69555	8.465891	-18.488005	-97.90119	505000	-0.0950007	273.6638	-0.0021978393	-74.75447	7.157867	0.00066570303	742.5229697227478
101	-696.0159	56.686745	-607.7035	-781.7421	1000.0	-64.57908	7.575823	-6.8539624	-98.12685	510000	-0.18650481	273.18463	-0.0011083037	-61.72635	7.149789	0.00042334528	750.3091244697571
102	-694.5287	21.62779	-669.0267	-729.1464	1000.0	-61.875175	5.4513974	-22.251333	-94.28288	515000	-0.13746528	260.18674	-0.0022232234	-22.355637	7.1408134	0.00017360906	757.9358031749725
103	-707.1978	29.244186	-670.3394	-743.24805	1000.0	-62.42595	6.223901	-31.116564	-95.52163	520000	-0.14028884	255.58235	-0.0020821542	-27.820145	7.1896186	0.00096902973	765.6189942359924
104	-702.6174	46.700592	-643.03186	-776.6724	1000.0	-64.20802	5.7887077	-42.786118	-93.62479	525000	-0.15031748	278.87915	-0.0019201785	-29.143799	7.1615877	0.00046176973	773.4237620830536
105	-668.2014	23.108072	-625.9196	-695.12787	1000.0	-62.287983	4.4748707	-39.898964	-88.945465	530000	-0.19189045	286.50635	-0.0013195425	-37.345795	7.166319	-6.6060065e-06	781.2260630130768
106	-740.5872	45.522633	-677.352	-782.31805	1000.0	-61.66865	5.0407205	-26.249195	-88.91559	535000	-0.19003293	336.62173	-0.002053827	-122.38388	7.1405954	0.00052621774	788.9210414886475
107	-672.6084	57.066227	-594.59045	-739.4041	1000.0	-66.08658	12.159083	-12.933931	-98.131424	540000	-0.13157696	366.5525	-0.0021051913	-123.34154	7.10262	0.00055020896	796.7489454746246
108	-707.4123	22.430485	-680.1653	-734.86865	1000.0	-59.18175	6.858882	-18.30264	-92.02768	545000	-0.15546869	236.13165	-0.001389131	-58.17729	7.1534033	-5.5870485e-05	804.8030204772949
109	-659.9649	39.902573	-612.09283	-730.8549	1000.0	-62.98822	6.720418	1.5556253	-93.39357	550000	-0.16009621	309.837	-0.0014611185	-79.37613	7.1687484	0.00027600804	812.4789950847626
110	-672.5662	64.756226	-566.4161	-753.80994	1000.0	-60.99548	3.3920763	-45.85097	-88.73883	555000	-0.15168273	276.26416	-0.0019834787	-21.59903	7.1270876	-3.3342934e-05	820.7577140331268
111	-666.5595	64.54788	-563.2618	-747.86523	1000.0	-60.052513	4.660036	-39.498795	-92.11961	560000	-0.12928906	255.94278	-0.0010682642	-37.419037	7.1482687	9.5806405e-05	828.3592133522034
112	-643.9898	59.801575	-546.47473	-711.7287	1000.0	-59.221344	6.107282	-30.624472	-95.553665	565000	-0.14157407	269.8795	-0.0014906228	-47.24063	7.094345	0.00018964891	836.0606257915497
113	-661.4584	35.846233	-608.0184	-711.7566	1000.0	-57.082863	5.3245673	-16.131197	-93.78746	570000	-0.17930253	243.08008	-0.0017909408	-35.752747	7.1281195	0.00025669008	844.0007774829865
114	-634.7726	37.816807	-599.11865	-694.4894	1000.0	-59.612087	5.2953215	-3.3491144	-92.95293	575000	-0.1406873	265.05963	-0.0012998134	-40.53354	7.1014123	0.00014312883	851.9614112377167
115	-674.63794	9.704375	-662.3774	-688.66394	1000.0	-57.094154	4.6128454	-19.293993	-85.62572	580000	-0.17105229	270.26443	-0.0016338676	-40.001114	7.1279435	0.00028113823	859.8220643997192
116	-610.49255	27.963758	-569.52246	-651.55347	1000.0	-60.232723	4.86234	-42.96695	-86.82666	585000	-0.16061834	262.67572	-0.0017080158	-66.30197	7.0445952	0.00047356	867.469318151474
117	-677.18445	39.00996	-617.5326	-739.80707	1000.0	-55.78034	4.7653413	-6.170583	-87.245125	590000	-0.14642827	271.3339	-0.0015133768	-47.164444	7.132953	7.0931674e-05	875.272863149643
118	-678.20654	18.28227	-648.82733	-699.56256	1000.0	-59.084637	5.351115	-27.865084	-90.91923	595000	-0.15387662	235.11375	-0.0020017028	-36.98816	7.157217	0.00036840382	883.2977132797241
119	-607.0386	33.191814	-558.19684	-652.553	1000.0	-61.127575	6.132947	-30.364363	-92.984634	600000	-0.14353786	295.1999	-0.0011266321	-93.89455	7.115095	-9.8999975e-05	891.2786071300507
120	-675.38525	62.738358	-636.7412	-800.2	1000.0	-55.349575	3.5099342	-37.44352	-87.589714	605000	-0.10572776	396.8576	-0.0020431355	-123.12384	7.0921545	2.8491355e-05	899.7028224468231
121	-663.883	44.07375	-624.0323	-745.0372	1000.0	-58.051064	7.475257	-22.551762	-96.87638	610000	-0.16859195	328.71146	-0.0019139796	-46.332977	7.14921	0.00083324156	907.8854742050171
122	-627.3314	52.563656	-553.92993	-706.99695	1000.0	-61.504307	6.725857	-19.568598	-95.98822	615000	-0.16018364	286.77563	-0.0009915382	-76.463135	7.0834	0.0008001829	915.8928291797638
123	-638.19385	45.525036	-561.2533	-699.62274	1000.0	-55.363136	4.781541	-16.60924	-86.68848	620000	-0.1415892	256.25674	-0.0024398714	-40.449738	7.071528	0.00067433	923.7926287651062
124	-613.46326	43.461025	-559.1183	-671.0775	1000.0	-57.024376	3.3883433	-15.880544	-87.3717	625000	-0.14707041	228.15414	-0.0017297864	-33.01802	7.0640955	9.435363e-05	931.8166596889496
125	-616.8444	44.635532	-564.1737	-692.29596	1000.0	-55.22665	4.264899	-15.729258	-85.30774	630000	-0.15439084	229.47588	-0.0015766323	-56.071182	7.0317984	0.00050120935	939.7236325740814
126	-639.3117	35.88276	-568.33936	-663.9904	1000.0	-54.95325	7.458767	6.1750927	-94.73462	635000	-0.18954399	283.12973	-0.0015623122	-73.88939	7.1357093	0.00046271787	947.540376663208
127	-641.15686	66.60913	-567.2545	-760.7048	1000.0	-59.17345	7.2632847	-3.5037374	-91.36551	640000	-0.13444655	290.0534	-0.0014577508	-79.00844	7.014444	2.7284384e-05	955.3887341022491
128	-536.4874	221.61269	-94.64287	-679.1409	829.0	-56.16936	7.822446	17.191795	-90.61065	645000	-0.18132822	304.38956	-0.0014389902	-77.089325	7.1115694	0.00025174516	963.2231488227844
129	-672.6375	21.374302	-631.96155	-692.3724	1000.0	-58.19683	6.622909	-20.606901	-93.40411	650000	-0.14650066	234.45583	-0.0015613735	-48.675888	7.098325	0.00032873373	971.0763792991638
130	-554.9402	244.69887	-70.00594	-716.07776	833.2	-60.82435	7.730064	-18.841488	-93.846725	655000	-0.1546079	309.5383	-0.0011517853	-71.77167	7.133821	8.6273525e-05	979.9024488925934
131	-631.49524	41.831852	-575.90857	-690.3165	1000.0	-58.03045	6.0397935	-24.292757	-93.30537	660000	-0.13819025	260.30453	-0.0015728027	-56.62346	7.114547	0.0003145967	988.0121760368347
132	-606.9027	35.854584	-537.3881	-633.7524	1000.0	-56.97675	4.786233	6.7910414	-79.853905	665000	-0.13843796	270.86258	-0.0016972572	-59.75978	7.0804844	0.00020027156	996.1397757530212
133	-585.9923	51.680176	-507.89545	-660.5324	1000.0	-54.687687	4.543146	12.755061	-79.714195	670000	-0.08489579	205.84198	-0.0016117021	-45.197433	7.003927	0.00094828376	1003.9831175804138
134	-617.9079	70.86324	-484.60828	-676.6485	1000.0	-52.524845	4.015058	-15.177996	-77.66236	675000	-0.13043106	321.11346	-0.0018157512	-73.11896	7.0698514	0.0006382193	1011.8194103240967
135	-603.78174	32.635742	-571.4759	-665.0106	1000.0	-56.274944	5.098504	9.119337	-82.5673	680000	-0.16155292	254.91725	-0.0016716719	-51.378754	7.0544877	0.00039488162	1019.6925649642944
136	-637.69073	41.709137	-586.608	-700.0222	1000.0	-55.10095	5.0233045	-30.159924	-88.82816	685000	-0.19282456	251.4203	-0.0021621436	-39.153458	7.132625	0.0005445151	1027.5661737918854
137	-646.8326	15.256531	-621.0257	-666.56616	1000.0	-57.659824	4.2954307	-34.295654	-85.54253	690000	-0.1217319	233.0942	-0.0013131425	-48.884827	7.0819297	0.0005937339	1035.4410858154297
138	-621.62384	44.832848	-562.49414	-698.4963	1000.0	-58.685013	7.259208	-26.959745	-90.131516	695000	-0.1397679	215.77914	-0.001227662	-48.91992	7.069134	-0.0003399946	1043.3181457519531
139	-563.6168	33.354008	-523.04254	-597.70386	1000.0	-55.009907	5.6677866	-42.340492	-88.4313	700000	-0.1499832	314.44083	-0.0013261586	-117.157196	7.0079217	5.4216005e-05	1051.2771124839783
140	-592.0374	28.905933	-558.20764	-640.0	1000.0	-51.666626	4.4896464	-8.592728	-74.27435	705000	-0.12924996	208.11105	-0.0011609644	-35.368042	7.0302687	-0.00035259165	1059.842081785202
141	-541.97656	252.94234	-55.704865	-797.3146	831.8	-53.621838	3.2906332	-16.857042	-76.15169	710000	-0.2227517	350.25323	-0.0025903285	-84.4003	7.072759	0.0006062198	1067.5302104949951
142	-616.9499	53.547314	-556.05505	-694.204	1000.0	-58.621525	5.069175	18.420467	-97.262955	715000	-0.15276021	286.30045	-0.0015975088	-47.510696	7.072097	-4.4292832e-05	1075.3868358135223
143	-622.348	33.80465	-576.6203	-661.5527	1000.0	-56.63941	4.936568	-15.496871	-90.13225	720000	-0.16846643	256.54654	-0.0020330995	-46.439743	7.054131	-0.00016748061	1083.2665541172028
144	-615.0825	47.73984	-560.775	-700.8269	1000.0	-56.4219	4.1573014	-12.927453	-86.66221	725000	-0.16603872	239.9895	-0.0017290711	-32.205795	7.06115	0.0007254602	1091.0876007080078
145	-601.37134	37.482727	-563.41003	-670.9656	1000.0	-54.60553	3.874179	-23.624014	-81.70428	730000	-0.17947705	239.82605	-0.0011212081	-38.75418	7.061329	0.00035401568	1099.0701179504395
146	-617.8847	41.67137	-536.1813	-647.65137	1000.0	-55.900776	5.063924	-18.845928	-84.07288	735000	-0.11245298	244.277	-0.001551494	-47.969513	7.05505	-2.9993773e-05	1107.2473304271698
147	-599.85266	49.80519	-549.1431	-674.42554	1000.0	-55.266426	4.759058	-30.34322	-90.66929	740000	-0.18025178	285.76334	-0.0015579313	-52.20334	7.061746	3.4942627e-06	1114.93896150589
148	-576.88995	63.40184	-507.36908	-691.5695	1000.0	-53.48535	5.9309635	-1.5928253	-87.0954	745000	-0.19190337	316.48965	-0.0018178076	-63.41095	7.047582	0.0006266842	1122.8440980911255
149	-632.1056	67.231606	-512.1272	-698.3455	1000.0	-54.22811	5.504085	-11.325582	-83.51288	750000	-0.16005191	404.85184	-0.0016137064	-117.28375	7.05121	0.00026696734	1130.6119248867035
150	-575.09753	37.86087	-512.0524	-611.01935	1000.0	-56.16802	6.9493985	-21.14756	-96.932175	755000	-0.14832108	235.90617	-0.0015908331	-64.46597	7.000714	0.00029898857	1138.9881446361542
151	-586.1048	28.779293	-535.36365	-611.21094	1000.0	-52.332203	4.1172028	-17.86779	-88.65368	760000	-0.17434321	206.73724	-0.0015719235	-24.957016	6.964549	0.0003097095	1146.6879801750183
152	-599.812	70.94626	-507.96365	-718.4884	1000.0	-54.065514	6.664994	-30.385942	-96.05658	765000	-0.1594875	320.0113	-0.0015018135	-62.97928	7.0276537	0.00015978985	1154.5205609798431
153	-642.13055	29.650316	-604.6118	-681.21	1000.0	-52.6937	3.9201093	-15.673235	-87.55901	770000	-0.16709754	271.73868	-0.0013767034	-52.62323	7.05555	0.00050591346	1162.3343188762665
154	-618.01544	52.51	-551.55676	-707.5347	1000.0	-57.68785	5.298892	-24.600702	-93.27896	775000	-0.13758732	235.46815	-0.0015111566	-34.756256	7.050622	0.00011100645	1170.1704876422882
155	-609.1111	35.676598	-556.5505	-649.7743	1000.0	-55.14105	3.8206625	-21.625156	-90.55819	780000	-0.16415699	189.73418	-0.0017815679	-19.780426	7.053335	-4.9140264e-05	1177.8464694023132
156	-565.60876	42.521877	-495.4696	-608.362	1000.0	-55.165226	3.1909862	-32.76799	-78.48804	785000	-0.15094471	257.62106	-0.001575172	-53.063675	7.0337	0.00034017797	1185.676302433014
157	-598.44745	41.24624	-521.82196	-645.59235	1000.0	-52.261997	4.914885	-7.7566733	-91.46728	790000	-0.139187	193.2548	-0.0017511398	-36.74391	7.026383	0.000608507	1193.4597568511963
158	-584.93964	34.314163	-532.3287	-617.4114	1000.0	-53.968876	4.0665994	-26.031551	-80.085915	795000	-0.1366333	201.87743	-0.001166597	-29.646393	6.994565	0.00045878792	1201.34809923172
159	-629.7016	37.587498	-604.8731	-704.14185	1000.0	-52.7594	4.027728	-18.22279	-88.30118	800000	-0.15587027	247.63013	-0.0018800944	-55.155563	7.06033	7.745452e-05	1209.163607597351
160	-586.4069	42.871918	-521.73645	-632.4313	1000.0	-56.576782	6.8240166	-22.516335	-90.809746	805000	-0.1260961	257.29977	-0.0015018433	-58.25615	7.0445547	3.402524e-05	1217.54958319664
161	-594.88654	50.712673	-536.1204	-663.6287	1000.0	-52.336544	4.7423534	-33.66415	-92.20602	810000	-0.12766643	210.89156	-0.0013143569	-42.01001	7.038153	0.00048097872	1225.4172236919403
162	-634.70526	45.202103	-586.1483	-709.1343	1000.0	-53.272205	4.527379	-21.170313	-86.13923	815000	-0.17687729	232.1042	-0.0012184381	-60.338104	7.021883	2.537775e-05	1233.122666835785
163	-585.5175	65.465065	-470.38965	-660.0054	1000.0	-56.685696	7.2263675	-21.013374	-91.62171	820000	-0.12418924	266.9829	-0.0017985702	-79.73552	7.041926	9.213996e-05	1240.867838859558
164	-605.24255	28.675325	-559.87933	-642.21716	1000.0	-52.69645	4.0641575	-27.446218	-91.505974	825000	-0.124771275	192.31505	-0.0017385855	-25.693573	7.0289736	0.0006847308	1248.6653635501862
165	-556.95197	28.441122	-529.2533	-601.7061	1000.0	-54.251106	3.9893901	-29.350853	-85.57499	830000	-0.13380966	183.01083	-0.0014552176	-29.63536	6.9942546	0.00026319624	1256.3490216732025
166	-610.60657	39.34339	-570.1913	-683.8131	1000.0	-51.26125	4.3437376	-30.593315	-87.84456	835000	-0.17466901	314.25296	-0.001859352	-99.68338	6.925567	0.00040827037	1264.2867741584778
167	-582.84595	74.5377	-440.86105	-659.896	1000.0	-55.4227	9.883131	-36.925823	-96.63347	840000	-0.1739614	288.03372	-0.0016804338	-61.873016	7.007394	-0.000357075	1271.8840396404266
168	-614.19147	71.85511	-499.43857	-710.1264	1000.0	-52.296364	7.301685	-26.900587	-92.549545	845000	-0.12200774	343.72876	-0.0015236139	-105.75023	7.0001173	2.5035572e-05	1279.7565813064575
169	-568.57764	34.06069	-513.82074	-618.91473	1000.0	-53.530174	6.9269614	-25.306868	-96.28287	850000	-0.15895432	288.53806	-0.0021999776	-75.07468	7.0465016	0.00047672668	1287.7692379951477
170	-606.7645	73.24516	-477.34784	-684.19934	1000.0	-51.546204	6.7557235	9.723938	-91.37561	855000	-0.12688123	311.7283	-0.0016967803	-81.075745	7.029205	-8.980174e-05	1296.6477453708649
171	-597.8319	38.670845	-547.6703	-654.18176	1000.0	-52.63161	6.206227	-21.848404	-93.84473	860000	-0.15648845	226.25423	-0.0019070357	-39.92125	6.998461	0.0003328865	1304.790418624878
172	-575.6918	34.50309	-539.7179	-632.1314	1000.0	-51.552532	5.265537	-25.77886	-96.5529	865000	-0.15832445	205.24089	-0.0015351474	-36.616486	7.0225	0.00038318505	1312.5183544158936
173	-527.19006	42.194023	-455.23486	-572.18835	1000.0	-51.717606	3.9258387	-28.142166	-82.555725	870000	-0.12189459	211.61984	-0.0014826283	-42.258057	6.966059	1.024561e-05	1320.348844051361
174	-568.01807	54.406166	-491.13583	-642.3869	1000.0	-49.391827	3.8816495	-1.2757705	-76.93668	875000	-0.19837618	198.0857	-0.0014984906	-36.667496	7.0262313	0.00035964075	1328.1602227687836
175	-558.15015	38.275925	-497.09424	-606.19006	1000.0	-52.9046	6.268793	-25.100882	-88.93936	880000	-0.13346794	212.24655	-0.0016520768	-44.797607	6.996471	0.0005923296	1336.021550655365
176	-560.7985	41.66476	-510.59787	-635.6009	1000.0	-50.49763	3.3831296	-24.562881	-79.11467	885000	-0.20412593	193.58794	-0.0018353015	-24.799911	6.954858	-0.00046286717	1343.993638753891
177	-569.5827	47.472965	-522.4686	-648.7438	1000.0	-51.313843	3.7100112	-24.470898	-81.426094	890000	-0.19232626	178.68718	-0.001328513	-24.870178	6.9899654	0.00027434697	1351.636531829834
178	-586.2332	46.042934	-540.0239	-671.46857	1000.0	-50.75675	3.8759568	-21.717628	-87.23979	895000	-0.15937187	207.60553	-0.0019642115	-38.788635	6.9915533	0.0002656478	1359.4662446975708
179	-579.123	38.939594	-518.033	-637.8132	1000.0	-51.99625	4.920162	-33.315205	-89.05597	900000	-0.13737553	201.4935	-0.0014010817	-46.934906	6.9370227	8.98407e-05	1367.3408958911896
180	-557.62305	25.47606	-532.7476	-602.80817	1000.0	-51.82784	6.853863	-34.08569	-92.448875	905000	-0.17429063	198.82256	-0.0014730692	-52.987396	6.944294	0.0004011392	1375.7389388084412
181	-558.3634	54.916477	-494.52725	-631.3368	1000.0	-50.69262	4.154047	-34.452496	-88.82776	910000	-0.12907176	304.90015	-0.0017412603	-74.280365	6.9817452	0.00036161972	1383.5082857608795
182	-629.0535	18.887989	-594.3021	-648.61743	1000.0	-52.039722	8.101336	-33.039997	-98.002945	915000	-0.1049233	272.7418	-0.0018404424	-88.27754	6.9671407	0.00018980094	1391.3284003734589
183	-587.3522	44.669437	-536.30646	-669.9267	1000.0	-56.807545	11.64914	-16.529009	-98.37602	920000	-0.1512179	277.00793	-0.0016242713	-61.883453	6.9597173	0.00029999056	1399.1037130355835
184	-566.50684	27.086687	-530.2654	-602.52936	1000.0	-50.301125	9.404301	-34.91857	-94.91638	925000	-0.19328076	253.95195	-0.0014934689	-68.10347	6.93786	0.00047364912	1406.7744815349579
185	-546.95087	40.460155	-471.07196	-587.0625	1000.0	-50.82409	4.2861814	-26.58156	-82.94807	930000	-0.17062931	217.02686	-0.0017364919	-27.7509	6.9315515	0.00022559839	1414.7826364040375
186	-540.4495	55.80713	-433.62814	-580.9998	1000.0	-49.715466	4.317426	-8.761126	-87.561195	935000	-0.16700362	224.31758	-0.001442045	-50.885605	6.9864	-0.00024087033	1422.5323598384857
187	-510.42554	22.299389	-481.57803	-537.09406	1000.0	-49.141438	4.3945956	-4.475291	-87.99453	940000	-0.11867068	182.17809	-0.001936838	-32.275787	6.9337344	4.9110033e-05	1430.393192768097
188	-563.7334	41.87666	-509.50018	-637.0005	1000.0	-47.360615	3.3711336	-8.806358	-73.84128	945000	-0.19738886	236.07195	-0.0013133138	-47.580597	6.963064	0.0008418627	1437.9987800121307
189	-534.88245	50.64803	-467.36942	-610.27167	1000.0	-51.681828	4.729379	-17.127607	-87.43164	950000	-0.18913469	309.37686	-0.0014438778	-68.08313	6.896313	3.280921e-05	1445.8193929195404
190	-543.5125	64.35278	-424.44922	-619.3734	1000.0	-48.102455	5.3317804	-23.16438	-88.62562	955000	-0.103517726	225.64395	-0.0012794062	-60.899307	6.9422607	-4.651475e-05	1454.5746178627014
191	-546.7031	74.444466	-405.37366	-618.19025	1000.0	-49.670315	7.6862974	-1.0171139	-91.91315	960000	-0.12528476	283.33212	-0.0015762448	-73.729126	6.956483	0.00039972697	1462.262999534607
192	-554.85394	5.2133913	-548.6975	-563.7261	1000.0	-49.573063	6.561428	-13.298769	-91.039406	965000	-0.17177406	178.45795	-0.0015852898	-34.635178	6.9752154	0.00025053712	1470.2508835792542
193	-531.01465	23.964777	-504.51117	-574.1773	1000.0	-50.4685	5.069231	-25.029015	-88.15801	970000	-0.12706132	215.4599	-0.0012791008	-41.583267	6.9204016	7.844224e-05	1478.0061559677124
194	-604.11456	57.08945	-528.8356	-653.5944	1000.0	-50.251675	5.8525176	-19.025713	-87.87421	975000	-0.14612141	268.2748	-0.0016517788	-83.82352	6.960742	0.00020757956	1485.7687075138092
195	-577.7588	50.387157	-539.9047	-676.92426	1000.0	-52.451733	7.3718176	-11.259481	-93.187454	980000	-0.1265875	229.0846	-0.0019269288	-46.62123	6.962658	0.000775524	1493.5286738872528
196	-557.4052	14.742266	-532.33295	-569.5343	1000.0	-52.188103	7.0830755	-2.747571	-89.75585	985000	-0.1466507	196.64854	-0.0017077178	-41.347687	6.936215	-8.6112836e-05	1501.3060958385468
197	-551.7392	44.097527	-481.15704	-607.7437	1000.0	-50.13474	5.993741	-27.840797	-83.395256	990000	-0.112878904	215.86325	-0.0016304478	-43.18625	6.94309	-0.00034615197	1508.888156414032
198	-538.8239	28.087122	-488.13535	-572.7922	1000.0	-50.18782	5.1641197	-29.526876	-82.60122	995000	-0.20117505	247.1835	-0.0021730512	-62.093002	6.9542494	0.00045146412	1516.5007617473602
199	-598.69385	37.215225	-557.4945	-654.99994	1000.0	-49.85935	7.9119406	-9.587144	-83.48882	1000000	-0.18045817	222.59245	-0.001830399	-66.91226	6.9782014	0.0004141983	1524.3376438617706
200	-561.44226	28.842018	-504.33517	-583.03284	1000.0	-51.05779	7.375103	-30.825573	-85.1154	1005000	-0.18407525	241.5147	-0.0014285594	-54.74489	6.8814516	0.0003398426	1533.0524575710297
201	-543.056	35.524998	-504.43344	-596.8046	1000.0	-47.928513	7.142839	-15.089668	-87.98528	1010000	-0.16147488	214.4697	-0.0019116849	-52.533295	6.8729477	0.00021479045	1540.6269612312317
202	-513.0209	24.176367	-478.14868	-542.18945	1000.0	-48.787937	5.279204	-24.99973	-84.44242	1015000	-0.14407241	190.83522	-0.0012842864	-44.88739	6.886286	1.2037277e-06	1548.4341251850128
203	-523.71277	29.276024	-469.38376	-549.7715	1000.0	-47.328396	4.643146	-6.8228455	-74.53043	1020000	-0.15399228	198.58846	-0.0013119876	-41.739136	6.876153	0.0005696689	1556.2982804775238
204	-516.0036	44.102745	-450.09326	-566.7078	1000.0	-46.47106	4.6806307	-15.57771	-75.42382	1025000	-0.14659852	268.5828	-0.0014740229	-66.17839	6.91506	0.00030013899	1564.2075202465057
205	-517.1236	28.739853	-467.3392	-553.9624	1000.0	-45.38492	4.12691	-13.419107	-78.21061	1030000	-0.17490625	247.54175	-0.0022705942	-59.25403	6.9371147	0.00027196508	1571.8809823989868
206	-528.2374	61.234303	-470.15692	-614.26434	1000.0	-47.26121	4.3514404	-7.5386066	-75.139595	1035000	-0.17439283	207.03334	-0.001981452	-50.350784	6.8695664	0.00017183537	1579.6924076080322
207	-523.5231	81.77867	-367.70715	-599.7485	1000.0	-47.113277	4.886068	-0.84195375	-72.68355	1040000	-0.1224365	433.22925	-0.0015045032	-119.170685	6.9188967	0.0001891745	1587.5311625003815
208	-486.91992	23.152826	-445.64728	-515.9694	1000.0	-46.5228	5.1752787	-16.863438	-81.06084	1045000	-0.13998282	203.40257	-0.0019153059	-46.261368	6.882524	0.0005881349	1595.3904130458832
209	-524.9352	56.447754	-440.8955	-589.7446	1000.0	-45.61386	4.5409856	3.026766	-74.07113	1050000	-0.16985549	240.8438	-0.002149716	-47.9628	6.901239	0.000110692505	1603.2616896629333
210	-519.23804	30.620134	-473.81268	-561.7431	1000.0	-47.533844	4.8142214	-20.457775	-77.19885	1055000	-0.19638473	216.18922	-0.0020290464	-44.35225	6.887164	-0.0001922028	1612.6211664676666
211	-532.74475	53.26616	-452.9455	-604.8629	1000.0	-47.651955	4.986561	-15.086057	-80.54338	1060000	-0.18474951	213.05376	-0.0014254302	-56.753693	6.8894134	-2.5131369e-05	1620.2680463790894
212	-550.98663	20.23847	-523.7992	-578.23694	1000.0	-47.735474	6.8317924	-18.128267	-89.397156	1065000	-0.19647379	263.08084	-0.0013872534	-61.6839	6.91068	0.00013100858	1627.985507965088
213	-526.76514	14.401357	-503.93808	-541.54407	1000.0	-48.131744	7.4711146	-24.909273	-97.01441	1070000	-0.16743083	200.6092	-0.0013876557	-62.141464	6.940485	0.00075491326	1635.7030594348907
214	-519.11487	32.341465	-475.48413	-555.1359	1000.0	-47.68956	3.1094797	-21.510857	-68.82362	1075000	-0.15620306	199.38458	-0.0011096597	-33.20375	6.912491	0.0002160348	1643.5332987308502
215	-516.6784	54.96817	-428.39633	-575.36163	1000.0	-48.875282	6.4137373	-9.614831	-85.065025	1080000	-0.12906042	273.4845	-0.0018802434	-72.940994	6.893186	0.00032412302	1651.140121936798
216	-518.42365	27.906033	-471.97217	-547.686	1000.0	-45.998196	4.4455237	1.5002627	-69.93691	1085000	-0.13276611	156.30873	-0.0012377053	-28.634407	6.8650312	9.601817e-05	1658.821180820465
217	-489.06924	22.935986	-466.21182	-533.12885	1000.0	-46.590275	3.6624472	-23.48736	-74.36772	1090000	-0.15252058	181.8442	-0.0014843196	-32.40773	6.8949	-9.013453e-05	1666.7206454277039
218	-484.5901	41.05531	-409.1406	-525.8086	1000.0	-45.248016	3.9318328	-8.549848	-70.875275	1095000	-0.17755745	193.66498	-0.0014362633	-47.31215	6.9032555	0.00017772078	1674.4460825920105
219	-500.8636	40.213955	-453.3968	-567.3643	1000.0	-45.66268	4.304448	-8.614641	-72.23117	1100000	-0.10327118	202.09314	-0.0019778907	-48.749817	6.85565	-0.000100400495	1682.0906717777252
220	-507.01578	25.59372	-461.0868	-534.37	1000.0	-44.705345	5.1548147	-17.89596	-86.813576	1105000	-0.17308056	176.90501	-0.0010239184	-51.957825	6.8874764	0.00010354729	1690.6488926410675
221	-500.37866	32.65082	-457.05087	-556.3276	1000.0	-45.04921	4.812796	-18.257524	-82.77063	1110000	-0.18931174	156.63995	-0.0016160011	-29.448906	6.847164	0.00015264816	1698.5151705741882
222	-520.962	15.844561	-504.7549	-547.00854	1000.0	-45.961323	3.9712305	-25.035492	-77.00261	1115000	-0.18226092	169.67357	-0.002197355	-31.093918	6.867233	0.00069483655	1706.3031160831451
223	-491.43365	45.865307	-430.16434	-544.056	1000.0	-47.127056	3.6858149	-16.969286	-67.56154	1120000	-0.1690704	183.73817	-0.0010173321	-47.437546	6.875567	0.000497626	1714.146083831787
224	-537.43134	15.88241	-515.018	-559.5318	1000.0	-44.4801	3.333261	-22.168077	-63.527508	1125000	-0.18218815	221.23407	-0.0015616268	-57.39714	6.923168	0.0006908916	1721.9637458324432
225	-481.6476	50.0734	-436.91577	-579.5568	1000.0	-47.63037	4.971267	-36.138653	-76.68771	1130000	-0.14374161	190.11258	-0.0016601533	-50.7489	6.8691936	0.0003323967	1729.6070623397827
226	-531.2295	27.117268	-491.19995	-571.98956	1000.0	-44.441193	3.3002193	-11.364295	-69.21924	1135000	-0.2030091	216.89122	-0.0027234405	-47.625168	6.8387485	0.0006386967	1737.428160905838
227	-494.20206	22.361536	-462.50797	-517.42694	1000.0	-47.625854	4.148101	-34.162254	-72.73272	1140000	-0.15270172	183.52934	-0.0019062608	-32.251144	6.8612704	-0.00036112167	1745.2638347148895
228	-483.97162	56.886322	-414.2987	-546.29694	1000.0	-45.8284	3.4636278	-28.580126	-73.5091	1145000	-0.18203956	181.11357	-0.0013770312	-30.447739	6.8394117	0.00076727924	1753.1477165222168
229	-438.4376	49.795532	-364.25684	-488.30582	1000.0	-42.52018	3.8192046	-15.49506	-73.49738	1150000	-0.13288108	205.26433	-0.0017026961	-43.48172	6.8434896	0.0002932868	1760.9166316986084
230	-469.14957	58.94866	-373.20145	-536.4783	1000.0	-41.278633	4.5603104	-11.190416	-67.601776	1155000	-0.18981688	276.36676	-0.001621604	-90.08069	6.8476353	0.00047010437	1769.6288421154022
231	-385.33636	186.8107	-13.562495	-499.9874	805.4	-44.13882	7.918605	3.1673198	-83.22891	1160000	-0.104887515	201.40987	-0.0017463192	-70.89412	6.8235765	0.0005733357	1777.55930352211
232	-521.12683	25.764023	-488.18378	-556.5462	1000.0	-44.282738	4.2577224	-16.579178	-81.67117	1165000	-0.11572966	185.3444	-0.0013504699	-34.67331	6.89792	0.00039613643	1785.408798456192
233	-489.8062	15.898342	-462.7096	-507.53955	1000.0	-46.405293	4.2988296	0.9575889	-74.83389	1170000	-0.1334022	160.02403	-0.0021666437	-30.698715	6.837166	0.0005512474	1793.1579365730286
234	-481.0433	29.075037	-429.00333	-512.2666	1000.0	-44.918495	3.4894423	-4.634738	-74.3927	1175000	-0.17881545	194.4827	-0.0014094114	-40.566254	6.787575	0.0010759311	1800.902274608612
235	-474.64258	45.083206	-422.553	-557.8126	1000.0	-44.049355	5.823455	-29.446589	-82.89603	1180000	-0.16269033	199.68747	-0.0015740097	-37.06909	6.8041835	9.3866634e-05	1808.7365307807922
236	-453.58643	46.964905	-403.882	-528.35205	1000.0	-43.05609	4.9254556	-19.595575	-81.98036	1185000	-0.0846627	196.7195	-0.0022217408	-50.808716	6.8143954	0.00046926618	1816.4570758342743
237	-495.75	45.916294	-415.17444	-551.71106	1000.0	-41.213455	4.594037	-20.06085	-79.183655	1190000	-0.17397104	211.45828	-0.0018829852	-62.40146	6.801504	0.0004594536	1824.2986557483673
238	-474.7669	15.160937	-450.0664	-494.5634	1000.0	-43.49452	4.4628425	-1.6992884	-78.83865	1195000	-0.18600622	152.4201	-0.0016321838	-26.30458	6.8142705	0.0005887323	1832.0867269039154
239	-505.13858	45.052555	-452.11536	-564.02545	1000.0	-43.530125	4.672757	-27.790865	-80.92693	1200000	-0.13838576	163.3101	-0.0015407652	-32.428024	6.805614	0.000115969226	1839.9595024585724
240	-527.37396	61.48343	-446.6381	-635.4062	1000.0	-46.512054	6.4385324	-30.441631	-81.974236	1205000	-0.16690874	209.1462	-0.0012871474	-38.18869	6.851166	3.1503678e-06	1848.6727397441864
241	-479.17426	38.437263	-419.9925	-526.18994	1000.0	-45.6213	5.610769	-32.54974	-84.14648	1210000	-0.19221896	228.92368	-0.0014620423	-64.28731	6.838577	-1.5809059e-06	1856.601431131363
242	-488.9156	88.13936	-342.39026	-564.9953	1000.0	-44.983067	5.776795	-8.278919	-76.79794	1215000	-0.11308662	318.92215	-0.0014672875	-108.44862	6.847217	4.997902e-05	1864.3923845291138
243	-495.95963	24.918915	-472.78384	-541.84265	1000.0	-43.890385	3.7646446	-15.812686	-70.93568	1220000	-0.17287119	153.8372	-0.0011439174	-32.952682	6.816053	2.8650666e-05	1872.0858409404755
244	-533.5992	27.301458	-495.1815	-580.64825	1000.0	-44.54975	6.121877	-26.497606	-77.74992	1225000	-0.12440996	218.8094	-0.0016054809	-55.562378	6.825008	-0.00013199964	1879.879921913147
245	-420.3548	54.119713	-324.94135	-474.43704	1000.0	-45.252163	7.666778	1.7790146	-87.156906	1230000	-0.12266079	374.89954	-0.0011855215	-166.63054	6.775372	7.8610945e-05	1887.7526950836182
246	-513.81213	33.409073	-483.24622	-575.92505	1000.0	-39.240658	4.490525	-4.6392326	-67.88632	1235000	-0.18227598	263.93015	-0.0015396476	-96.88333	6.8595843	0.00035492878	1895.6719558238983
247	-499.41162	16.48169	-467.11194	-512.9235	1000.0	-44.568108	5.492952	-25.62857	-79.78822	1240000	-0.1918345	144.27768	-0.0016394109	-21.141281	6.8165	-0.00018799095	1903.4542202949524
248	-526.73474	97.36012	-419.8789	-683.54443	1000.0	-44.40141	5.6497536	-29.790985	-76.30236	1245000	-0.12123016	324.5863	-0.0016670674	-117.97081	6.8657727	0.00022275887	1911.2845902442932
249	-410.3951	129.33624	-170.42618	-555.9496	847.6	-45.146317	7.782879	-13.928867	-94.92503	1250000	-0.17386709	158.26358	-0.001262784	-36.446915	6.848119	0.00040233813	1920.3741047382355
