Epoch	AverageEpRet	StdEpRet	MaxEpRet	MinEpRet	EpLen	AverageVVals	StdVVals	MaxVVals	MinVVals	TotalEnvInteracts	LossPi	LossV	DeltaLossPi	DeltaLossV	Entropy	KL	Time
0	4471.038	50.049015	4532.861	4398.3286	1000.0	-0.15239118	0.72475684	2.5389774	-2.5199604	5000	-0.044140548	171227.36	-0.0891068	-11616.922	17.3245	1.6967554	21.472758769989014
1	4492.893	87.5726	4635.243	4414.04	1000.0	14.07906	2.0209484	14.726224	-12.520549	10000	0.025660932	161507.12	-0.053470697	-5426.703	17.178175	1.5550449	33.19880270957947
2	4503.763	82.54595	4570.074	4341.371	1000.0	20.94874	1.6316959	21.107924	-18.22701	15000	-0.077874966	155965.58	-0.04401195	-4476.0156	17.221256	1.6456035	44.82029938697815
3	4561.602	85.87666	4725.4688	4490.6816	1000.0	26.637976	2.0026395	26.845213	-17.710316	20000	-0.031040307	155923.73	-0.034287717	-4362.6875	17.261803	1.6488359	56.40502858161926
4	4508.6084	66.8778	4588.0874	4405.7427	1000.0	32.17125	2.4793348	32.386105	-24.75177	25000	-0.02266053	148042.6	-0.026611285	-4100.8125	17.216831	1.6314386	68.2169029712677
5	4452.6973	39.25706	4500.2197	4389.117	1000.0	37.67318	1.397062	37.732094	-19.29295	30000	-0.14219986	140562.44	-0.025292173	-3775.1562	17.199812	1.5674382	79.76594662666321
6	4589.087	59.6269	4692.6104	4516.843	1000.0	42.88635	0.7485128	42.919178	6.3682194	35000	0.106922105	147409.28	-0.024762891	-3942.6406	17.237936	1.6276712	91.2584936618805
7	4569.2974	68.45676	4672.2314	4475.082	1000.0	48.03457	2.8554718	48.20369	-32.553867	40000	-0.056943018	141026.36	-0.023160513	-3828.125	17.198921	1.6475152	102.95613312721252
8	4479.823	54.23294	4539.0933	4380.773	1000.0	53.28741	1.5125302	53.376923	-9.632177	45000	0.005633026	131433.69	-0.018152116	-3581.2734	17.280182	1.6142575	114.69958639144897
9	4469.668	49.479908	4522.2607	4393.3755	1000.0	58.33259	1.4801296	58.405327	-14.085968	50000	-0.08296867	127437.36	-0.019934937	-3435.4375	17.360348	1.7066723	126.2647807598114
10	4477.972	70.59352	4563.635	4388.6655	1000.0	63.337986	0.77792466	63.363644	14.495586	55000	-0.076959245	124121.12	-0.015740767	-3348.8438	17.36821	1.7727758	138.27153062820435
11	4485.4863	64.91808	4579.1304	4394.019	1000.0	68.236015	1.8963928	68.28961	-53.755524	60000	-0.031577505	121979.49	-0.019101888	-3323.3672	17.438913	1.788643	150.00985312461853
12	4591.2446	124.69753	4752.8433	4369.413	1000.0	73.118614	1.9620088	73.201195	-22.500591	65000	0.0038579102	124635.805	-0.017366802	-3437.664	17.273106	1.6555867	161.74998116493225
13	4498.992	56.803112	4593.174	4424.9834	1000.0	78.15039	0.7817011	78.188774	39.48898	70000	-0.1259428	115162.83	-0.016048774	-3178.1719	17.178196	1.6650987	173.25392985343933
14	4470.237	79.1161	4616.2896	4390.928	1000.0	83.00985	0.8127423	83.039925	51.951794	75000	0.030619925	110707.17	-0.012973169	-3065.3125	17.189602	1.6189544	185.30697798728943
15	4483.806	38.74719	4557.8823	4444.6357	1000.0	87.70113	2.7287602	87.821335	-17.619425	80000	0.029230505	109181.8	-0.019128429	-3099.5312	17.335062	1.7365016	197.37879705429077
16	4511.5913	72.39451	4600.994	4430.447	1000.0	92.423706	3.851825	92.591515	-45.6193	85000	0.001140271	106408.164	-0.0147937015	-3064.6875	17.405481	1.8102587	209.01462197303772
17	4482.3086	36.93665	4530.8145	4424.4355	1000.0	97.29621	1.193908	97.338844	41.420444	90000	-0.08974631	102807.57	-0.015255883	-2894.0234	17.348381	1.7321012	220.4971067905426
18	4557.232	59.399437	4666.2754	4495.8916	1000.0	101.94101	2.9960008	102.044	-24.839203	95000	0.10199277	104016.4	-0.0135783255	-2985.8672	17.396524	1.8386045	232.5069456100464
19	4513.3926	106.79802	4699.6846	4428.0474	1000.0	106.73754	2.5892792	106.808914	-35.210545	100000	-0.039429072	99094.88	-0.013979461	-2835.75	17.214762	1.6444477	244.3361415863037
20	4463.3325	67.70391	4538.7256	4342.7773	1000.0	111.477615	0.5844009	111.49621	73.21266	105000	-0.10803035	92680.91	-0.014649898	-2677.875	17.342623	1.7317998	256.4697337150574
21	4441.3467	93.151665	4621.6343	4360.9155	1000.0	115.999725	2.8637757	116.09878	-19.118717	110000	0.010204755	88757.42	-0.01369195	-2614.3594	17.491673	1.9415883	268.03992533683777
22	4499.4014	113.40226	4659.0093	4341.3926	1000.0	120.53875	2.8327432	120.629776	-25.621668	115000	0.05089907	89453.61	-0.012592763	-2653.3516	17.354053	1.7497578	279.65851879119873
23	4491.3296	11.718306	4511.411	4474.9424	1000.0	125.148285	2.3540347	125.214714	-22.011793	120000	-0.0021408936	85807.22	-0.012454382	-2546.1016	17.285912	1.6816739	290.96626687049866
24	4464.1943	48.155045	4542.265	4402.0557	1000.0	129.72437	1.0172364	129.75447	63.551353	125000	-0.19298865	82249.36	-0.017855778	-2453.7344	17.392893	1.7858101	302.5035500526428
25	4437.815	54.669357	4517.679	4379.6577	1000.0	134.19229	1.8159716	134.25279	31.888428	130000	-0.053108644	78432.69	-0.013437178	-2376.0781	17.379667	1.7538781	314.0332496166229
26	4398.218	24.17483	4425.341	4361.4077	1000.0	138.65404	1.2775936	138.69102	69.356995	135000	0.10952149	74179.59	-0.014781788	-2257.0156	17.386444	1.8305551	325.66278982162476
27	4520.438	49.903896	4617.6675	4476.76	1000.0	142.97798	2.8550086	143.05618	-40.152664	140000	-0.05341825	78769.36	-0.016115054	-2435.8203	17.333447	1.7357196	337.34392738342285
28	4536.013	111.91146	4699.1377	4402.3774	1000.0	147.5096	2.337592	147.57874	22.233047	145000	-0.06170316	76489.58	-0.014740795	-2385.2734	17.367487	1.7311571	349.0834710597992
29	4532.5566	103.41867	4697.782	4389.464	1000.0	151.97337	4.657527	152.09676	-84.18396	150000	0.044870336	74652.125	-0.013360411	-2382.0469	17.4321	1.7391015	360.72795391082764
30	4441.6475	52.010284	4488.8555	4341.612	1000.0	156.5428	1.3947135	156.5865	87.610596	155000	-0.094336964	67204.41	-0.014373511	-2122.2734	17.354689	1.7887027	373.1949679851532
31	4577.1436	94.66395	4710.394	4432.819	1000.0	160.89586	0.85452807	160.92226	118.90149	160000	0.12209446	71911.04	-0.015959777	-2260.5703	17.377243	1.7209045	384.9151768684387
32	4435.591	34.49779	4501.763	4405.99	1000.0	165.38644	1.1883425	165.414	86.21581	165000	0.044145044	62664.13	-0.010100659	-2014.0117	17.472912	1.8489658	396.61363339424133
33	4420.855	43.91438	4487.1035	4350.775	1000.0	169.67532	1.567128	169.71286	63.385406	170000	0.08128814	60056.27	-0.014304973	-1944.8398	17.363138	1.8183101	408.2967698574066
34	4527.1396	110.38825	4655.745	4367.989	1000.0	173.86052	3.5314083	173.94121	-69.02137	175000	0.07756077	63732.883	-0.01458817	-2080.1328	17.358112	1.7585727	420.2324984073639
35	4548.1904	73.87535	4678.8965	4450.844	1000.0	178.27866	0.74291813	178.2983	129.9782	180000	-0.06047101	62027.367	-0.017095376	-2016.1016	17.362133	1.7641883	432.2468020915985
36	4491.7056	43.407528	4544.578	4412.7656	1000.0	182.62378	2.0766292	182.67316	42.272766	185000	-0.042663038	57669.594	-0.015693065	-1924.3281	17.348053	1.7647438	443.9409964084625
37	4453.12	31.987566	4489.378	4403.281	1000.0	186.85526	3.4394388	186.9513	-6.171939	190000	-0.0869636	53887.586	-0.01228752	-1842.6367	17.365948	1.78307	455.66138100624084
38	4450.065	35.904133	4503.008	4409.4014	1000.0	191.1101	1.1950572	191.1382	114.545006	195000	-0.017621167	51903.168	-0.011341156	-1744.6797	17.528404	1.8931668	467.3581368923187
39	4507.8496	71.184235	4639.885	4445.0796	1000.0	195.2744	0.5550472	195.29366	163.09839	200000	-0.19765146	51976.63	-0.011688143	-1766.2305	17.412512	1.8406602	479.08353972435
40	4503.1094	100.11088	4658.1475	4395.491	1000.0	199.49782	0.07054006	199.50044	195.2684	205000	0.07677334	50879.07	-0.011989571	-1736.0625	17.3465	1.7711352	491.5135085582733
41	4461.7974	17.839256	4476.019	4428.7485	1000.0	203.68718	0.8962706	203.71413	156.20648	210000	-0.026086066	47155.66	-0.014218792	-1637.6953	17.506466	1.8594297	503.37040090560913
42	4485.582	83.589966	4650.9307	4433.2646	1000.0	207.76483	2.472678	207.82986	57.777397	215000	-0.025936097	46964.51	-0.014388882	-1649.5508	17.263563	1.6975652	514.9087727069855
43	4522.214	21.879591	4543.072	4488.527	1000.0	211.93837	0.81853026	211.96046	163.82495	220000	-0.062350396	46235.57	-0.012253884	-1615.1445	17.345709	1.7599816	526.6640248298645
44	4466.789	36.515224	4521.0625	4426.4507	1000.0	216.0925	0.6538418	216.10716	181.42767	225000	0.024067638	42368.453	-0.01249057	-1513.8672	17.356441	1.7677091	538.1553874015808
45	4471.2627	111.02811	4659.274	4329.5454	1000.0	220.0822	3.786849	220.16342	-36.574516	230000	-0.042207785	41941.992	-0.017287858	-1497.1875	17.450605	1.7695117	549.7283508777618
46	4516.797	109.17156	4642.063	4362.0605	1000.0	224.1752	1.4227645	224.2017	124.93433	235000	0.04462287	41991.906	-0.011903528	-1495.5117	17.386187	1.8068153	561.6294627189636
47	4447.0283	92.83287	4585.9434	4341.479	1000.0	228.26653	0.62343305	228.28293	189.68085	240000	-0.06578229	37883.02	-0.013500556	-1380.4258	17.345041	1.6915005	573.0648860931396
48	4476.9683	62.460564	4553.5615	4396.355	1000.0	232.21515	0.8337564	232.23196	176.85307	245000	-0.13463144	37664.11	-0.017656103	-1372.0273	17.439405	1.8623023	584.6156771183014
49	4568.674	59.560413	4631.8706	4472.085	1000.0	236.0309	6.4244304	236.20107	-124.102036	250000	-0.08488838	39016.316	-0.013165161	-1549.4844	17.244635	1.6619039	596.6997351646423
50	4522.334	63.495857	4641.943	4467.4824	1000.0	240.136	4.0066476	240.30406	55.21873	255000	-0.13989615	36698.52	-0.013113439	-1403.7773	17.55685	1.93035	609.1779634952545
51	4478.6514	122.25345	4641.5845	4298.7944	1000.0	244.29912	0.4007603	244.3119	218.18445	260000	-0.03232352	33159.176	-0.01266709	-1228.1934	17.419117	1.8290062	620.5400514602661
52	4493.8154	77.06979	4590.7285	4383.861	1000.0	248.15698	0.92375255	248.18808	201.55736	265000	0.09038024	33116.34	-0.010788187	-1240.6953	17.418718	1.7749559	632.0244052410126
53	4509.177	114.254524	4707.1553	4399.068	1000.0	251.9474	7.271896	252.10025	-222.53401	270000	-0.26036274	31952.928	-0.013218343	-1266.4375	17.369003	1.8427321	643.9446725845337
54	4459.3936	42.836685	4509.497	4388.116	1000.0	255.82307	7.194565	255.97618	-233.28221	275000	0.08783452	29170.5	-0.014872678	-1199.6016	17.4084	1.8245176	655.6539232730865
55	4553.176	99.59521	4696.0806	4426.9	1000.0	259.57526	6.4254875	259.73657	-162.18326	280000	0.008830216	30846.547	-0.014053525	-1281.6309	17.40854	1.8581583	667.2212941646576
56	4543.9487	111.61825	4751.9053	4433.248	1000.0	263.60583	1.007134	263.6529	222.60907	285000	0.02939574	29910.893	-0.017735217	-1130.7871	17.379173	1.7554063	678.7834422588348
57	4485.6763	79.84526	4624.0757	4389.73	1000.0	267.42307	3.0911021	267.51633	93.04176	290000	0.026898922	26844.076	-0.015673794	-1070.0859	17.471128	1.8403112	690.1995403766632
58	4469.8604	64.3939	4540.1416	4361.945	1000.0	271.15405	3.130057	271.2538	107.15268	295000	-0.0428246	24879.982	-0.011234142	-993.2656	17.495394	1.8824594	701.7604269981384
59	4446.4907	49.925777	4501.3086	4368.8667	1000.0	274.76736	4.861463	274.91595	56.97962	300000	-0.09291625	23681.51	-0.012097046	-953.2344	17.41821	1.8556	713.3076510429382
60	4469.7393	65.60091	4542.975	4370.5786	1000.0	278.423	2.4289834	278.50534	157.25551	305000	-0.017629407	23780.602	-0.012742424	-921.0918	17.536669	1.9386016	725.4636385440826
61	4498.4995	76.949005	4598.0483	4382.984	1000.0	282.05353	1.7979856	282.10724	186.97034	310000	0.060510535	23490.877	-0.011088472	-915.8242	17.481993	1.8432219	736.7607588768005
62	4457.915	60.732407	4532.645	4377.339	1000.0	285.70154	1.9371874	285.7477	162.57527	315000	-0.018698975	21360.887	-0.0122022815	-829.9004	17.552004	1.9559371	748.3463854789734
63	4431.129	64.91926	4545.5264	4379.0938	1000.0	289.1701	4.8257647	289.2727	-35.46683	320000	0.13150826	19994.441	-0.011794284	-824.4629	17.621239	2.0470526	759.897691488266
64	4429.251	64.62141	4556.234	4374.492	1000.0	292.60583	2.8476121	292.7055	155.97896	325000	0.13375534	18801.293	-0.011719011	-763.3867	17.603128	1.9675345	771.7566165924072
65	4434.7275	35.558777	4500.5713	4395.4453	1000.0	295.63678	10.128653	296.07156	-77.07984	330000	-0.005485248	18467.137	-0.0102340095	-847.68164	17.515678	1.8958832	783.4458029270172
66	4503.3125	64.86426	4580.7915	4401.746	1000.0	299.22604	3.3218482	299.41507	164.62434	335000	-0.009884952	19429.639	-0.010708878	-840.5547	17.401743	1.8706853	795.0397818088531
67	4502.5303	35.93427	4558.2363	4465.6113	1000.0	302.7017	5.9151845	302.9332	-34.01355	340000	-0.16658813	18921.318	-0.013862923	-781.33984	17.47849	1.8935137	806.9814541339874
68	4511.673	135.40761	4768.8423	4410.3394	1000.0	306.3644	1.5503052	306.39914	200.77292	345000	-0.11109106	18291.414	-0.012684047	-706.14453	17.475548	1.8393852	818.6434571743011
69	4468.716	56.993176	4552.8677	4411.7676	1000.0	309.8635	0.23086709	309.87222	298.57538	350000	0.060805928	15826.646	-0.011873934	-628.1123	17.381556	1.8195611	830.2842402458191
70	4464.2686	69.83465	4564.2827	4358.9624	1000.0	313.13382	1.8813368	313.1734	182.88486	355000	-0.15163688	15887.438	-0.016775727	-599.3213	17.550198	1.8967936	842.6857161521912
71	4440.0596	80.94702	4534.767	4342.2334	1000.0	316.4274	0.37381488	316.44077	297.71893	360000	-0.04777337	14780.586	-0.0131511055	-544.31836	17.523418	1.8470873	854.191828250885
72	4472.5615	93.494095	4649.783	4384.042	1000.0	319.37036	6.4363756	319.58572	9.030073	365000	-0.0038957153	15144.016	-0.015799774	-634.0752	17.473251	1.9009957	865.8191764354706
73	4520.404	57.82198	4628.052	4464.0977	1000.0	322.71143	1.8973275	322.76886	229.3508	370000	-0.1356381	15089.83	-0.01240477	-570.14355	17.648458	2.024744	877.514955997467
74	4483.9966	57.77151	4596.6846	4433.0674	1000.0	326.02902	1.4397851	326.05542	224.81143	375000	-0.020784454	13839.684	-0.013509167	-517.91406	17.45863	1.8544152	889.1828243732452
75	4476.91	65.09206	4579.486	4376.075	1000.0	329.05365	6.0204463	329.23148	-41.324493	380000	-0.115095265	13330.661	-0.013639696	-514.71875	17.617735	2.0465865	900.9686162471771
76	4522.362	94.08685	4644.408	4422.1416	1000.0	332.2451	1.4263309	332.28156	237.5916	385000	0.106380686	13893.762	-0.010885492	-471.21484	17.504084	1.9634722	912.5282142162323
77	4562.897	99.24649	4706.2534	4436.5234	1000.0	335.34027	4.3141193	335.4147	32.287476	390000	-0.049104925	14232.416	-0.009533893	-520.96484	17.442684	1.8869371	924.0345811843872
78	4461.3696	59.951538	4535.165	4404.4033	1000.0	338.61807	2.7873528	338.66855	145.7946	395000	0.017077954	11934.275	-0.014848108	-376.13477	17.517328	1.917457	935.5360455513
79	4549.4927	84.47575	4615.9795	4385.1494	1000.0	341.48044	3.134815	341.547	127.88466	400000	0.14092632	13473.958	-0.0107048005	-453.42188	17.489954	1.8677129	947.2007043361664
80	4584.1865	114.699005	4736.3257	4415.735	1000.0	344.5077	8.247478	344.672	-215.89987	405000	0.13375649	13163.446	-0.014312275	-545.29297	17.467278	1.8896708	960.1447079181671
81	4520.5596	68.73007	4626.935	4426.995	1000.0	347.88263	0.31306064	347.89215	329.18314	410000	-0.10192822	11472.752	-0.015878052	-395.12988	17.427906	1.8666056	971.4458878040314
82	4505.426	50.02871	4599.7065	4449.5347	1000.0	350.76044	2.9890354	350.8383	209.53151	415000	-0.13770503	10650.782	-0.012514815	-309.9707	17.466497	1.9769067	982.9917817115784
83	4497.19	40.080814	4554.0986	4448.777	1000.0	353.47925	1.4498883	353.52628	264.1501	420000	-0.07141553	10284.01	-0.0138447955	-302.90527	17.549501	2.0002425	994.4422760009766
84	4481.5913	40.228333	4545.365	4433.2197	1000.0	356.06964	1.5181551	356.15076	296.7372	425000	-0.033094052	10304.952	-0.015119933	-413.91406	17.731522	2.1459846	1005.8666961193085
85	4478.005	73.17684	4574.324	4382.5615	1000.0	358.23602	5.965675	358.70285	163.86194	430000	-0.1448177	10463.839	-0.013697594	-370.72168	17.554659	2.0719519	1017.5090951919556
86	4530.2314	78.482635	4644.5327	4442.997	1000.0	360.99814	2.9013495	361.1758	266.40222	435000	-0.1370514	10060.119	-0.014855266	-308.80566	17.53919	1.9171051	1028.8848519325256
87	4455.1016	92.616714	4634.7075	4381.38	1000.0	363.3202	7.1366596	363.77423	90.225494	440000	-0.007433368	9266.58	-0.01581474	-428.9463	17.487944	1.8805602	1040.3762528896332
88	4491.915	19.014473	4523.123	4471.133	1000.0	363.2846	14.030398	366.0219	-154.63513	445000	-0.05112974	10073.793	-0.015407991	-1038.4102	17.711103	2.138749	1052.0094692707062
89	4474.5195	57.37516	4541.2344	4395.055	1000.0	366.2053	12.786125	368.40134	-130.37752	450000	-0.15276892	9129.547	-0.0157855	-1581.5918	17.6719	2.0896962	1063.690269947052
90	4428.5264	86.44773	4554.832	4332.934	1000.0	363.06427	22.380127	370.74414	-147.53882	455000	-0.022029877	9162.511	-0.015217859	-2477.308	17.64209	2.131854	1076.6537499427795
91	4508.592	57.85899	4573.831	4407.4736	1000.0	364.24814	24.84732	372.95578	-4.528636	460000	0.104556546	10509.626	-0.01650633	-3522.083	17.477465	1.9629191	1088.6423296928406
92	4535.549	98.828224	4668.004	4399.77	1000.0	342.6704	52.105587	375.54648	-228.30342	465000	0.10719801	13693.075	-0.01677917	-5951.4014	17.51879	1.9376539	1100.2990176677704
93	4453.3213	59.116028	4563.5176	4402.244	1000.0	372.94235	19.686422	378.07083	215.88426	470000	-0.017649004	8268.443	-0.016366469	-2047.4067	17.444763	1.8717326	1112.0905530452728
94	4488.1396	71.1479	4593.844	4387.8213	1000.0	366.46722	33.557667	380.33163	-32.765633	475000	-0.1168002	9567.009	-0.0147183165	-2840.0166	17.585491	2.0658453	1124.7415976524353
95	4450.442	76.48052	4529.855	4308.0947	1000.0	379.0381	16.152569	382.51495	77.89034	480000	-0.09195386	8224.856	-0.0140271485	-1307.8467	17.633608	2.014718	1136.4086952209473
96	4517.7456	112.16176	4722.6626	4414.172	1000.0	373.39014	30.66959	384.3183	-176.00368	485000	-0.005147516	10228.272	-0.0121942265	-2233.7188	17.626392	2.0530226	1147.7253875732422
97	4519.2954	81.85378	4663.4697	4444.679	1000.0	381.30185	18.68696	386.2928	220.5748	490000	-0.011218805	8254.18	-0.016520191	-1209.2695	17.573404	2.0412493	1159.2560567855835
98	4513.038	56.243164	4602.7446	4426.133	1000.0	383.2112	19.922112	388.1227	-124.82802	495000	-0.1425449	8179.8066	-0.016585425	-1388.794	17.64462	2.0823753	1170.9306273460388
99	4460.077	64.50877	4527.424	4360.6274	1000.0	384.8103	18.400085	389.9696	233.69595	500000	-0.04131114	7780.733	-0.015983041	-2009.4448	17.536488	1.9308027	1182.4529831409454
100	4499.201	71.433365	4564.2227	4370.1523	1000.0	380.6198	29.155928	391.6569	214.39667	505000	-0.14959162	8506.096	-0.014847711	-2319.0146	17.622152	2.0401037	1195.040582895279
101	4540.4897	84.803276	4706.087	4473.4644	1000.0	383.83856	26.486385	393.5411	226.33737	510000	0.0109377075	9217.965	-0.017163886	-2263.38	17.573128	2.0369663	1206.6409528255463
102	4477.292	38.2643	4523.2754	4411.758	1000.0	383.21146	29.99351	395.4367	222.7996	515000	-0.06296549	9179.777	-0.017827652	-2257.5127	17.533005	1.9364332	1217.8278443813324
103	4435.9707	38.302776	4505.4473	4388.92	1000.0	389.869	22.928892	396.9076	224.41257	520000	-0.032424908	7733.6016	-0.011832543	-2333.792	17.651781	2.098624	1229.5296475887299
104	4518.9946	64.023865	4624.014	4457.1963	1000.0	383.7697	34.51458	398.2197	211.71211	525000	-0.08336771	10128.632	-0.017858975	-2970.291	17.471338	1.9637496	1241.1565663814545
105	4525.8594	60.911266	4609.7734	4429.29	1000.0	389.4122	26.30848	399.66937	223.81348	530000	0.096507825	8255.834	-0.011852652	-2486.2114	17.656628	2.020721	1252.5176124572754
106	4440.2124	77.08761	4576.741	4361.282	1000.0	391.5454	24.587059	401.34097	142.57475	535000	-0.03648315	7187.6206	-0.012672644	-2659.436	17.627975	2.0396647	1263.7687952518463
107	4484.558	93.070045	4599.7637	4318.668	1000.0	384.2344	35.28102	402.83496	145.6491	540000	-0.2508859	9488.315	-0.018005073	-3037.9604	17.642479	2.1619716	1275.411544084549
108	4481.732	80.10917	4634.3286	4404.9004	1000.0	389.21585	30.830252	404.04153	225.6093	545000	0.12238225	8227.213	-0.014478333	-2505.6987	17.668922	2.112356	1286.7982399463654
109	4547.1797	121.88417	4777.704	4426.803	1000.0	393.95956	27.803709	405.28595	-182.9589	550000	0.02634486	10149.923	-0.012723931	-2195.7007	17.481009	2.000713	1298.154399394989
110	4438.116	27.256683	4466.9785	4391.6514	1000.0	396.0742	22.632494	406.29596	45.889374	555000	-0.04471703	8324.817	-0.016178675	-2278.7563	17.76206	2.1682005	1310.5940351486206
111	4545.064	78.71753	4683.761	4469.0986	1000.0	391.04333	30.72613	407.12735	-153.67628	560000	-0.03716948	9585.095	-0.014972404	-3804.0737	17.532963	1.9791459	1322.4982936382294
112	4508.087	100.527824	4638.5117	4356.7	1000.0	382.72043	42.709293	409.1116	107.62772	565000	0.0934101	10003.059	-0.017638117	-3648.274	17.673006	2.1520445	1333.9530136585236
113	4471.59	102.03637	4672.4126	4393.308	1000.0	391.36884	33.02867	410.1726	116.253555	570000	0.10005743	8892.391	-0.016517282	-3060.3354	17.738422	2.1446533	1345.4392170906067
114	4487.0464	99.5467	4595.952	4318.256	1000.0	386.34024	37.350216	411.0186	146.62193	575000	-0.14516523	9701.042	-0.013920441	-3783.1733	17.685678	2.149439	1357.3662099838257
115	4476.8467	79.65854	4557.662	4349.222	1000.0	392.0761	34.92535	412.1712	66.11815	580000	-0.042001497	8644.037	-0.020545144	-3260.1123	17.721838	2.2034755	1369.1595211029053
116	4525.8877	79.472115	4671.6255	4433.0566	1000.0	390.11835	37.375164	413.02768	52.96363	585000	-0.020804761	9049.889	-0.014056543	-3435.0068	17.649744	2.1143997	1380.3984713554382
117	4517.2354	77.46802	4609.068	4387.097	1000.0	394.0313	36.496906	414.51874	112.59512	590000	-0.005567932	9483.273	-0.012323035	-3126.7095	17.582966	2.0995398	1391.8691964149475
118	4453.2393	58.047718	4537.542	4382.1147	1000.0	394.94455	33.780876	415.62442	149.8703	595000	0.08165396	8427.132	-0.014397413	-3119.522	17.629105	2.1256871	1403.3308672904968
119	4510.638	59.812836	4623.5317	4449.3022	1000.0	383.3399	46.523136	416.25018	-188.07301	600000	0.0062779663	10583.383	-0.014835162	-4282.06	17.7062	2.0813866	1414.6927506923676
120	4441.033	82.926476	4586.443	4348.1284	1000.0	400.1847	30.038578	416.675	-24.63591	605000	-0.11620136	8081.679	-0.014011793	-2656.0913	17.75419	2.1883016	1427.3236212730408
121	4527.4824	44.84038	4586.9595	4473.9546	1000.0	387.9268	38.459633	416.81662	-92.67942	610000	-0.022384351	8742.394	-0.016830983	-3781.58	17.71713	2.1760306	1439.254697561264
122	4490.161	61.391766	4610.048	4439.126	1000.0	398.50165	33.514217	418.2717	-50.42855	615000	0.03153917	9565.805	-0.016143251	-3259.207	17.664902	2.121924	1450.8767619132996
123	4458.634	45.274315	4541.916	4414.735	1000.0	390.4714	38.993195	418.61017	22.086128	620000	-0.02976488	8793.978	-0.017291695	-3357.4043	17.82325	2.2954216	1462.6094453334808
124	4475.543	56.088516	4540.6753	4378.356	1000.0	394.405	37.51009	419.3332	31.57051	625000	-0.012791065	8693.892	-0.013739935	-2955.3442	17.767677	2.2158399	1474.2820975780487
125	4450.5835	49.363697	4508.297	4379.868	1000.0	392.39822	39.922386	420.23056	88.80384	630000	-0.05021157	8594.065	-0.01603233	-3460.2837	17.771547	2.2606356	1485.9785192012787
126	4463.337	31.955795	4509.363	4418.4614	1000.0	389.08585	41.677483	420.93112	94.70673	635000	0.02679535	8724.047	-0.015010761	-3435.689	17.796516	2.2361686	1497.8866128921509
127	4514.9995	27.776215	4543.6094	4474.779	1000.0	391.4509	40.13057	421.33725	182.44225	640000	0.056133583	9567.309	-0.016012251	-3594.7021	17.656761	2.1256347	1509.4483947753906
128	4501.518	51.160797	4554.8057	4404.584	1000.0	394.24182	40.46632	422.31564	24.715776	645000	-0.10323058	9535.011	-0.017514989	-3523.441	17.647888	2.1112375	1521.5284337997437
129	4505.853	51.1938	4589.042	4454.5117	1000.0	396.38623	37.357105	422.62354	143.89995	650000	-0.0008611084	9390.791	-0.016407557	-3041.6655	17.787035	2.2185075	1533.4914135932922
130	4504.6978	99.39705	4629.173	4353.147	1000.0	400.92896	31.628864	422.59424	172.44702	655000	-0.048806403	8165.4087	-0.01674566	-2903.9155	17.703878	2.1371932	1545.6274902820587
131	4508.2773	109.373276	4633.2666	4358.2275	1000.0	389.80438	44.14	423.05295	25.31719	660000	-0.030303808	10504.138	-0.015765974	-4162.232	17.650179	2.0728536	1557.0955028533936
132	4515.2627	35.834454	4563.3667	4464.907	1000.0	401.71454	33.698166	423.3776	6.9904337	665000	0.10989187	8624.693	-0.014181912	-2872.335	17.730238	2.1676052	1568.3268365859985
133	4469.6475	49.372364	4537.2344	4403.362	1000.0	395.07648	39.03494	424.14978	35.232407	670000	0.088959605	9036.166	-0.01458092	-3237.5317	17.716846	2.321392	1579.373707294464
134	4454.0986	85.07081	4555.9917	4318.1265	1000.0	394.51904	38.2361	424.66873	23.535992	675000	0.027612481	8600.987	-0.018141687	-3181.5435	17.811996	2.1638772	1590.3579244613647
135	4477.89	18.104284	4500.672	4448.3706	1000.0	393.1855	40.72153	424.40314	-188.88057	680000	-0.137485	9553.458	-0.0151313245	-3336.8901	17.501076	1.9878715	1601.5965852737427
136	4519.2817	41.400177	4575.2427	4469.3135	1000.0	394.97092	35.2609	424.08078	170.27019	685000	-0.0077734757	9365.06	-0.01920457	-2994.2227	17.768353	2.2409067	1612.8847513198853
137	4475.003	63.902164	4554.6504	4377.7227	1000.0	395.7026	37.46858	424.92584	5.877202	690000	-0.17100821	9203.275	-0.016650528	-3344.997	17.946388	2.4063737	1624.004207611084
138	4537.664	90.62622	4689.713	4420.849	1000.0	395.1852	36.468956	424.9112	90.16307	695000	-0.033711217	9201.214	-0.01345671	-2920.6528	17.812326	2.2985554	1634.9927432537079
139	4508.5205	68.39601	4626.029	4428.1187	1000.0	399.50186	35.293255	425.91202	158.75497	700000	0.02572997	8836.719	-0.013683887	-2910.687	17.737335	2.2302115	1646.0719573497772
140	4482.35	55.030827	4561.1406	4394.413	1000.0	402.9148	33.02599	425.9099	156.20108	705000	-0.037075758	9073.5625	-0.017082397	-2977.5986	17.730959	2.2196808	1658.1517760753632
141	4486.5327	93.21111	4605.1694	4341.4814	1000.0	393.55173	37.662487	425.36966	-25.236483	710000	-0.018960495	8775.293	-0.014865987	-2990.4102	17.791912	2.265932	1669.2156870365143
142	4455.617	52.007587	4542.4565	4406.4873	1000.0	398.7131	35.39362	425.6037	50.529037	715000	-0.07574303	7808.932	-0.016722158	-2769.5527	17.916819	2.43065	1680.2218132019043
143	4488.6084	52.005512	4564.3643	4403.6006	1000.0	395.7172	38.708405	425.92288	200.09123	720000	-0.051873285	9166.19	-0.015781116	-2958.6953	17.78362	2.2537923	1691.4683229923248
144	4487.643	50.2539	4571.7793	4428.743	1000.0	402.22052	30.521791	425.10333	192.893	725000	-0.18572481	8277.646	-0.0138094425	-2390.8267	17.800982	2.3431902	1702.231183052063
145	4525.0303	102.02588	4691.0513	4388.488	1000.0	393.98135	36.796295	425.31204	172.89972	730000	0.034693044	9254.789	-0.017727206	-2988.5767	17.73735	2.1842692	1713.7005248069763
146	4443.8193	44.70881	4497.377	4375.181	1000.0	406.18695	30.258152	425.759	168.01372	735000	-0.085401386	7763.376	-0.018840045	-2494.169	17.865402	2.3175437	1724.8835241794586
147	4470.6655	47.605297	4548.448	4421.0005	1000.0	395.02505	36.6503	424.9394	104.066315	740000	0.088309206	7703.7554	-0.0148066655	-2906.5396	17.774614	2.2202477	1736.17041015625
148	4495.248	89.57303	4601.771	4363.1123	1000.0	398.94513	36.57028	426.4343	170.52286	745000	-0.026145568	7851.0913	-0.01650183	-3198.6987	17.83784	2.3480566	1747.4355001449585
149	4436.4346	56.403496	4487.9985	4332.323	1000.0	397.17032	42.06447	427.96277	192.15742	750000	0.12586582	7182.8857	-0.015757062	-2634.3604	18.032438	2.5131354	1758.631087064743
150	4488.7354	62.45157	4566.6733	4386.961	1000.0	393.68427	43.926056	428.10968	82.994064	755000	-0.03586842	9703.622	-0.014653649	-3312.1738	17.849234	2.3281934	1770.806261062622
151	4513.2144	60.091454	4600.4966	4418.95	1000.0	400.74564	34.443768	426.77945	155.50697	760000	0.021689966	7649.0825	-0.015673365	-2947.1514	17.752516	2.246051	1781.626139163971
152	4465.067	44.666973	4531.938	4415.218	1000.0	406.3786	35.699375	428.47354	115.47384	765000	-0.09163288	8280.975	-0.014439471	-2208.9795	17.924961	2.4323292	1792.7500438690186
153	4516.2563	60.828037	4615.48	4463.2397	1000.0	398.8661	37.931858	425.70392	86.94268	770000	0.01259909	8451.37	-0.017303033	-2555.9521	17.84535	2.3380497	1803.8320362567902
154	4455.746	64.56765	4570.126	4394.6216	1000.0	408.67316	28.635752	426.8416	161.36021	775000	-0.06667741	8649.626	-0.015268385	-2536.1738	18.101723	2.5462337	1815.229260444641
155	4480.717	52.147045	4543.285	4402.7773	1000.0	391.55225	36.87137	426.05435	84.08807	780000	-0.14421664	7838.9175	-0.015022978	-2815.038	17.905203	2.3783073	1825.8201923370361
156	4513.941	86.47687	4644.1577	4405.4175	1000.0	398.65485	38.383087	426.70383	135.15843	785000	-0.070224464	8808.255	-0.016454346	-2528.0103	17.819378	2.2671063	1836.913160085678
157	4478.857	84.554146	4577.901	4369.7725	1000.0	404.08762	33.07421	426.90698	108.579155	790000	-0.048172105	8064.272	-0.016997393	-2233.276	17.914804	2.3252778	1848.3833377361298
158	4499.645	48.982178	4546.79	4436.4414	1000.0	394.86215	37.383213	426.43793	120.71936	795000	-0.0033283662	8487.982	-0.015445646	-2575.415	17.951632	2.48911	1859.6069552898407
159	4577.2007	34.24537	4621.9575	4534.1104	1000.0	398.6526	37.77466	427.05096	-1.7792096	800000	-0.036394972	9217.837	-0.01605571	-2723.7896	17.894432	2.398484	1870.5473613739014
160	4503.1978	36.170544	4570.7666	4465.745	1000.0	410.696	27.448551	426.9943	214.64532	805000	-0.044777047	8122.8423	-0.016082622	-1833.2983	17.749062	2.2555325	1882.6341261863708
161	4530.352	66.38175	4620.4985	4451.296	1000.0	396.95145	35.048637	426.53833	73.435	810000	0.12566197	8708.365	-0.017366886	-2559.7085	17.919394	2.3656535	1893.677743434906
162	4473.9014	75.82022	4601.3906	4364.22	1000.0	404.76514	33.399082	428.49142	170.50542	815000	0.09350735	7841.555	-0.010295935	-2130.752	17.95355	2.4171917	1904.4903910160065
163	4479.064	64.971306	4529.078	4350.914	1000.0	404.4742	31.620108	428.17493	127.8072	820000	0.17073724	8103.197	-0.011918977	-2435.0776	17.852507	2.4013147	1915.5223541259766
164	4475.802	39.979576	4534.4414	4417.7173	1000.0	399.84134	32.73345	427.40213	-56.182953	825000	-0.015457019	8940.477	-0.01585288	-2505.9404	17.933418	2.4233012	1926.767028093338
165	4553.8857	64.45817	4610.591	4438.2417	1000.0	392.9241	37.825405	428.1865	81.3604	830000	0.11125465	10478.611	-0.014960274	-3162.6724	17.840607	2.308805	1938.194652557373
166	4552.0674	36.42535	4615.655	4510.1357	1000.0	400.7073	33.32383	427.555	186.09348	835000	-0.048944928	9350.41	-0.014607146	-3048.5977	17.903265	2.3851767	1949.2751190662384
167	4509.5713	129.10558	4756.625	4400.3438	1000.0	409.91684	29.469114	430.26364	234.25708	840000	-0.13862829	8305.671	-0.016624212	-2005.2783	18.027685	2.4692118	1960.2912771701813
168	4476.9556	46.039444	4549.088	4419.3086	1000.0	401.5056	28.51778	427.4666	236.46367	845000	-0.054592334	8191.995	-0.013563268	-2115.7861	17.997847	2.4675238	1971.6421127319336
169	4515.5127	24.405308	4551.7256	4478.7285	1000.0	395.74335	32.762142	428.31015	204.43808	850000	-0.04024074	8327.245	-0.018519558	-2851.8691	18.047031	2.497603	1982.3778264522552
170	4475.9023	43.255047	4525.1914	4424.0723	1000.0	402.61978	35.421574	429.0648	119.85902	855000	-0.00074995117	8684.311	-0.012415082	-2479.0054	18.005781	2.4646845	1994.521423816681
171	4545.7744	38.076607	4579.809	4471.97	1000.0	399.5192	33.190987	427.7248	180.43405	860000	0.08595684	9616.563	-0.013463981	-2523.6772	17.986195	2.4324918	2005.8806788921356
172	4478.9175	38.524418	4526.248	4422.518	1000.0	403.69794	28.488626	429.33377	245.13518	865000	0.087832	8219.3	-0.015899956	-2182.9263	17.96747	2.3804522	2017.286865234375
173	4467.563	97.08497	4571.601	4293.485	1000.0	396.27716	35.727055	428.8755	68.34842	870000	0.09993282	8899.83	-0.017023921	-2525.497	17.875065	2.3305852	2028.0777969360352
174	4516.132	62.37441	4625.336	4437.001	1000.0	396.29514	33.25851	428.56708	161.19037	875000	-0.18107934	8584.941	-0.014296651	-2602.336	18.179327	2.561243	2039.1434786319733
175	4511.575	47.468327	4586.0464	4457.033	1000.0	402.78012	33.219276	429.93872	212.61807	880000	-0.0059877443	8136.7554	-0.01353634	-2328.984	18.100962	2.5361328	2050.9194025993347
176	4482.6816	34.225224	4526.153	4429.9526	1000.0	397.42786	39.66575	431.83316	145.6261	885000	-0.10572283	8529.228	-0.016656257	-2576.3682	17.994846	2.4298327	2061.8112349510193
177	4447.142	37.35469	4502.6064	4396.45	1000.0	404.7815	32.713005	430.30273	-255.17487	890000	0.024252914	8201.13	-0.015642025	-2139.3594	17.904526	2.375487	2072.519378185272
178	4487.8867	45.69306	4551.037	4408.923	1000.0	392.85834	36.133247	430.56357	57.92868	895000	0.05735316	8545.047	-0.012970716	-2630.625	17.884634	2.3617213	2083.6554696559906
179	4456.3696	51.478012	4513.77	4382.8745	1000.0	401.97324	33.66264	431.33554	-49.086254	900000	-0.05431858	8259.11	-0.01586255	-2601.5942	18.074192	2.5306787	2095.1406416893005
180	4504.6416	50.9906	4557.117	4424.549	1000.0	397.2476	36.377186	431.25787	76.89746	905000	0.014242015	8633.794	-0.016611308	-2370.899	17.993956	2.4864235	2106.813645839691
181	4493.7373	122.52324	4727.021	4370.0615	1000.0	396.83295	34.111893	431.7838	194.41748	910000	0.13938877	8560.666	-0.017992653	-2480.4907	17.917286	2.435523	2118.1880638599396
182	4477.46	24.271679	4507.7754	4435.3843	1000.0	402.03046	32.95983	430.97623	241.20888	915000	-0.060491078	7753.1216	-0.012870774	-1957.6299	18.027578	2.5174465	2129.359274148941
183	4469.8506	40.029514	4530.725	4418.5454	1000.0	400.30408	33.72008	431.1721	195.90152	920000	-0.10294732	8071.4497	-0.015645005	-2418.9707	18.063446	2.4915886	2140.9139487743378
184	4524.943	52.170376	4599.4517	4443.923	1000.0	398.68225	32.33666	432.157	195.44463	925000	-0.0147983525	8306.05	-0.014446277	-2038.6353	18.260609	2.711523	2151.7377145290375
185	4458.848	65.16206	4571.177	4389.9814	1000.0	400.80316	31.959742	432.9509	186.82083	930000	0.024464844	7634.036	-0.016524695	-2274.6035	18.044285	2.533222	2163.0875623226166
186	4486.241	68.67253	4567.4727	4388.486	1000.0	397.01892	38.038692	433.94885	71.52353	935000	0.0569458	10046.105	-0.016954444	-3095.955	18.027431	2.4582114	2174.613000392914
187	4454.8525	49.525158	4513.669	4364.3555	1000.0	402.08807	29.665657	432.3609	168.81151	940000	-0.08845096	8547.76	-0.019789778	-1850.5596	18.040339	2.5092661	2185.5350029468536
188	4440.3257	25.47286	4484.7197	4405.2925	1000.0	393.0027	31.37538	431.90057	103.098694	945000	-0.008077533	8243.978	-0.012966999	-2428.167	17.910688	2.4144192	2196.435947418213
189	4440.4077	67.978264	4498.043	4308.484	1000.0	397.75156	32.395275	432.51282	48.663948	950000	0.17040661	8705.03	-0.016340151	-2424.9736	18.166132	2.6171951	2207.7769215106964
190	4464.8096	62.854786	4545.08	4407.9604	1000.0	399.30927	31.034687	432.7811	100.1216	955000	-0.04627226	8959.123	-0.01702227	-2010.9751	17.994423	2.4511275	2220.0583367347717
191	4495.632	53.071964	4586.0117	4426.0713	1000.0	392.6895	34.755478	432.17697	123.07455	960000	0.0315052	8892.765	-0.014794728	-2551.314	18.20873	2.6544151	2230.79989027977
192	4471.596	61.800137	4529.9673	4365.1494	1000.0	402.24225	29.775723	431.52835	89.48433	965000	-0.11060669	8034.336	-0.014024839	-1889.5054	18.000444	2.4581492	2241.7657985687256
193	4477.876	71.5605	4544.513	4358.66	1000.0	399.90256	30.385147	431.32007	227.64934	970000	0.0076803286	8153.5664	-0.013995299	-2004.8076	18.059896	2.5554452	2253.0906398296356
194	4521.1104	56.626453	4580.2563	4439.7817	1000.0	399.77975	33.52519	430.62854	160.64616	975000	-0.10978188	9257.947	-0.017493121	-2396.8545	18.16775	2.6234703	2264.912160396576
195	4482.4546	36.664738	4548.6914	4451.6763	1000.0	401.0421	30.37225	432.8207	146.25401	980000	-0.1473474	8348.115	-0.013528928	-1934.7095	18.150793	2.5601661	2275.959138393402
196	4480.3076	70.46248	4589.1914	4391.867	1000.0	403.74316	29.729834	433.78943	183.21474	985000	-0.14822622	8443.339	-0.016399443	-1946.5884	18.153458	2.6114302	2287.341137647629
197	4505.161	88.35153	4652.7354	4410.528	1000.0	397.87457	33.81528	433.4072	152.30124	990000	0.006669409	8768.547	-0.018108154	-2276.8477	18.016119	2.5155094	2298.6993141174316
198	4441.797	85.17692	4571.6055	4305.281	1000.0	402.92624	28.932125	433.19385	119.10262	995000	0.0042727906	8697.573	-0.013286096	-2139.415	17.93454	2.4325962	2309.7436451911926
199	4495.8315	51.246033	4550.222	4428.349	1000.0	392.79544	33.969276	434.11594	174.76065	1000000	-0.17407513	8204.131	-0.019156829	-3053.6362	18.185669	2.6996882	2320.872052669525
200	4504.2476	23.606167	4539.2397	4471.0503	1000.0	400.2887	35.409153	432.36786	20.234224	1005000	-0.06878319	8458.459	-0.017559357	-2539.2485	18.042301	2.5357606	2333.3307712078094
201	4429.5347	89.8919	4543.5503	4312.8135	1000.0	408.66415	28.422525	433.809	209.85101	1010000	-0.09633797	7858.6416	-0.017225914	-2101.04	18.044634	2.5499778	2344.398478746414
202	4493.2676	93.72255	4676.0674	4430.504	1000.0	393.48776	29.685913	432.43704	218.76587	1015000	-0.030788966	9069.915	-0.015820555	-2032.5254	18.2149	2.752452	2355.6286673545837
203	4447.224	69.51302	4584.3203	4392.94	1000.0	399.58884	26.736774	435.1989	152.81958	1020000	0.11390986	8242.726	-0.014091663	-1581.7183	18.014454	2.5235753	2367.0558574199677
204	4510.933	76.33505	4648.81	4445.726	1000.0	394.41144	29.06127	435.24338	233.4055	1025000	-0.17917347	8138.7847	-0.018895358	-1926.6094	18.219261	2.6639383	2378.2073967456818
205	4465.9707	52.714634	4551.0923	4404.4595	1000.0	402.4102	29.699358	438.81567	189.6408	1030000	0.020455115	7910.159	-0.010848376	-1973.2886	18.281202	2.7611678	2389.3082032203674
206	4509.608	54.213528	4577.016	4419.5586	1000.0	393.927	36.831333	440.74112	176.90837	1035000	-0.0018578735	9055.568	-0.013995966	-2606.0698	17.988527	2.4300895	2400.415858745575
207	4520.2744	102.037254	4685.073	4394.2124	1000.0	406.53143	26.578066	438.96494	228.04367	1040000	0.0009405029	8233.274	-0.014061947	-1741.3154	18.004677	2.5239143	2411.457432985306
208	4421.285	52.76284	4489.1157	4341.247	1000.0	404.19388	26.988197	439.04257	257.7062	1045000	0.12812914	7515.7935	-0.015229173	-2023.1494	18.24622	2.6927195	2422.7218306064606
209	4487.54	41.76508	4545.224	4432.5728	1000.0	395.8939	34.76467	439.272	179.4797	1050000	0.018886572	8716.3545	-0.015695885	-1973.2617	18.140005	2.604185	2433.6997406482697
210	4480.941	41.87774	4526.931	4425.1187	1000.0	399.47885	29.427645	438.23413	47.25659	1055000	-0.0072296876	7650.243	-0.013905738	-1801.6821	18.135498	2.6525896	2445.636426925659
211	4447.534	43.21152	4487.7593	4364.554	1000.0	404.21506	27.595901	439.57025	145.13821	1060000	-0.06750068	7147.2783	-0.015980348	-1890.3569	18.288647	2.8175879	2456.698885202408
212	4446.6333	100.42796	4597.2227	4318.1465	1000.0	393.09024	37.39839	440.34604	176.16444	1065000	-0.19120315	8949.233	-0.016899824	-2638.0146	18.172285	2.678223	2467.750062227249
213	4487.6733	20.176245	4506.158	4459.5493	1000.0	395.1187	32.73552	439.5749	182.72722	1070000	-0.12643887	7984.6714	-0.017434165	-2044.4897	18.139215	2.6151054	2478.7449820041656
214	4445.198	76.0957	4569.207	4361.522	1000.0	404.8111	27.621277	440.06744	204.43465	1075000	0.08167275	8201.476	-0.011844128	-1574.9531	18.435337	2.9526706	2489.7342302799225
215	4545.9873	59.809933	4640.1724	4469.408	1000.0	398.17856	30.335974	438.38953	68.50293	1080000	-0.19389442	8333.353	-0.019036472	-1921.708	18.24303	2.7855036	2501.030928850174
216	4466.445	80.96685	4578.7324	4355.586	1000.0	410.0596	25.96982	441.0605	159.20758	1085000	0.04755377	8050.0674	-0.014988046	-1546.6768	18.111368	2.608046	2512.226046562195
217	4489.8564	97.167046	4618.182	4330.593	1000.0	396.03116	32.46219	440.47186	87.64419	1090000	-0.044962917	8260.17	-0.013628092	-1950.1562	18.310425	2.8753116	2523.129592895508
218	4470.529	113.10719	4676.4062	4362.666	1000.0	402.87677	29.109325	439.6038	170.00566	1095000	-0.11150392	8788.879	-0.019384213	-1957.7388	18.14088	2.6763754	2534.344658613205
219	4503.0483	71.35997	4621.0854	4414.005	1000.0	399.19354	29.711874	440.35947	76.01295	1100000	0.049891047	8576.808	-0.016791653	-1874.938	18.179413	2.6605468	2545.49391913414
220	4466.0522	60.570133	4556.372	4370.065	1000.0	401.8718	27.38662	440.90573	145.50395	1105000	8.770142e-05	7920.252	-0.013360883	-1634.748	18.255104	2.7795622	2558.5348098278046
221	4471.204	21.714418	4502.4673	4443.8696	1000.0	402.00616	29.471704	439.3174	92.31593	1110000	-0.052099902	8546.015	-0.013003726	-1704.3013	18.069435	2.5514524	2569.4315898418427
222	4469.139	61.280388	4547.52	4393.45	1000.0	398.0246	28.23215	439.18198	213.29846	1115000	0.20018113	8144.2134	-0.013296127	-1770.1201	18.189957	2.7049525	2580.3499104976654
223	4455.4688	66.42939	4565.7075	4371.996	1000.0	400.14026	29.379663	440.74515	219.59393	1120000	-0.09115723	8344.736	-0.014636815	-1703.5371	18.07673	2.562516	2591.386407136917
224	4475.9697	47.789204	4550.023	4404.189	1000.0	399.0143	31.70462	439.84842	70.77159	1125000	0.064914525	7012.842	-0.013951413	-2208.7612	18.07531	2.5776885	2602.0972425937653
225	4454.325	62.035423	4547.6216	4366.154	1000.0	404.69504	32.98036	441.69046	237.34117	1130000	0.020101404	6950.043	-0.014613159	-1834.065	18.177969	2.6530669	2613.231699705124
226	4465.1675	31.593374	4508.603	4429.771	1000.0	395.30624	38.68259	442.37885	190.84312	1135000	0.038126044	7792.168	-0.013675647	-2197.771	18.481524	2.9052336	2624.2631664276123
227	4459.55	46.645794	4524.092	4402.929	1000.0	401.3231	33.92167	440.78207	178.98299	1140000	0.038621783	7684.46	-0.013269257	-1858.3184	18.361816	2.833395	2635.3220252990723
228	4463.6475	35.277752	4516.446	4417.6367	1000.0	395.37592	40.453342	440.37155	173.99858	1145000	-0.067272805	9890.143	-0.012427673	-2420.7065	18.335169	2.80888	2646.2693791389465
229	4544.466	65.713356	4648.225	4457.099	1000.0	403.14166	24.12067	437.35745	-10.618828	1150000	-0.1756491	8567.967	-0.018265605	-1244.645	18.200188	2.6303914	2657.731034040451
230	4447.936	72.83093	4531.4834	4352.784	1000.0	406.64474	19.421669	439.67972	221.21881	1155000	-0.049313612	7550.636	-0.019971266	-1477.3096	18.421858	2.908909	2670.7799413204193
231	4431.7373	64.65626	4544.3823	4368.2715	1000.0	400.12045	26.099968	442.4583	253.95407	1160000	-0.18664986	7061.9214	-0.019502357	-1918.2632	18.295395	2.7988763	2681.7133271694183
232	4509.445	60.83223	4569.4004	4418.822	1000.0	389.5004	44.26506	447.42252	113.537384	1165000	-0.048429664	8866.893	-0.015899237	-2692.0918	18.183683	2.75185	2692.67262840271
233	4440.7627	77.15884	4560.399	4345.123	1000.0	405.01224	27.382479	446.66022	157.78369	1170000	-0.08047021	7349.075	-0.01738526	-2105.6758	18.464678	2.8728926	2703.760297060013
234	4466.608	50.137245	4537.14	4392.8613	1000.0	398.10165	40.46584	447.5643	116.963646	1175000	-0.1710384	7642.59	-0.015694588	-2297.2964	18.331022	2.8721242	2715.001965045929
235	4473.96	75.139496	4581.912	4357.8433	1000.0	403.4931	39.284615	450.2591	144.21297	1180000	0.046260193	8366.544	-0.015355682	-2095.7236	18.4276	2.9163277	2725.805201292038
236	4460.956	65.52222	4531.861	4344.394	1000.0	395.54996	40.588676	449.72574	205.23938	1185000	-0.094053075	8728.614	-0.015430398	-2175.7603	18.223333	2.7316558	2736.973508119583
237	4465.7393	68.986275	4572.7964	4374.312	1000.0	406.54977	28.573118	449.06195	78.781	1190000	-0.017137317	7531.645	-0.018087892	-1696.2188	18.500109	2.9916112	2748.2497837543488
238	4429.023	41.29601	4485.9834	4369.9863	1000.0	385.29056	41.787083	450.1492	11.162235	1195000	0.06253224	7706.8394	-0.01602215	-2830.4668	18.294428	2.7454188	2759.258236169815
239	4514.486	86.1954	4614.602	4412.071	1000.0	403.27	38.001667	448.55338	100.99755	1200000	0.07377052	9421.904	-0.0158072	-2253.9849	18.235779	2.7505774	2770.1486072540283
240	4440.2056	42.548687	4477.8364	4363.5337	1000.0	407.2635	25.20382	444.01898	236.18443	1205000	-0.2699807	7239.219	-0.016545117	-2600.5703	18.442959	2.9338074	2782.5462000370026
241	4502.9385	54.129555	4592.435	4422.9253	1000.0	387.10403	48.794544	447.6893	135.53677	1210000	-0.039855883	11301.02	-0.020025183	-4479.7637	18.47514	2.9797416	2793.9087023735046
242	4508.235	58.24826	4582.2563	4439.1626	1000.0	408.08145	23.119781	431.2777	207.86548	1215000	0.07781909	7471.8433	-0.0108240545	-1655.4214	18.379108	2.8726218	2805.17032289505
243	4486.056	77.55421	4616.732	4396.4844	1000.0	408.20135	30.507292	429.9558	241.55449	1220000	-0.23661903	8910.308	-0.017999172	-1612.0054	18.62795	3.126821	2816.0979034900665
244	4526.2954	109.63097	4673.779	4412.038	1000.0	402.66684	21.504137	425.6942	236.6746	1225000	-0.04086076	8026.9897	-0.01328858	-1491.3442	18.193476	2.7849565	2827.189070224762
245	4474.122	46.88102	4550.2656	4409.262	1000.0	403.76706	26.304657	432.75043	150.75305	1230000	-0.086649485	7178.104	-0.014599852	-1582.7192	18.491077	3.0036914	2838.440651655197
246	4447.616	98.69877	4613.957	4314.164	1000.0	400.38895	31.00761	431.26694	229.55241	1235000	-0.2592042	7613.796	-0.01855746	-1377.7417	18.612041	3.1009407	2849.3720898628235
247	4467.4727	85.89084	4599.5454	4366.5825	1000.0	403.19986	30.563835	440.53445	204.05205	1240000	-0.118205555	8526.326	-0.011894204	-1572.6216	18.507778	2.975209	2860.347668170929
248	4432.6074	60.43647	4551.316	4384.326	1000.0	396.59207	28.954775	433.5476	147.98277	1245000	-0.3231299	7537.068	-0.021521688	-1776.5298	18.60905	3.075133	2871.5443110466003
249	4506.0503	74.52344	4610.484	4392.068	1000.0	392.98163	38.015457	441.09702	173.39136	1250000	0.19213219	9623.21	-0.012756452	-2357.4507	18.570786	3.073526	2882.6968019008636
250	4555.47	32.79015	4602.433	4517.9004	1000.0	404.38092	29.167898	436.47284	122.800095	1255000	0.13530067	9139.254	-0.01287169	-1571.7705	18.299541	2.7992609	2895.011702775955
251	4494.5186	54.416286	4560.7817	4410.135	1000.0	403.87183	23.41915	431.98215	230.41467	1260000	0.19770232	8271.153	-0.014146358	-1199.8877	18.363104	2.866577	2906.085948944092
252	4453.451	66.38685	4555.237	4386.013	1000.0	404.0993	21.663507	443.03375	221.90524	1265000	-0.2304314	7635.5425	-0.022920951	-1459.0386	18.679657	3.1450179	2917.169066429138
253	4424.0757	105.07291	4577.695	4290.663	1000.0	402.1052	28.338001	440.10764	211.24135	1270000	-0.17662373	7988.144	-0.025349677	-1743.6475	18.49374	3.0178368	2928.475298643112
254	4550.2705	97.67736	4705.9443	4415.3945	1000.0	381.97336	42.650528	441.6004	209.55305	1275000	-0.04043601	10800.719	-0.016832884	-4675.533	18.624485	3.1121473	2939.277600288391
255	4488.3726	25.346733	4536.4614	4463.8076	1000.0	414.31424	25.674751	435.9093	223.76277	1280000	-0.21935317	7324.5986	-0.019702613	-1764.2979	18.787512	3.2772532	2950.259750366211
256	4489.7666	55.117023	4570.602	4421.4453	1000.0	404.26865	32.38509	429.79816	233.96104	1285000	-0.09162101	8168.693	-0.015346006	-1582.9282	18.387152	3.0081027	2961.4315962791443
257	4510.3877	95.76072	4610.157	4348.2695	1000.0	406.1848	25.114128	432.92993	94.40942	1290000	-0.12539263	8204.504	-0.021563396	-1377.9614	18.481918	3.103396	2972.722426176071
258	4440.2544	50.739285	4500.637	4387.146	1000.0	403.36636	27.71004	429.55695	75.97563	1295000	0.031718615	7617.689	-0.016110212	-1239.8716	18.480133	3.0526555	2984.528103351593
259	4513.777	90.00852	4575.3047	4341.2207	1000.0	396.9789	29.522228	434.02316	215.62976	1300000	2.1792603e-05	7649.827	-0.019476501	-1358.2422	18.568813	3.0618424	2995.852439403534
260	4435.5396	28.971355	4476.356	4395.0454	1000.0	405.16214	24.841064	430.75726	227.88902	1305000	-0.06782526	7949.525	-0.017349824	-1157.3682	18.658344	3.1354306	3008.6516468524933
261	4489.5107	55.31847	4535.793	4382.017	1000.0	395.05154	28.421837	426.50912	202.2535	1310000	-0.22111616	8806.431	-0.018571198	-1754.4482	18.813782	3.405422	3019.4080731868744
262	4475.091	57.237167	4540.9077	4399.159	1000.0	401.7449	24.248951	427.90417	248.36404	1315000	0.055384126	7409.8447	-0.015247323	-1403.4409	18.779215	3.2220905	3030.308690547943
263	4425.438	74.44006	4529.9546	4356.4634	1000.0	406.48	23.028166	427.86917	68.35788	1320000	-0.04215962	7860.8594	-0.018648721	-1564.1812	18.780588	3.3314462	3041.4893083572388
264	4444.2847	36.99579	4498.0566	4394.58	1000.0	400.8866	23.42676	431.16165	201.9746	1325000	-0.1273593	7793.1816	-0.016226292	-2406.5586	18.794685	3.4255047	3052.606284379959
265	4465.5244	72.87556	4565.623	4378.3887	1000.0	388.879	40.241894	441.49918	126.24514	1330000	0.0012735717	8182.366	-0.011679932	-2349.79	18.847744	3.4198039	3063.580242395401
266	4403.884	55.457443	4474.5474	4329.611	1000.0	399.7891	32.22201	439.49127	127.06162	1335000	0.040426288	7281.5713	-0.015962604	-2135.6025	18.843496	3.3696542	3074.547634124756
267	4503.3228	105.49338	4704.8467	4407.702	1000.0	391.6601	41.819862	445.42017	218.38591	1340000	0.021228723	8526.228	-0.018630872	-2515.192	18.691156	3.2629952	3085.5277676582336
268	4429.8804	92.00356	4526.3	4304.3657	1000.0	408.0995	25.531723	440.95908	94.81408	1345000	-0.029086124	7850.1895	-0.018332243	-1953.3862	18.823338	3.344844	3096.861985206604
269	4520.712	45.443035	4581.6406	4449.0625	1000.0	389.4229	40.78922	446.42825	156.32143	1350000	-0.3523223	9110.5625	-0.028961778	-2576.3633	18.718737	3.270142	3107.961325407028
270	4503.6743	52.89765	4561.743	4418.3735	1000.0	404.162	29.874151	433.99524	199.4258	1355000	0.09992573	7578.4287	-0.014542468	-1837.2314	18.702827	3.1621358	3120.226207971573
271	4465.0913	40.66423	4537.1484	4423.1704	1000.0	408.0688	30.32951	433.63617	243.32129	1360000	-0.0022513978	8157.9385	-0.01463316	-1589.1606	18.765226	3.3638613	3131.3820436000824
272	4454.5005	87.20106	4544.706	4300.3887	1000.0	402.21057	27.568365	431.26028	244.1667	1365000	-0.19061968	8104.272	-0.017749906	-1592.1929	18.770496	3.2652433	3142.5971875190735
273	4417.0615	31.502598	4450.9355	4363.9956	1000.0	402.09833	24.331234	431.64542	163.15558	1370000	-0.0005647186	7870.792	-0.013977457	-1847.7559	19.071924	3.652734	3153.4376595020294
274	4495.704	56.751106	4593.919	4429.808	1000.0	395.84705	34.45831	433.54688	141.17313	1375000	-0.084757514	8860.308	-0.016732626	-2266.9575	18.788834	3.4011278	3164.440125465393
275	4475.107	45.334656	4534.796	4410.494	1000.0	395.05618	36.041985	436.5693	191.94066	1380000	-0.22945571	8072.623	-0.019808397	-2007.3438	18.739244	3.2294667	3175.641091823578
276	4513.237	7.2387743	4527.2344	4507.6143	1000.0	399.4394	32.73018	432.59335	142.96436	1385000	-0.1408056	8741.478	-0.01622574	-2025.897	18.813963	3.3536975	3186.6811063289642
277	4455.7524	32.46297	4493.4136	4413.493	1000.0	408.20734	22.73973	430.83655	176.82707	1390000	-0.02270885	7548.3506	-0.018320227	-1361.4404	18.637869	3.236471	3197.891677379608
278	4481.567	116.84168	4668.3213	4339.102	1000.0	401.68564	27.82233	429.6844	196.46239	1395000	-0.11707199	8810.148	-0.013240434	-1757.353	18.997059	3.5349548	3208.9823253154755
279	4454.3623	64.77841	4526.151	4367.721	1000.0	396.69397	24.261007	429.32162	188.91977	1400000	0.088221714	7503.7744	-0.014569342	-1831.6982	18.8531	3.4467804	3220.1265931129456
280	4455.9287	43.842644	4500.223	4379.3574	1000.0	402.35605	31.652243	428.99258	-48.24654	1405000	0.007847699	7811.846	-0.021665838	-1740.6758	18.633898	3.2405038	3232.7219581604004
281	4477.7437	79.758865	4604.787	4402.0303	1000.0	397.82724	31.930859	429.22952	196.54771	1410000	-0.0326145	8796.784	-0.021178212	-1873.0908	18.917818	3.5317626	3243.901180744171
282	4481.7446	70.28979	4617.897	4424.2695	1000.0	399.06473	30.568745	431.27164	118.165474	1415000	-0.19484967	8523.862	-0.023215175	-1922.7661	18.875578	3.4524972	3254.8392033576965
283	4423.956	65.57636	4534.872	4340.0146	1000.0	408.37228	24.44738	436.26788	103.26432	1420000	-0.03163916	8350.701	-0.015934363	-1151.1323	19.107512	3.6536844	3265.631184577942
284	4507.5605	54.56747	4573.9688	4445.059	1000.0	397.3314	23.237177	437.05536	216.59488	1425000	-0.046047524	8809.689	-0.017747447	-1244.2925	18.862007	3.4372876	3276.559130191803
285	4503.3677	18.02124	4529.4863	4473.0327	1000.0	401.65405	25.052984	438.20947	79.923256	1430000	0.0068060304	7930.5015	-0.01544342	-1674.8838	18.936937	3.518597	3288.1360199451447
286	4442.1245	114.99304	4587.162	4286.827	1000.0	402.61105	26.816097	431.92676	228.52422	1435000	-0.19915959	9252.562	-0.01938729	-1720.4736	19.089151	3.636865	3299.56653881073
287	4440.134	100.999374	4523.899	4243.313	1000.0	397.0475	24.229609	444.02258	207.68553	1440000	0.0018460084	7926.8296	-0.020603577	-1174.124	18.908306	3.4910977	3310.8372213840485
288	4503.843	84.48814	4581.1562	4382.235	1000.0	398.4273	24.579615	429.93774	132.87749	1445000	0.012916247	7600.3184	-0.021177221	-1342.3687	18.688536	3.3044488	3321.8708724975586
289	4499.7705	95.65501	4606.172	4344.829	1000.0	405.0862	26.831688	433.09363	61.34384	1450000	-0.0677318	8374.722	-0.020218179	-1726.6382	19.181784	3.6742954	3333.0593521595
290	4540.0454	94.11381	4628.43	4380.249	1000.0	400.54556	29.341923	441.8326	205.44547	1455000	-0.2768805	9111.3955	-0.019794047	-1584.2905	18.891794	3.500733	3345.482536792755
291	4470.3887	61.27578	4579.6104	4397.167	1000.0	405.7391	21.078218	443.7676	247.33667	1460000	0.06693192	7984.176	-0.015998002	-1259.707	19.026619	3.664404	3356.3690299987793
292	4455.9355	81.773155	4595.5293	4367.25	1000.0	403.0053	22.74223	440.18915	207.25443	1465000	-0.17016304	7385.145	-0.022883177	-1160.8711	18.857513	3.4052672	3367.622414112091
293	4507.204	89.269264	4611.2896	4341.509	1000.0	397.6092	29.03643	443.54095	86.24971	1470000	-0.19847299	8893.306	-0.01809825	-1602.8809	19.234194	3.8168359	3378.9606721401215
294	4477.8306	48.59738	4509.521	4381.4766	1000.0	404.61642	22.143707	442.03214	176.08432	1475000	-0.030192658	7262.0234	-0.017024323	-1253.3042	19.071653	3.6277542	3390.0815646648407
295	4530.743	54.888718	4635.0073	4475.521	1000.0	397.6638	32.77036	440.1336	131.23509	1480000	0.058158178	7751.291	-0.014978625	-1815.4097	19.162	3.763131	3401.212856531143
296	4468.3486	91.450356	4574.954	4301.7437	1000.0	409.64703	27.865564	444.74155	217.47482	1485000	-0.1504332	7277.089	-0.021215707	-1393.8267	19.218525	3.875771	3412.498957157135
297	4417.8228	44.973225	4489.2275	4365.903	1000.0	402.09604	28.711952	443.00687	241.80644	1490000	-0.44648886	7526.5713	-0.019513398	-1246.5176	19.33188	3.919741	3423.868487596512
298	4414.415	59.9791	4479.2393	4314.895	1000.0	401.0374	22.554264	437.55112	242.9366	1495000	-0.42192906	7983.6274	-0.023715705	-1873.7866	18.995544	3.611883	3434.834033727646
299	4457.0366	31.903727	4515.042	4428.993	1000.0	385.3487	36.213	438.302	171.73991	1500000	0.052929077	8043.568	-0.01669738	-2247.0503	19.463919	4.131532	3445.7907767295837
300	4444.891	68.54996	4524.085	4347.2026	1000.0	405.4355	28.58234	441.89886	234.06065	1505000	0.15514435	8215.904	-0.013005719	-1544.4683	19.037325	3.682646	3458.267375946045
301	4460.5356	58.427727	4572.2407	4404.3643	1000.0	397.67264	26.072805	441.1676	-68.47523	1510000	0.1384837	7374.269	-0.02239608	-1721.3418	19.132912	3.6239781	3469.764967918396
302	4435.78	45.18177	4492.064	4353.5483	1000.0	403.589	27.248524	440.1125	228.70726	1515000	0.09543956	7271.3687	-0.016530082	-1580.8789	19.51557	4.060165	3480.424783706665
303	4409.7266	45.965603	4481.124	4355.327	1000.0	392.09445	36.1625	441.7542	172.22662	1520000	0.07558944	6584.6626	-0.018729243	-1716.0859	19.325127	3.8228168	3491.4089031219482
304	4448.6533	24.895468	4475.263	4414.3804	1000.0	397.5051	38.56019	437.60645	56.789406	1525000	-0.16011135	7643.6743	-0.019334778	-2132.1953	19.251093	3.8193653	3502.509630918503
305	4489.439	54.71784	4573.809	4418.751	1000.0	396.1856	41.82496	440.7939	-13.61076	1530000	-0.13190322	9749.945	-0.019088745	-2784.5293	19.1947	3.821135	3513.8758656978607
306	4476.4673	95.81589	4573.396	4305.991	1000.0	402.61066	28.502161	442.42612	118.40514	1535000	0.05045809	9202.401	-0.015253298	-1534.0176	19.059278	3.639957	3525.08123087883
307	4480.2256	79.32635	4537.12	4329.8315	1000.0	403.21744	20.50458	443.27365	133.42685	1540000	-0.037267912	7673.24	-0.017476648	-1084.209	19.460423	4.014259	3536.168487071991
308	4457.1807	45.65006	4516.076	4402.8345	1000.0	404.7579	25.591337	444.21094	188.31227	1545000	0.07046161	7346.0576	-0.017430708	-1466.7559	19.305323	3.9244602	3547.3540875911713
309	4425.136	55.126057	4495.617	4339.823	1000.0	403.65652	26.80252	440.0381	181.4874	1550000	0.0954938	7123.8926	-0.014642611	-1364.6992	19.437695	3.9860547	3558.4308092594147
310	4501.624	39.795357	4573.9907	4462.334	1000.0	395.17355	29.273817	432.78598	-93.08494	1555000	-0.12153926	8345.401	-0.020437934	-1759.9463	19.189863	3.7659097	3571.124834060669
311	4536.0073	124.202965	4765.789	4402.029	1000.0	401.3108	28.859215	446.9751	12.6146145	1560000	-0.2415841	9296.472	-0.02238886	-1661.3325	19.323118	3.9046776	3582.3053328990936
312	4459.13	53.86735	4542.3447	4398.638	1000.0	407.50037	20.945906	446.45316	218.67857	1565000	-0.009650555	8211.33	-0.014958558	-1341.581	19.240969	3.8535168	3593.3663368225098
313	4483.407	60.612553	4574.2915	4388.011	1000.0	403.1812	26.165611	446.8796	231.97774	1570000	-0.21372071	8116.589	-0.019522458	-1190.4258	19.4801	4.0701375	3604.934457540512
314	4476.8203	70.52129	4584.847	4381.178	1000.0	407.35715	20.248283	444.62625	218.46927	1575000	-0.043825794	7531.6274	-0.020523269	-1421.2148	19.788363	4.3572574	3616.150060892105
315	4456.6685	63.14449	4532.7725	4372.441	1000.0	401.5985	27.841543	442.11996	215.24817	1580000	-0.077968344	8641.02	-0.018716335	-1369.3594	19.634384	4.1781173	3627.5875589847565
316	4476.4346	94.08005	4574.4126	4304.2217	1000.0	400.1615	20.630535	445.44028	202.95148	1585000	0.10276804	8168.736	-0.020353936	-1383.4575	19.642893	4.316336	3638.690996646881
317	4471.327	99.49796	4646.404	4363.167	1000.0	401.30896	29.612576	445.67862	206.01384	1590000	-0.27278063	9150.229	-0.030097365	-1796.8965	19.35384	3.9077895	3649.690094470978
318	4497.501	31.52023	4556.6035	4464.827	1000.0	401.5722	25.159103	450.52722	251.13823	1595000	0.190009	7384.0654	-0.012973532	-2898.7944	19.245007	3.8899555	3660.67058467865
319	4428.8057	70.13959	4523.6743	4333.614	1000.0	412.32666	32.97459	449.92804	167.09828	1600000	-0.2506984	7560.233	-0.019210488	-2588.3516	19.631002	4.3219366	3671.943726539612
320	4500.5947	78.85412	4598.9834	4418.4497	1000.0	392.36035	41.452	429.65237	128.4369	1605000	-0.060509186	7168.2065	-0.015551921	-1716.9805	19.401804	3.9706914	3684.470838546753
321	4418.2964	41.013405	4489.5806	4371.42	1000.0	407.5356	26.426716	437.99158	130.9195	1610000	-0.105404004	8397.504	-0.024981886	-2380.796	19.313316	3.955044	3695.5206019878387
322	4448.9136	34.246326	4507.805	4403.6753	1000.0	385.1521	40.688084	439.20728	177.91699	1615000	-0.32790267	7755.435	-0.031659037	-2230.1436	19.531372	4.250189	3706.781450510025
323	4495.1455	143.70032	4775.0654	4377.9463	1000.0	396.13632	40.773552	440.2507	186.70517	1620000	-0.33787763	9577.526	-0.022513002	-2382.6753	19.973278	4.62272	3717.7178180217743
324	4406.0576	54.11305	4494.463	4325.095	1000.0	403.7887	19.40497	439.95197	228.26741	1625000	0.04786033	6832.144	-0.017795593	-1712.481	20.0764	4.676329	3728.791772842407
325	4448.9487	68.98895	4549.9014	4380.827	1000.0	394.48016	36.061188	444.10837	154.2372	1630000	-0.46547475	7088.244	-0.028679311	-1869.0762	19.526787	4.2201915	3740.0545887947083
326	4464.568	47.930885	4505.1646	4373.6494	1000.0	401.49564	35.866077	439.6422	149.58177	1635000	0.21984106	8294.702	-0.013032272	-1687.3203	19.640078	4.335492	3751.0568759441376
327	4419.694	92.83625	4556.886	4340.006	1000.0	403.62457	21.446537	435.13177	157.25027	1640000	-0.03235255	6997.5166	-0.0164705	-1277.4482	19.816545	4.4774513	3762.088399887085
328	4483.7495	52.22081	4568.089	4426.2266	1000.0	389.25104	35.555023	425.98	210.54001	1645000	0.18861668	7182.063	-0.018648222	-1945.3652	20.216629	4.848819	3773.0421051979065
329	4459.5303	85.57629	4567.491	4332.8276	1000.0	405.76056	31.162796	427.9036	224.05852	1650000	-0.081244096	8431.692	-0.018544659	-1742.1758	19.601997	4.350572	3784.1228852272034
330	4479.9126	103.80553	4659.3047	4358.937	1000.0	400.16016	29.086805	444.35315	208.82738	1655000	0.07611668	9661.215	-0.016509686	-1654.1323	19.687494	4.263362	3797.1837363243103
331	4406.5615	35.300835	4449.245	4356.292	1000.0	401.5143	16.176098	438.5846	134.94269	1660000	0.05553701	7283.901	-0.012373097	-1505.3735	20.055996	4.678447	3808.6404976844788
332	4459.448	56.72448	4561.471	4407.194	1000.0	389.19345	34.827755	428.31232	183.1878	1665000	0.012371875	7922.539	-0.017059607	-3171.5889	20.031843	4.606212	3819.600669145584
333	4462.2666	57.724552	4531.406	4369.4917	1000.0	405.25833	33.955143	427.95197	214.60767	1670000	-0.2098083	7379.357	-0.01739809	-1845.2158	20.27467	4.8360124	3830.6638040542603
334	4470.499	45.73647	4556.5146	4422.8853	1000.0	401.17856	33.591244	427.44055	168.5844	1675000	-0.25071764	7686.176	-0.021661937	-1753.2896	19.77	4.392198	3842.05539226532
335	4381.485	51.27973	4434.789	4318.9883	1000.0	409.5148	22.606096	444.38803	225.83629	1680000	-0.01361792	8111.803	-0.019033873	-1600.5225	20.113209	4.7327514	3853.2544708251953
336	4407.2524	37.54853	4474.4087	4374.3286	1000.0	392.38214	27.981033	423.952	217.65834	1685000	-0.036699243	5911.8447	-0.019190028	-1789.2983	20.034084	4.6936345	3864.4622185230255
337	4498.787	39.254704	4542.0063	4429.295	1000.0	369.3322	66.222725	429.12546	107.6221	1690000	-0.14131276	13685.366	-0.020945787	-7011.9414	19.76483	4.3952065	3875.8059437274933
338	4410.526	84.713745	4509.1357	4252.8843	1000.0	411.6068	18.808237	436.56247	197.71898	1695000	0.16486119	6324.346	-0.012774169	-2157.7603	19.944748	4.58161	3886.782817363739
339	4515.5576	39.060963	4567.87	4446.977	1000.0	382.41504	54.05632	428.26474	190.17993	1700000	-0.17699732	7635.7334	-0.021375686	-3120.5278	19.868637	4.536434	3897.997386932373
340	4419.6255	77.51736	4524.295	4296.6157	1000.0	415.11975	32.886635	447.64423	212.52042	1705000	-0.06420467	7166.928	-0.024705842	-1483.1411	20.325457	4.9492116	3910.9739332199097
341	4505.791	53.40491	4598.0664	4436.635	1000.0	396.32147	33.014633	436.7546	190.81467	1710000	-0.038260657	7273.1113	-0.017253004	-1458.6929	19.886578	4.5060415	3922.8289024829865
342	4471.9263	23.98209	4516.0903	4444.9365	1000.0	408.2466	29.497814	440.27405	208.10081	1715000	-0.04215684	8579.494	-0.017294344	-1683.8022	19.63312	4.2367406	3934.2414412498474
343	4400.948	71.274414	4472.722	4281.839	1000.0	398.05484	25.20616	457.4028	214.3228	1720000	-0.3796222	6539.1294	-0.02167195	-1908.2744	19.85031	4.4690876	3946.052350282669
344	4426.865	72.76637	4520.121	4336.5	1000.0	396.1516	42.189125	453.07605	113.27214	1725000	-0.20759892	5583.068	-0.016875252	-1769.3394	19.68363	4.2808666	3957.9832332134247
345	4484.7744	55.846764	4588.374	4429.3237	1000.0	379.06686	67.616455	450.7584	104.731705	1730000	-0.44991586	8947.759	-0.026519984	-4303.0483	20.000053	4.641915	3969.809609889984
346	4477.8223	36.877754	4521.3228	4417.824	1000.0	402.60693	49.09463	440.75885	123.41596	1735000	-0.30891398	5928.118	-0.024288207	-1478.5215	20.234709	4.8697195	3981.625788450241
347	4470.0283	86.50005	4624.385	4369.9893	1000.0	402.59216	46.206966	445.09503	175.71452	1740000	-0.036979638	6747.4272	-0.020258412	-2006.9048	19.978848	4.6355615	3993.504257440567
348	4459.564	70.76361	4543.5083	4342.8965	1000.0	409.4406	45.038063	456.01566	192.17668	1745000	-0.23535903	9756.203	-0.019369915	-2505.7544	20.091576	4.703875	4005.347561120987
349	4530.704	22.0669	4554.47	4491.016	1000.0	405.53546	21.482119	455.50638	216.0179	1750000	0.22051206	7739.6	-0.019550368	-993.66504	19.563784	4.226899	4017.3789517879486
350	4485.7656	56.27525	4559.524	4401.405	1000.0	402.5098	37.358677	456.47446	189.04257	1755000	-0.15418682	7298.708	-0.018376887	-1322.3374	20.134731	4.801013	4031.0392582416534
351	4465.2266	51.61815	4543.615	4415.3086	1000.0	406.8138	27.622408	455.72565	233.0727	1760000	-0.19466805	6821.555	-0.018272594	-1155.3945	20.14476	4.8658752	4043.2159564495087
352	4464.704	73.74514	4568.9907	4364.9097	1000.0	410.3181	20.920076	454.04715	210.78813	1765000	-0.041904297	7705.244	-0.015696447	-1294.271	20.137812	4.8217773	4056.023892402649
353	4451.796	55.21427	4509.2344	4346.393	1000.0	388.00235	46.94091	453.18915	143.97656	1770000	-0.24881329	5138.0176	-0.021503106	-1822.6497	19.850643	4.5342264	4069.269863843918
354	4528.6	82.24698	4643.1226	4411.962	1000.0	403.3615	45.86606	454.31815	120.422844	1775000	0.017085595	7371.7554	-0.019887133	-1666.1094	20.112444	4.7816978	4082.3289263248444
355	4423.522	60.849335	4531.9043	4358.1885	1000.0	410.0561	39.77059	443.72626	174.46013	1780000	-0.052015614	6394.1167	-0.021275427	-1426.6177	20.709518	5.3864717	4095.4493639469147
356	4455.584	22.637285	4481.9316	4426.1636	1000.0	401.95105	41.522495	447.02164	116.726585	1785000	-0.13456272	6112.5103	-0.015883878	-1280.52	20.32756	5.0089803	4108.711290836334
357	4421.9	59.22829	4498.12	4348.5186	1000.0	410.54535	25.588451	448.7841	203.22618	1790000	0.008114502	7602.096	-0.024154639	-2486.9556	20.190603	4.92508	4122.206192493439
358	4497.4233	84.88958	4640.309	4411.0264	1000.0	379.121	54.04795	455.1767	-8.180243	1795000	-0.5204318	10160.66	-0.027381063	-6203.2197	20.043653	4.769767	4136.946407556534
359	4441.4126	50.446095	4503.202	4358.632	1000.0	411.70245	49.802597	454.73297	140.27975	1800000	-0.051152106	7883.4414	-0.020050514	-2215.3076	20.250456	4.908643	4150.578813076019
360	4423.4136	55.57162	4492.3706	4324.984	1000.0	400.1644	39.77644	437.7807	185.99942	1805000	-0.070282064	4845.689	-0.029930979	-713.876	20.632513	5.3125052	4165.363791227341
361	4499.677	103.33908	4661.771	4340.9966	1000.0	405.6536	32.462463	439.19235	172.73955	1810000	-0.12640125	9316.002	-0.015014648	-1814.8901	20.339443	5.0250087	4178.291013717651
362	4396.7134	59.881386	4512.911	4344.7427	1000.0	401.4851	17.347141	442.95615	242.59464	1815000	-0.5052534	7137.877	-0.019967973	-1166.7656	20.355518	5.0576844	4192.037436246872
363	4487.3765	63.914574	4580.4766	4380.207	1000.0	390.35275	31.232115	444.72513	183.538	1820000	-0.19645482	8007.2593	-0.019229203	-2124.8535	20.487537	5.158243	4205.382631063461
364	4461.0796	104.71481	4623.822	4351.2793	1000.0	390.867	53.432137	449.4929	157.01749	1825000	0.015639197	11074.061	-0.018702455	-4316.371	20.512127	5.184012	4219.160777568817
365	4454.939	81.30804	4567.1943	4342.075	1000.0	398.5912	24.730656	452.62427	233.83481	1830000	0.050382387	8086.0386	-0.01548782	-1189.0322	20.582066	5.2253504	4233.3020803928375
366	4448.8057	69.74332	4561.1357	4360.5664	1000.0	406.0435	10.987225	440.17435	264.22693	1835000	-0.020000372	7218.7344	-0.025483739	-683.49316	19.888918	4.5665517	4247.1585903167725
367	4475.63	91.90009	4572.304	4331.68	1000.0	395.2644	26.419445	438.6889	209.418	1840000	-0.22245413	8169.352	-0.015313551	-893.1455	20.522053	5.188346	4261.068187713623
368	4479.7812	47.179337	4544.876	4428.9336	1000.0	404.54553	19.743204	445.28793	237.9179	1845000	-0.34025198	7798.536	-0.017502159	-647.98193	20.046776	4.7417374	4274.969469547272
369	4459.413	52.40752	4544.9683	4387.7793	1000.0	404.7249	17.624334	439.2894	199.01854	1850000	-0.00084647216	7547.4126	-0.018628491	-1305.4302	20.634054	5.3051357	4288.945515155792
370	4413.7725	39.683155	4492.508	4386.5234	1000.0	400.6361	26.79903	446.9508	247.61848	1855000	0.07008606	6802.1895	-0.015552089	-1694.769	20.5379	5.222636	4304.950234889984
371	4409.352	61.487053	4506.686	4342.932	1000.0	395.13684	36.725166	441.87402	184.68774	1860000	-0.119187936	8407.386	-0.022274166	-1422.0273	20.748394	5.501991	4319.0949602127075
372	4432.431	112.96687	4654.8184	4356.583	1000.0	391.4549	29.541986	451.9399	235.50131	1865000	-0.1595673	7057.218	-0.019913763	-1219.6235	21.265717	5.9589195	4333.981289625168
373	4445.0977	50.745358	4512.1055	4378.523	1000.0	400.29944	29.175856	453.3254	210.54462	1870000	-0.38984668	7887.9976	-0.02136308	-1141.2529	20.547226	5.2929955	4348.17133307457
374	4503.3936	79.8403	4657.0527	4438.888	1000.0	407.57016	23.357416	453.69873	234.65929	1875000	-0.24012193	7393.6494	-0.021506876	-1384.8047	20.7259	5.428353	4362.582597255707
375	4426.5107	71.79731	4517.3833	4342.7354	1000.0	400.8492	36.251835	445.5972	177.04613	1880000	-0.075176895	7011.5938	-0.02197744	-1404.4756	20.91632	5.5794954	4377.338832139969
376	4484.4	113.5683	4625.2715	4310.8696	1000.0	383.26224	45.603424	456.14584	181.16954	1885000	-0.27679488	9744.744	-0.030144483	-3520.1455	20.627838	5.3612876	4392.641664266586
377	4444.5835	87.02085	4554.3125	4310.036	1000.0	412.77747	22.394136	458.2293	257.15894	1890000	-0.07089685	8144.092	-0.026281178	-1396.7944	20.93553	5.673825	4407.929361104965
378	4467.323	62.844658	4563.979	4393.8135	1000.0	391.345	28.442125	452.9161	208.78151	1895000	0.08792262	8274.048	-0.015811086	-2241.0078	20.783913	5.4711123	4422.130169630051
379	4446.659	87.062874	4613.444	4359.641	1000.0	403.61502	18.313456	449.77817	168.33542	1900000	-0.064727865	6783.1694	-0.015946649	-1919.1416	20.272577	5.011633	4436.272469997406
380	4507.025	78.26936	4638.7524	4394.917	1000.0	387.26004	52.644867	456.87808	39.837494	1905000	-0.17696272	8920.429	-0.01857236	-3532.2544	20.579851	5.356953	4452.699219703674
381	4375.51	95.53743	4554.7593	4293.336	1000.0	421.52554	19.03702	452.11737	215.27629	1910000	-0.32454613	7561.406	-0.024398208	-2317.5347	21.081188	5.8328013	4467.157886266708
382	4422.858	60.995872	4517.8755	4334.796	1000.0	389.8502	41.08943	440.66934	177.3374	1915000	-0.5645388	7479.342	-0.024966598	-1664.5571	20.44468	5.172979	4481.4440796375275
383	4442.559	58.841805	4505.1084	4366.4434	1000.0	391.6944	46.739994	451.4824	177.3334	1920000	-0.1927023	8910.365	-0.022574738	-2362.7134	20.794556	5.55101	4495.364139318466
384	4433.0625	30.135277	4474.681	4384.22	1000.0	409.5776	16.07736	452.77893	257.19513	1925000	-0.24331065	7392.91	-0.020617083	-2484.0376	20.695633	5.395132	4509.579053878784
385	4416.7144	79.91292	4573.329	4349.515	1000.0	386.89374	44.248997	448.7704	216.00307	1930000	-0.23080854	7077.1553	-0.026848748	-1699.6753	20.75404	5.5215263	4524.25915312767
386	4450.6875	58.37344	4533.7476	4355.322	1000.0	393.222	46.70156	457.7478	144.9172	1935000	-0.17746504	9133.018	-0.026605025	-2218.728	20.844412	5.5837197	4539.092207193375
387	4404.783	18.692793	4434.8496	4382.693	1000.0	404.5854	18.550928	455.6618	97.15228	1940000	-0.26513797	7265.2793	-0.025419742	-1526.8496	21.583912	6.3587213	4553.128876447678
388	4491.1724	134.64626	4731.7427	4355.338	1000.0	389.5336	40.36132	447.1737	187.90192	1945000	-0.39148703	8710.132	-0.027748317	-1853.0127	21.552378	6.3418913	4568.093320131302
389	4409.48	77.56314	4528.5996	4315.9175	1000.0	410.63776	26.956005	447.6323	120.53544	1950000	0.31833443	8224.142	-0.02206716	-1375.2153	21.231497	6.0157046	4582.521513223648
390	4434.1816	42.865234	4501.6187	4381.4297	1000.0	388.1064	35.60391	445.81125	193.27826	1955000	-0.32374895	6035.9844	-0.029256582	-1732.9946	21.344645	6.1501617	4597.920717716217
391	4409.9453	64.54442	4487.6416	4327.7593	1000.0	416.5865	25.887297	449.93753	3.772511	1960000	-0.21332349	8243.863	-0.03141147	-1549.685	20.92906	5.7193193	4611.811024904251
392	4466.587	78.34926	4600.6094	4386.284	1000.0	369.65985	54.590034	456.9383	140.00443	1965000	-0.440862	10313.071	-0.028390497	-3863.081	21.148891	5.873257	4625.707542896271
393	4407.7583	84.63284	4549.735	4311.8877	1000.0	404.65445	24.27764	458.7099	240.01749	1970000	-0.24119961	7014.019	-0.04335943	-1496.3589	21.467173	6.2670484	4638.921644449234
394	4448.6875	63.350975	4564.066	4387.1587	1000.0	394.10205	43.716984	454.53165	134.15958	1975000	-0.28300875	8032.628	-0.021835983	-1731.1001	21.384657	6.212736	4653.091510772705
395	4396.833	74.661446	4500.33	4289.7227	1000.0	404.6834	32.51007	455.8106	226.45549	1980000	0.11227557	6039.8184	-0.027153589	-1093.688	21.751362	6.5713873	4668.441373586655
396	4418.2363	80.34564	4550.484	4299.69	1000.0	407.59274	26.752722	447.04434	214.20137	1985000	-0.5798172	8078.2466	-0.029360771	-1979.8179	21.603468	6.442705	4682.949345111847
397	4430.8584	55.98198	4532.391	4368.6836	1000.0	381.9498	44.538612	447.4466	173.66653	1990000	-0.39130402	8522.065	-0.028438479	-2413.233	22.010414	6.790411	4697.209146499634
398	4404.3267	106.79227	4551.713	4287.2007	1000.0	409.8713	23.16813	449.63983	195.1109	1995000	-0.14134017	7181.72	-0.02523017	-896.9668	21.400248	6.1616845	4711.298305273056
399	4426.7026	32.069504	4462.1416	4382.5444	1000.0	383.6028	38.102028	439.1843	24.66763	2000000	-0.014367517	7656.3745	-0.024820179	-1922.0557	20.868784	5.6016383	4725.2439177036285
400	4441.0835	92.55159	4595.54	4329.741	1000.0	391.8617	36.38823	451.8637	-83.94365	2005000	-0.485613	7370.0786	-0.030736625	-1566.9282	22.233753	7.099153	4740.790242195129
401	4366.839	43.40861	4408.732	4303.0283	1000.0	411.78354	28.377073	448.77548	193.46132	2010000	-0.091480345	7402.53	-0.025893532	-1671.6616	21.878153	6.6990767	4754.52610373497
402	4442.9575	94.46868	4574.7656	4327.8022	1000.0	374.17776	54.055798	449.94064	162.56824	2015000	-0.5975469	8952.278	-0.029071331	-3031.9326	22.157814	6.997828	4768.475056648254
403	4500.8643	36.20639	4548.638	4448.7183	1000.0	407.70667	32.291916	454.83246	89.20825	2020000	0.25172427	7276.348	-0.027513623	-1425.2461	21.815426	6.6550913	4782.183403253555
404	4399.261	29.241234	4431.6426	4350.155	1000.0	410.7256	26.990488	453.6481	193.46402	2025000	0.31470457	6474.5205	-0.021633536	-1901.6138	22.070063	6.892938	4795.943841218948
405	4427.1045	38.12635	4474.897	4384.7324	1000.0	386.81772	54.219593	446.67725	169.30705	2030000	-0.71598935	9132.378	-0.025776684	-2130.0396	22.21443	7.0061045	4809.7553923130035
406	4374.027	11.008333	4388.0757	4355.304	1000.0	405.6779	18.25682	439.87173	218.15396	2035000	-0.08492258	6488.543	-0.031899095	-1679.9966	22.25668	7.063545	4823.355966806412
407	4395.616	37.99315	4464.029	4357.0195	1000.0	394.18875	38.7686	440.07007	164.25276	2040000	-0.62754506	6035.645	-0.023725927	-1468.706	22.383028	7.196586	4837.792550086975
408	4480.2144	78.542435	4585.479	4380.524	1000.0	392.11765	47.56158	451.1539	139.01216	2045000	0.24499346	7166.164	-0.028868005	-1898.9482	21.58602	6.3805017	4851.757533550262
409	4341.445	39.903084	4406.072	4287.575	1000.0	411.3833	22.856071	444.4226	149.31075	2050000	-0.8016286	6662.9683	-0.048995018	-1735.478	22.83118	7.72323	4866.567092180252
410	4450.7837	70.902176	4552.542	4363.5166	1000.0	378.87527	55.255478	442.4856	133.50826	2055000	-0.3648632	7943.5986	-0.030722171	-3989.227	22.29115	7.1223397	4882.575157880783
411	4430.4897	71.005844	4522.9565	4345.693	1000.0	400.35794	54.010708	450.8605	107.42591	2060000	-0.2007158	9095.213	-0.03687924	-2356.373	22.382887	7.221264	4896.446133375168
412	4473.1304	60.501163	4544.5693	4394.6045	1000.0	390.9924	38.892406	439.157	168.90588	2065000	-0.80275136	6649.3325	-0.026633382	-1675.3198	22.199745	7.076642	4909.877419233322
413	4443.743	69.22162	4528.282	4323.006	1000.0	406.53864	43.017685	444.11026	181.45128	2070000	-0.53552336	8287.215	-0.038774014	-1627.9419	22.402506	7.2484107	4924.235732555389
414	4508.4595	98.55294	4644.1533	4401.281	1000.0	400.20953	25.014122	446.3441	187.16322	2075000	-0.26844314	7569.392	-0.030616105	-1983.5962	22.382597	7.2774134	4938.386801242828
415	4473.291	76.92239	4596.572	4365.21	1000.0	396.34247	51.708256	452.88568	149.397	2080000	-0.25305817	8828.316	-0.028266728	-2266.755	22.244694	7.0844936	4953.038914442062
416	4444.4014	108.34568	4603.608	4320.8677	1000.0	408.61945	22.160992	454.18008	187.5789	2085000	-0.47358242	6611.185	-0.03215763	-1489.2671	22.755535	7.635054	4968.3108241558075
417	4456.2217	49.174004	4532.091	4384.3594	1000.0	385.1935	58.406914	443.7181	122.46779	2090000	-0.4586734	8102.32	-0.0346691	-2439.5928	22.248554	7.1065836	4982.85967540741
418	4402.0366	74.4296	4521.711	4293.296	1000.0	407.834	34.68346	443.65552	175.20595	2095000	-0.550531	5780.8784	-0.03692746	-1174.9937	22.939648	7.858324	4997.759663105011
419	4432.9976	90.208595	4588.7886	4326.882	1000.0	406.3148	24.686964	444.23108	73.01629	2100000	-0.22312984	7326.0576	-0.038120747	-1507.5171	22.6754	7.5772014	5011.742067575455
420	4461.024	54.102943	4530.855	4397.589	1000.0	382.4135	58.090317	449.8435	131.09114	2105000	-0.48259667	8060.4946	-0.029564112	-2779.4893	22.167654	7.151546	5028.257048606873
421	4362.0024	61.087658	4461.5454	4276.199	1000.0	405.05844	33.925453	448.63345	190.77426	2110000	0.24901465	6607.512	-0.028946042	-1383.4683	22.534933	7.450078	5042.373842716217
422	4460.6064	128.70512	4698.8105	4337.7563	1000.0	382.96024	50.590084	442.7163	178.61057	2115000	0.23800893	11451.462	-0.040084943	-4506.3125	22.352648	7.260145	5056.349670410156
423	4392.733	33.689133	4444.5557	4350.674	1000.0	387.329	36.27109	446.08035	209.20596	2120000	-0.5009051	5910.7993	-0.027325869	-1469.6011	22.504349	7.4743733	5070.586385250092
424	4378.6064	75.83053	4510.1074	4317.0366	1000.0	395.97925	41.83217	444.39304	195.06783	2125000	-0.7600796	6797.3545	-0.040738642	-1394.501	23.086731	8.005067	5084.052699565887
425	4411.4785	54.030922	4485.8516	4339.595	1000.0	405.03006	29.115469	457.73715	222.51717	2130000	-0.35061407	7170.1743	-0.038099945	-993.93115	23.11225	8.0067625	5098.082665681839
426	4404.3726	66.05438	4486.5537	4310.3604	1000.0	389.37985	39.67747	443.62308	144.15678	2135000	-0.3032242	7554.3296	-0.029782057	-1266.4438	23.062435	7.845096	5111.683411598206
427	4541.788	97.03053	4722.7515	4434.072	1000.0	386.28326	39.399445	442.81857	75.73916	2140000	-0.16242498	9514.449	-0.031007677	-3165.8237	22.521309	7.480789	5125.449058771133
428	4410.5903	89.12398	4572.2456	4316.061	1000.0	414.9382	11.921262	453.82132	251.73569	2145000	-0.34381136	7883.723	-0.036066175	-723.42236	23.995275	8.85986	5139.569134235382
429	4407.3096	76.32433	4501.756	4297.954	1000.0	394.6125	20.703337	429.9987	209.12367	2150000	-0.11375967	7003.7026	-0.03450373	-1219.6646	23.686153	8.612969	5154.4145340919495
430	4428.851	72.192535	4537.1177	4329.926	1000.0	401.73026	18.895998	434.89993	185.54118	2155000	-0.13261431	7951.144	-0.029644817	-975.3008	23.361082	8.284877	5170.037936210632
431	4397.5884	70.94351	4485.926	4316.5156	1000.0	391.3362	34.166718	442.8613	186.5571	2160000	-0.8700771	9177.454	-0.037391663	-1505.2715	24.071543	9.057922	5184.4191880226135
432	4473.495	93.87027	4628.8604	4374.692	1000.0	399.36243	21.138544	451.05096	219.66911	2165000	-0.2585085	7999.167	-0.026754081	-856.52	22.612371	7.5723906	5198.377103328705
433	4379.038	63.19806	4434.697	4267.0366	1000.0	399.4467	21.30681	439.924	194.5967	2170000	-0.1425936	6472.7314	-0.025198668	-1166.437	23.187235	8.175347	5212.846245765686
434	4367.729	27.445114	4398.241	4325.243	1000.0	393.0049	31.55408	432.26196	196.0448	2175000	0.19657424	6273.7046	-0.029611394	-1409.8398	23.322279	8.235809	5226.378976821899
435	4441.6826	56.78565	4502.3506	4366.9053	1000.0	402.21994	30.289867	432.5178	132.3963	2180000	-0.5809943	8524.799	-0.058408916	-1568.8887	23.1391	8.070575	5239.798966169357
436	4418.372	85.32743	4545.474	4346.7266	1000.0	391.85165	31.838806	443.08197	178.40704	2185000	-0.11133849	7482.2383	-0.030803315	-993.7085	23.0826	7.953967	5253.602765321732
437	4500.87	57.435642	4564.846	4401.108	1000.0	385.6864	38.586227	446.33157	192.21614	2190000	-0.5494121	8375.396	-0.04059434	-3392.2734	24.175734	9.1278515	5267.313574790955
438	4400.7134	130.70886	4654.9863	4298.9663	1000.0	416.88803	12.7155485	452.4152	189.20003	2195000	-0.55963886	8175.16	-0.02759564	-1254.333	23.243221	8.163054	5281.250378370285
439	4387.247	87.078415	4549.6865	4292.845	1000.0	397.6586	19.424494	452.0724	150.42538	2200000	-0.34772778	6965.0737	-0.033282816	-1431.1802	23.728289	8.687861	5295.41161608696
440	4431.056	71.69395	4540.1626	4323.093	1000.0	387.6385	49.685917	440.0942	132.6735	2205000	-0.31614158	7494.1553	-0.030441284	-2130.2173	23.156004	8.153383	5311.360981225967
441	4438.0146	71.55639	4576.8247	4382.3994	1000.0	394.06418	54.490734	449.78738	157.99124	2210000	-0.9179961	10221.927	-0.05058515	-3087.8916	23.67884	8.640954	5325.3294105529785
442	4427.943	89.87516	4545.9614	4322.1157	1000.0	398.8455	18.88826	452.83914	238.77562	2215000	0.098652415	7384.663	-0.030650683	-946.02637	24.078339	8.9843	5338.833795070648
443	4396.9194	69.57217	4484.9307	4286.7544	1000.0	401.7216	17.462738	436.0216	247.57492	2220000	-0.29182032	6966.5376	-0.04146102	-1402.5151	24.873014	9.832486	5352.260588884354
444	4387.8843	49.345776	4464.472	4316.699	1000.0	387.96826	42.05488	452.03162	86.28239	2225000	-0.2102128	6858.925	-0.040994823	-1567.522	24.078762	9.02645	5365.76324057579
445	4380.397	102.27746	4566.245	4268.3164	1000.0	399.3002	27.178207	432.1052	137.83015	2230000	0.19841829	7300.4463	-0.02443114	-1774.0977	24.41764	9.436854	5379.080991029739
446	4370.354	50.75282	4458.843	4301.1943	1000.0	402.111	18.835772	433.80923	213.58171	2235000	-0.76246846	7239.1104	-0.044105947	-1606.2637	23.60688	8.5825205	5392.406312465668
447	4417.7534	92.26741	4563.741	4325.5034	1000.0	386.8824	47.781975	445.36017	144.28401	2240000	0.084507145	8231.368	-0.03043146	-2158.0894	23.871035	8.891694	5406.110054254532
448	4456.4385	67.59962	4557.2456	4348.0728	1000.0	391.87363	35.775776	434.24887	193.90193	2245000	-0.41786328	7499.3247	-0.046237588	-1339.8086	23.778893	8.821262	5419.18416261673
449	4370.4004	70.57737	4471.2163	4288.548	1000.0	398.4839	32.578785	443.9428	188.99062	2250000	-1.1415653	6035.864	-0.058612704	-2045.9377	23.970552	9.034685	5432.081837892532
450	4366.031	59.205776	4425.673	4278.739	1000.0	397.67255	45.959877	437.2148	121.29486	2255000	-0.5712528	5511.512	-0.033218026	-1262.0752	24.286518	9.324731	5447.070089817047
451	4460.128	49.242813	4541.0713	4398.282	1000.0	396.27234	43.96743	448.12387	134.94672	2260000	-0.5217154	6674.899	-0.05180502	-1763.5166	23.623709	8.629064	5460.045897245407
452	4416.009	51.231533	4474.273	4325.3833	1000.0	399.9743	39.405075	451.2038	-58.15768	2265000	-0.59671926	6716.6074	-0.032741487	-1779.332	24.350601	9.434132	5474.137995481491
453	4384.7427	39.553688	4437.053	4321.3857	1000.0	389.20856	54.3789	453.97778	-18.470676	2270000	-0.41033983	8437.8125	-0.03722775	-2407.1924	24.334995	9.450407	5488.39148235321
454	4362.462	52.136887	4402.554	4263.1587	1000.0	400.9713	33.083084	447.99878	170.15767	2275000	0.22292131	7220.198	-0.035417333	-1125.957	24.713154	9.783861	5501.465746641159
455	4465.8955	86.76513	4557.567	4354.2266	1000.0	397.2434	27.845148	447.10013	175.97714	2280000	0.56839794	7239.753	-0.026384354	-991.5864	24.584818	9.538079	5514.601406574249
456	4560.244	72.30963	4642.9634	4458.3433	1000.0	379.65356	51.62693	443.1555	124.05679	2285000	-0.29643673	11982.153	-0.039584428	-4201.2695	23.84904	8.858708	5527.242555379868
457	4450.0913	32.019386	4488.929	4411.83	1000.0	410.8255	18.1295	465.2589	216.87325	2290000	-0.0875874	7998.928	-0.050457284	-988.19727	25.046865	10.010765	5539.769686460495
458	4430.2197	108.89161	4596.7837	4299.0967	1000.0	404.88806	24.387808	464.14215	82.526794	2295000	-0.046447486	8168.2295	-0.03466759	-1036.1753	24.866562	9.898974	5553.0169224739075
459	4397.508	16.022411	4419.736	4376.65	1000.0	395.76044	23.210243	452.51788	181.33273	2300000	0.3746789	6706.306	-0.02955231	-1314.9111	24.955788	9.931742	5565.812928199768
460	4351.758	22.933296	4386.0625	4327.202	1000.0	382.1913	41.007023	436.47864	91.7022	2305000	-0.081182346	6016.6753	-0.04351514	-1651.1738	24.595703	9.635808	5580.403464317322
461	4424.141	64.038605	4547.5854	4364.2656	1000.0	398.7319	38.99511	443.54105	129.97348	2310000	0.32950336	5860.1387	-0.03794834	-1390.5664	25.104607	10.020084	5593.210493803024
462	4454.4756	68.94199	4557.2627	4349.631	1000.0	387.85382	53.763515	442.71463	37.626602	2315000	-0.6718927	8676.23	-0.055333197	-2791.6162	25.178211	10.274118	5605.98065161705
463	4475.7363	57.348938	4541.8994	4377.264	1000.0	405.14313	38.527386	449.22977	134.21855	2320000	-0.6305637	6445.5337	-0.03828776	-1363.0776	23.927837	8.905697	5618.853031396866
464	4381.308	110.399895	4553.221	4252.1294	1000.0	417.7944	13.545606	448.62677	159.26537	2325000	-0.8497238	8271.6455	-0.044124305	-2015.7671	24.76799	9.831238	5631.104713201523
465	4455.359	88.017235	4606.6206	4371.7593	1000.0	386.2248	38.10891	443.52042	156.40012	2330000	0.9867653	7054.984	-0.038253605	-1342.9653	24.476494	9.505066	5643.2702050209045
466	4427.172	59.47022	4514.2485	4348.9375	1000.0	398.6653	29.738955	454.0761	268.438	2335000	-0.28330967	7740.2153	-0.037611097	-1000.396	25.068413	10.099116	5655.922950744629
467	4349.521	39.196262	4393.7656	4297.208	1000.0	386.0233	42.544247	453.88992	114.13037	2340000	0.48458594	6039.7974	-0.04465714	-1174.6812	25.639687	10.686522	5668.537642478943
468	4399.825	67.37562	4506.0947	4309.6733	1000.0	397.3343	35.76641	451.89102	134.83463	2345000	0.46221444	6445.6465	-0.03822869	-2350.2786	24.510372	9.492445	5681.025532960892
469	4435.491	65.18691	4515.4194	4337.216	1000.0	381.9782	75.74404	452.0943	56.80324	2350000	-0.5393554	10243.464	-0.03978902	-3561.2969	24.52641	9.605374	5693.571857690811
470	4475.9697	70.20009	4575.171	4377.9565	1000.0	405.96625	27.388794	464.22034	209.33514	2355000	0.51836896	6797.004	-0.032628328	-909.43896	25.309488	10.339427	5708.05274438858
471	4373.0615	58.395645	4454.652	4277.9497	1000.0	411.96793	16.745085	444.58725	228.95486	2360000	-0.7513243	7730.2046	-0.04707724	-1989.8267	23.84814	8.876517	5720.697119235992
472	4494.0337	79.08774	4633.938	4415.944	1000.0	360.8185	53.856564	454.28812	159.8185	2365000	0.85062844	10255.613	-0.057889163	-5832.5884	25.706017	10.644615	5732.7388598918915
473	4380.509	73.20783	4470.663	4288.6714	1000.0	421.3108	14.012132	461.1448	251.72133	2370000	-0.5406869	7761.385	-0.040213823	-1770.7397	24.75145	9.7633	5744.590599060059
474	4411.676	82.843735	4541.38	4321.974	1000.0	382.64706	48.429832	433.04147	111.11909	2375000	-0.5387547	7510.827	-0.022909284	-1595.7437	24.133072	9.182615	5757.962641239166
475	4471.3726	98.20815	4608.2627	4339.977	1000.0	402.44916	26.675201	435.35892	190.4392	2380000	-0.5262496	7145.397	-0.042892218	-1322.1895	24.813988	9.866903	5770.737966775894
476	4409.964	113.20057	4599.988	4252.3975	1000.0	409.04453	28.10837	438.33878	190.17587	2385000	-0.39570192	7852.009	-0.047435194	-2081.624	25.304129	10.35086	5782.746059417725
477	4404.1577	65.22342	4497.3154	4301.721	1000.0	384.06235	41.50794	438.91714	168.15878	2390000	-0.93779767	7316.7266	-0.03401512	-2155.1455	24.595373	9.613301	5794.638911008835
478	4376.26	64.51452	4447.6074	4270.4844	1000.0	385.5389	50.070297	441.91068	146.54623	2395000	-0.62947625	5830.432	-0.04140395	-1404.9146	24.817348	9.886668	5806.566007375717
479	4387.1445	45.36499	4469.038	4339.7544	1000.0	400.01584	40.52589	449.3846	128.19382	2400000	-0.93913376	5318.1543	-0.043946803	-1662.7698	25.756521	10.87292	5817.6477699279785
480	4394.1006	38.549404	4461.496	4345.9336	1000.0	396.88022	55.45466	440.48175	123.50005	2405000	-0.87092286	8342.117	-0.047636926	-2454.0737	24.7908	9.8829975	5830.99148440361
481	4364.8	49.229744	4454.868	4306.6914	1000.0	398.56036	33.7535	455.51862	195.52016	2410000	-0.18642874	6027.732	-0.031532973	-1116.3198	24.636782	9.770196	5842.407183647156
482	4416.3096	75.65729	4564.5576	4352.969	1000.0	387.82184	41.30863	451.9367	148.71286	2415000	0.06717002	6840.624	-0.04537104	-1540.6562	25.351877	10.548001	5853.845123529434
483	4390.7417	70.09083	4509.414	4317.453	1000.0	403.91882	39.02881	443.07104	136.32018	2420000	-0.16287515	6768.663	-0.034969404	-1389.4805	26.189116	11.374369	5865.0073273181915
484	4354.7563	94.643814	4486.582	4248.56	1000.0	390.0449	49.505344	447.29114	159.51634	2425000	0.57006836	9823.901	-0.049630165	-3206.6943	25.713415	10.852617	5876.490784168243
485	4348.6123	23.908459	4376.1772	4318.574	1000.0	386.48276	35.04106	453.3004	247.5683	2430000	-0.2729258	6861.688	-0.039150715	-2140.0396	25.67184	10.777525	5888.084291219711
486	4404.0264	66.98032	4487.8286	4307.4585	1000.0	398.0447	38.51295	448.43564	174.64587	2435000	0.0013412841	6992.6006	-0.034432005	-1001.63574	25.366274	10.481559	5899.4429676532745
487	4395.3735	53.535225	4454.6323	4303.6504	1000.0	398.29776	34.514618	438.6675	216.49022	2440000	-0.07889231	6953.9536	-0.034246556	-921.91064	25.106888	10.217041	5910.519312620163
488	4397.6274	51.208992	4483.321	4337.3276	1000.0	398.7894	29.07853	435.56564	161.12263	2445000	-0.20157914	6119.847	-0.047065437	-780.08984	25.14109	10.274859	5922.006773710251
489	4425.19	91.3461	4579.0703	4309.4707	1000.0	399.1447	32.018383	442.77466	227.32515	2450000	-0.023718	6755.1865	-0.037485283	-705.13477	25.720978	10.74934	5933.508134126663
490	4402.1504	78.36481	4477.652	4261.5728	1000.0	401.7471	31.09525	440.75372	225.41855	2455000	-0.7467619	7297.475	-0.057237923	-961.0503	25.657911	10.731262	5946.885447263718
491	4442.4316	112.63532	4635.081	4312.521	1000.0	400.1983	28.481726	438.88022	251.84225	2460000	-1.1748796	7680.5454	-0.059735656	-747.1919	25.62497	10.764735	5958.253967046738
492	4368.2607	76.8068	4486.1816	4253.726	1000.0	391.96844	31.326988	438.06552	191.3349	2465000	0.0456062	6476.184	-0.052252732	-1664.8623	25.620213	10.769361	5970.108971595764
493	4388.8276	55.22318	4449.5835	4300.971	1000.0	386.46313	47.165585	442.56284	179.82162	2470000	-0.4738443	6666.0347	-0.054687083	-1460.3506	25.061506	10.251431	5981.5491762161255
494	4394.6846	57.49598	4491.7886	4318.2256	1000.0	403.1116	32.64203	438.59027	181.0785	2475000	-0.7375213	6165.8623	-0.051281273	-962.58057	25.392973	10.5568285	5992.745244264603
495	4457.5415	52.073853	4523.736	4383.629	1000.0	386.42645	46.878864	440.44305	150.06078	2480000	-0.49339902	9080.925	-0.043664575	-2556.0137	25.00217	10.095717	6003.990706682205
496	4457.95	51.91077	4523.9165	4387.7583	1000.0	402.48602	24.598463	439.22943	179.48334	2485000	-0.8924663	7733.4937	-0.040014625	-1122.9971	25.273937	10.4425535	6015.401825428009
497	4373.844	42.449646	4426.526	4328.9097	1000.0	401.2087	23.339582	445.34802	146.85405	2490000	-0.74479944	6285.6353	-0.03451985	-1793.9175	25.782097	11.058894	6026.792058467865
498	4395.8877	140.93146	4653.432	4249.1323	1000.0	386.4258	41.888824	443.74332	113.098076	2495000	-0.1616478	7142.638	-0.050548047	-1331.6616	25.9148	11.086344	6038.256418228149
499	4370.2314	50.9639	4440.381	4307.427	1000.0	391.401	40.98756	434.49866	116.90107	2500000	-0.47225326	6125.7505	-0.04011649	-1391.6587	26.68715	11.84573	6051.455250501633
