Epoch	AverageEpRet	StdEpRet	MaxEpRet	MinEpRet	AverageTestEpRet	StdTestEpRet	MaxTestEpRet	MinTestEpRet	EpLen	TestEpLen	TotalEnvInteracts	AverageQVals	StdQVals	MaxQVals	MinQVals	LossPi	LossQ	Time
1	-617.1468	87.72088	-486.57898	-722.33606	-1733.0457	60.87485	-1657.7333	-1846.3447	1000.0	1000.0	5000	6.101533	6.442794	44.664864	-9.912865	-7.660045	0.81057674	38.535869121551514
2	-637.8888	72.78458	-514.02094	-738.0198	-2040.6881	53.427765	-1973.317	-2144.9875	1000.0	1000.0	10000	43.93091	16.377054	149.73798	-1.9009342	-47.207214	4.628417	69.59340834617615
3	-1183.908	802.62384	-37.149765	-2057.128	-493.50864	85.655426	-342.22275	-621.99426	684.3333	1000.0	15000	80.30511	7.5874963	168.25446	54.358456	-82.465065	8.691708	99.83128619194031
4	-761.86285	135.16159	-556.9383	-896.39136	-201.22388	107.70369	-68.014534	-361.3551	1000.0	1000.0	20000	80.973305	7.0032845	182.48503	21.272617	-82.570175	6.165993	133.26064896583557
5	-426.09882	145.53767	-276.96005	-666.4676	-3.8885815	64.521164	69.82098	-87.57179	1000.0	1000.0	25000	77.85344	9.5184965	227.32788	2.5038197	-79.39233	6.4619603	166.8172104358673
6	-571.7268	173.9832	-315.60056	-864.56726	-912.6076	97.24179	-775.357	-1144.321	890.5	1000.0	30000	79.35646	17.68933	306.67422	-20.332253	-81.18888	13.157673	201.0767261981964
7	-1171.4148	107.98776	-1006.02905	-1331.3007	-1687.1793	65.70747	-1602.4156	-1830.6304	1000.0	1000.0	35000	93.87642	35.200806	479.09323	-13.672237	-96.645874	38.086998	235.2027566432953
8	-1475.2373	654.4773	-31.294205	-1933.2418	-2513.2559	225.67027	-2069.9666	-2817.621	835.6667	1000.0	40000	131.00249	63.043465	709.62366	-10.521689	-135.38756	104.732414	269.8845751285553
9	-2053.952	118.09744	-1919.7867	-2200.5667	-1880.6594	564.673	-206.8701	-2241.524	1000.0	913.9	45000	183.45476	102.30778	1035.2316	33.805832	-188.79117	186.35333	304.34262466430664
10	-2163.757	96.31692	-1998.2316	-2298.1814	-2096.8972	1030.3922	-39.19057	-2865.2595	1000.0	813.6	50000	242.00822	148.69548	1272.55	3.1660998	-248.93942	327.4711	338.19679284095764
11	-1608.4642	952.6519	-56.119953	-2360.765	-1897.9261	924.9966	-29.648298	-2493.6655	743.2857	805.4	55000	312.40872	194.515	1443.4636	-65.44736	-320.20743	475.83942	372.18553376197815
12	-1933.4987	792.8024	-178.78096	-2441.438	-2581.0413	128.42827	-2426.0325	-2810.363	845.5	1000.0	60000	380.2939	234.29639	1609.2802	2.5177312	-388.83206	636.531	408.6356246471405
13	-1635.1317	844.6774	-215.31007	-2310.852	-2748.1934	166.78418	-2527.3127	-2970.036	736.8333	1000.0	65000	440.9681	265.3099	1705.0994	49.91784	-449.8519	747.54083	445.9296553134918
14	-2032.1569	869.52155	-90.021965	-2509.261	-2668.5134	63.198296	-2526.5103	-2745.3403	839.5	1000.0	70000	485.9043	281.42682	1951.7151	-100.77135	-495.2419	930.48065	484.84517765045166
15	-2269.277	382.01453	-1418.066	-2499.2327	-2123.7969	924.43616	-59.719578	-3031.7678	945.5	789.7	75000	541.8474	298.31754	2098.2214	-40.122818	-552.07745	1197.137	523.6076152324677
16	-2433.2668	238.49913	-2064.9631	-2789.3325	-2726.0386	96.81036	-2621.0732	-2966.454	975.2	1000.0	80000	594.8401	300.51617	2249.9531	-63.638676	-605.0768	1279.1365	563.0861215591431
17	-1867.2432	809.747	-308.17444	-2474.0044	-2011.7145	754.1551	-478.43997	-2777.2744	773.6667	735.0	85000	622.2927	297.95187	2083.8425	-125.75911	-632.0044	1251.2218	598.332028388977
18	-1516.4272	973.39355	-175.34123	-2501.6313	-1786.3191	924.24286	-211.1969	-2729.3958	614.3333	687.7	90000	633.67017	285.84653	1889.5966	-119.01794	-642.9916	1263.093	636.0184261798859
19	-868.41626	642.7154	-55.78565	-2502.4724	-1229.507	964.47784	-44.471066	-2735.6875	361.46155	456.2	95000	649.40137	273.42773	1864.6936	-266.72574	-658.86835	1306.3292	667.1768424510956
20	-1448.1901	708.6169	-222.943	-2711.8313	-1308.9938	930.1741	-86.95074	-2687.6272	591.1111	486.7	100000	651.65076	246.78952	1817.4509	-179.89334	-660.55524	1244.8214	701.1285884380341
21	-1240.5686	877.5497	-143.46916	-2684.538	-1964.0183	886.3192	-257.15576	-2803.583	503.1	727.3	105000	641.0591	219.27304	1719.8926	-364.38293	-649.5191	1172.1316	738.3896250724792
22	-1987.6246	869.0031	-692.23395	-3025.9678	-790.0158	733.6	-176.17534	-2857.769	776.8333	286.0	110000	615.9418	190.48933	1508.2428	-393.237	-623.4259	1023.5074	769.3222625255585
23	-1468.2585	886.02734	-125.007225	-2610.8015	-388.24905	240.45001	-51.151638	-789.01373	586.6667	144.1	115000	583.45416	175.15247	1409.6423	-259.8787	-590.6423	936.7178	798.6825525760651
24	-807.89154	584.94385	-275.50357	-2190.6973	-3000.8088	1.9447812	-2998.4866	-3003.592	323.6154	1000.0	120000	560.3176	156.06215	1235.8307	-481.4895	-567.47656	862.15717	836.9126780033112
25	-1931.2751	717.3367	-337.8785	-2702.8047	-1177.3464	991.1537	-145.68536	-2940.0354	779.4286	437.5	125000	528.9551	136.15564	1147.5267	-429.52374	-535.09467	683.91095	870.8424377441406
26	-922.5304	664.6429	-110.159515	-2332.4014	-1714.4935	1085.7396	-116.941025	-3026.531	361.6	600.1	130000	477.4267	112.46345	1010.8902	-465.5755	-482.50333	503.42053	907.0679032802582
27	-1174.2628	656.30005	-413.9119	-2432.289	-1432.0641	876.49194	-287.5617	-2666.6077	466.44446	528.3	135000	420.5851	93.470894	858.2315	-547.5817	-424.6533	382.65454	938.0421257019043
28	-1747.3315	1001.60455	-297.364	-2700.8455	-957.8574	513.71606	-226.39064	-1647.0051	667.0	362.3	140000	359.12704	81.02195	736.1452	-551.9441	-362.58932	293.9801	970.876128911972
29	-859.8966	664.47754	-69.72287	-2280.1738	-1505.0228	773.44434	-316.82306	-2781.8506	355.73334	549.4	145000	293.5838	65.766396	581.0954	-283.31567	-296.38077	190.17403	1006.7128603458405
30	-1785.2732	930.6962	-247.19156	-2782.5798	-2237.1506	856.27325	-345.45047	-2902.446	654.1429	796.0	150000	231.31912	51.605865	466.44592	-334.6022	-233.38835	132.53079	1042.983110666275
31	-2625.1763	129.31299	-2434.1514	-2797.602	-2386.4985	997.7704	-342.33536	-3010.0886	1000.0	829.0	155000	171.44794	42.79048	397.59393	-429.6606	-173.09178	88.43278	1082.4199063777924
32	-2001.5648	871.65356	-536.0216	-2657.77	-2331.6936	1091.8264	-114.709236	-2980.4558	775.0	811.7	160000	119.01775	34.797405	314.06543	-393.82535	-120.46094	61.441277	1119.5748522281647
33	-2674.0815	84.208405	-2524.5247	-2749.3694	-2513.9675	825.62573	-261.99692	-2962.0615	1000.0	870.4	165000	74.03004	29.138582	246.52538	-188.32106	-75.196175	43.10453	1159.8051719665527
34	-2663.015	47.09959	-2597.748	-2716.2937	-2894.7317	135.76938	-2542.8975	-3001.3582	1000.0	1000.0	170000	32.51309	24.446472	180.46667	-93.46233	-33.484406	31.725374	1200.8072974681854
35	-2618.9058	83.908005	-2484.5317	-2709.346	-2661.587	844.9329	-129.80917	-3009.9512	1000.0	904.7	175000	-1.1480423	20.58384	130.7234	-80.980865	0.22925039	26.623085	1241.4007279872894
36	-2189.3113	899.95184	-66.84979	-2740.61	-2383.0454	1107.9471	-159.70784	-2998.8154	828.0	811.3	180000	-31.803219	19.5813	97.79946	-110.864624	31.011915	23.936104	1282.9652361869812
37	-2215.1294	779.3092	-664.21875	-2680.2703	-2509.8416	817.59454	-684.9759	-2973.3806	850.8	875.4	185000	-55.441727	17.673079	80.334145	-127.8662	54.7241	23.347765	1320.2398369312286
38	-2273.986	838.19946	-401.79886	-2704.7605	-2940.4087	60.78612	-2856.4722	-3014.2468	866.0	1000.0	190000	-73.95846	16.787968	65.26881	-150.97653	73.274284	22.381107	1363.2823004722595
39	-1401.9282	1127.732	-43.925617	-2663.4116	-2093.714	1303.8729	-35.74189	-2983.1165	553.3333	714.4	195000	-90.43223	16.4143	46.727924	-168.11568	89.78471	22.771383	1400.8998651504517
40	-2308.1184	645.8415	-880.82764	-2722.2207	-1180.7249	1226.7708	-24.111252	-2948.575	875.5	413.2	200000	-102.80289	16.45788	31.266924	-181.7069	102.11475	24.044321	1435.13685297966
41	-1225.711	1112.7098	-42.80538	-2831.2654	-1166.3494	1089.1515	-19.707438	-3006.3062	471.81818	434.1	205000	-111.912056	17.478638	49.773327	-189.23305	111.19991	27.260748	1468.889047384262
42	-621.57117	758.9622	2.9959078	-2608.8743	-782.0631	1119.3859	-17.519735	-3019.1516	245.75	279.6	210000	-117.64385	18.457983	102.47262	-207.43198	116.882225	29.093426	1499.3411676883698
43	-479.6755	619.9618	-4.4018	-2700.5886	-962.2308	948.9009	-142.58682	-2909.0137	187.25	337.2	215000	-122.19499	19.285658	63.127934	-203.47864	121.4084	31.997461	1532.3506531715393
44	-434.39368	635.62836	-14.557685	-2776.9504	-659.5042	553.53094	-32.52766	-1669.7573	165.51724	242.7	220000	-124.58547	19.53559	72.92938	-218.232	123.80268	32.658054	1562.2687554359436
45	-630.21796	729.4883	-33.63	-2732.7903	-2455.2485	1075.8702	-297.85428	-3004.1824	246.19048	824.1	225000	-126.51055	20.479214	61.450665	-218.71481	125.68109	34.238297	1601.6603200435638
46	-686.04095	841.7279	6.8023486	-2592.0269	-1367.0524	1321.5233	-32.499214	-3067.107	279.41177	481.3	230000	-127.01169	21.280453	69.42508	-212.2396	126.15116	36.71659	1634.784986257553
47	-552.9116	690.43713	-7.927321	-2424.1304	-911.5902	1051.1041	-79.40185	-3012.349	213.54167	315.8	235000	-127.86973	21.701265	58.762436	-206.50266	127.046196	38.598465	1667.0402483940125
48	-339.10895	518.18976	-28.82247	-2608.5837	-130.63103	102.75515	-21.172134	-319.92105	140.25714	58.5	240000	-128.56209	22.268064	58.37859	-208.31665	127.69586	40.534058	1695.6969363689423
49	-259.13965	303.3832	-18.495945	-1589.5344	-143.10954	75.90419	-14.761288	-247.2912	108.4898	70.4	245000	-127.029015	23.159899	71.55816	-219.97296	126.10947	41.550186	1725.1367297172546
50	-237.6498	264.51892	-16.2623	-1347.0636	-237.71892	160.68001	-76.63965	-583.91785	94.07547	93.1	250000	-124.80742	23.361101	71.56087	-205.42648	123.82498	43.74875	1753.8993051052094
51	-149.68376	195.02808	45.710907	-940.4938	-129.51901	119.879944	-8.472492	-400.21893	69.753845	47.5	255000	-122.19167	23.889532	81.442825	-205.5256	121.22449	46.15391	1780.051843881607
52	-209.64006	295.9241	-15.329066	-1372.28	-236.278	295.4667	5.3576927	-889.1805	92.305084	92.6	260000	-119.79373	25.100721	58.58796	-210.8978	118.76903	49.7961	1810.4245746135712
53	-146.48651	187.73312	66.6675	-926.01447	-205.11357	241.06007	14.258953	-721.8566	73.68657	80.7	265000	-115.708466	25.74301	61.036926	-200.6211	114.67007	50.545475	1838.6501002311707
54	-242.95064	263.07556	10.684384	-1140.64	-234.31772	262.46936	-37.647064	-871.2239	100.26	81.2	270000	-113.64831	25.636156	53.30708	-197.48788	112.61309	49.437252	1867.538458108902
55	-177.19914	198.7472	7.4241624	-1114.3246	-93.28157	107.386505	-22.821308	-402.5717	74.83582	48.7	275000	-111.38609	25.921577	47.476204	-212.44392	110.37014	50.309906	1896.1088507175446
56	-244.5126	268.10147	17.242962	-1242.5365	-188.24406	240.02344	-37.89139	-851.86273	97.30769	61.2	280000	-110.688	25.998198	46.061886	-190.94824	109.723564	50.346745	1925.0092313289642
57	-183.08328	216.70378	13.7314	-1396.5334	-135.9031	202.47319	-19.670547	-727.99927	78.0	50.6	285000	-108.74881	26.818058	45.001507	-192.89539	107.68658	52.193203	1953.0972335338593
58	-143.05746	136.03578	53.278065	-619.58997	-148.73337	173.14635	-46.999447	-648.391	63.179485	52.8	290000	-106.67743	26.51024	53.068188	-189.47934	105.62448	52.35852	1981.2411096096039
59	-173.76907	181.26073	-23.753439	-903.8795	-114.459915	122.32402	71.75282	-400.34097	73.89552	47.8	295000	-104.22469	26.211483	55.26979	-181.6586	103.15897	53.197575	2009.8867995738983
60	-158.03934	163.71016	61.701984	-727.47455	-138.41403	121.946594	26.785446	-335.71378	68.83784	54.6	300000	-103.47599	26.378206	62.93143	-192.55504	102.46629	53.05504	2038.9290595054626
61	-141.9171	166.95866	119.85552	-828.6848	-224.1195	321.0296	-35.753914	-1161.0973	64.302635	74.4	305000	-102.108604	27.064276	50.949696	-187.80338	101.038124	55.82516	2066.9374771118164
62	-190.99422	237.22852	19.679054	-1605.0156	-103.85121	74.32097	-10.5419035	-274.8902	68.60811	36.6	310000	-98.73971	27.609343	44.91202	-188.13597	97.625496	57.31351	2096.1440958976746
63	-144.12012	149.3335	11.955896	-630.1042	-133.80595	125.97005	-28.988993	-473.3493	62.580246	40.9	315000	-96.40586	27.709442	41.30807	-182.3775	95.28297	57.707695	2124.2922003269196
64	-129.57701	128.24759	38.305607	-555.6069	-124.862656	121.00128	38.84484	-387.18753	58.282352	63.9	320000	-94.51523	27.480082	41.0801	-181.38988	93.42568	56.93302	2151.359036207199
65	-142.55304	138.10295	32.246166	-582.64044	-132.21254	155.67107	-28.800072	-570.1616	64.80769	55.0	325000	-92.982	27.652193	32.634415	-180.73532	91.87983	56.19007	2179.624438047409
66	-128.29512	196.19278	49.3392	-920.7753	-52.07215	40.82697	9.338693	-125.09735	64.14286	32.1	330000	-92.3432	28.06414	36.18689	-184.35345	91.23441	57.719097	2206.5308525562286
67	-126.484184	129.86774	17.08854	-584.4137	-190.32773	195.772	-15.1437845	-691.60333	62.382717	59.0	335000	-90.27728	28.11146	48.519516	-190.26627	89.130356	58.702034	2234.3968408107758
68	-150.74843	145.76784	32.378345	-667.85236	-109.88939	81.96007	-27.546389	-267.44327	71.49275	50.8	340000	-88.762825	28.395662	37.754204	-179.83331	87.62722	56.225853	2261.777199983597
69	-118.897156	144.77791	24.874414	-695.4971	-172.56863	220.71553	20.31696	-650.9077	65.14474	61.4	345000	-88.116066	28.67416	39.606422	-187.68645	87.01572	58.09358	2289.4467453956604
70	-153.37512	170.88976	12.234613	-879.27716	-84.98454	134.81822	31.724781	-477.8535	74.19118	52.5	350000	-86.96148	28.431387	40.867104	-181.60619	85.84169	58.03823	2317.6931626796722
71	-182.10805	200.84586	24.960485	-1223.5258	-175.68813	157.407	-4.7712817	-385.13446	85.49152	62.7	355000	-86.13478	28.320805	35.830288	-182.7847	85.012054	57.645382	2346.0668618679047
72	-128.53287	138.08241	2.121285	-819.5748	-91.84427	59.227783	-25.060663	-218.58374	68.01351	50.0	360000	-85.42993	28.52861	37.007458	-185.42989	84.30164	58.19121	2374.1752734184265
73	-129.62018	150.8046	3.5299213	-677.28235	-184.489	163.0105	-32.43021	-545.95135	65.5921	70.5	365000	-84.70362	28.79456	40.866337	-188.20383	83.57064	59.15812	2402.0306634902954
74	-122.059204	137.23628	70.23057	-538.80133	-77.9566	80.12468	4.1899643	-272.87668	70.81159	59.9	370000	-83.94342	29.057568	34.800617	-186.96323	82.81684	59.374733	2429.4450528621674
75	-135.39604	164.59732	51.66639	-877.7069	-29.79659	47.715973	55.455097	-141.15541	68.37838	39.1	375000	-81.99084	28.89502	50.41426	-178.82585	80.81478	59.046787	2457.819902896881
76	-134.17924	147.46729	59.48197	-788.9572	-110.254555	127.94271	2.3254542	-457.82867	69.77778	51.1	380000	-81.1925	28.980923	43.417545	-189.57025	80.071884	59.216957	2485.697246313095
77	-145.89906	171.8253	24.006565	-834.6194	-164.58575	130.54329	-30.085396	-477.0134	73.05797	65.0	385000	-81.37084	29.272024	48.515392	-183.78069	80.27498	61.259422	2514.0860192775726
78	-131.60849	150.86462	43.58298	-853.936	-73.155136	44.079807	-17.595676	-180.91736	70.797104	47.5	390000	-81.45122	29.488575	36.304375	-184.97473	80.35735	61.303288	2541.3902151584625
79	-147.54114	164.75272	4.514186	-899.2616	-36.181297	19.721737	-14.86	-72.20231	82.169495	39.3	395000	-81.530045	30.042603	43.478947	-185.19142	80.459915	61.178967	2569.400640964508
80	-145.48505	170.26404	30.107435	-793.1189	-103.74746	117.801025	12.112475	-395.08295	87.95	51.4	400000	-80.93929	30.168726	41.403606	-188.1489	79.81469	62.208897	2597.900139093399
81	-121.231895	139.16202	45.942524	-615.8169	-107.8895	75.63677	-14.200957	-241.0993	69.375	63.1	405000	-79.28552	29.978352	48.271442	-179.78485	78.14518	61.30215	2626.9251420497894
82	-173.47406	207.5447	127.59045	-1260.4604	-30.750683	20.581305	13.601944	-64.01794	78.0	34.7	410000	-78.75483	29.875015	39.753544	-180.84055	77.6548	61.0781	2655.331620454788
83	-91.40328	117.481766	66.99167	-610.83105	-62.569653	51.938507	-0.13587509	-174.26459	61.158535	52.5	415000	-79.22588	30.500391	50.622066	-191.93576	78.133514	62.071846	2683.784977912903
84	-97.14188	163.64418	92.07044	-934.71136	-47.14895	78.88894	6.855344	-277.26578	61.530865	40.8	420000	-79.006165	30.672293	38.19193	-189.90887	77.88256	63.32521	2711.354044675827
85	-120.249214	153.77245	23.272827	-894.3209	-138.04565	188.74919	-0.101384364	-692.32355	67.58904	70.2	425000	-78.349686	30.525543	40.931286	-191.50836	77.240395	63.222843	2740.270523071289
86	-122.74341	149.83337	65.58323	-884.88446	-89.98714	98.12192	17.63045	-348.58347	69.125	53.7	430000	-77.9518	30.577219	40.92424	-181.13324	76.81814	64.61748	2768.3190343379974
87	-98.884094	136.61899	107.81305	-809.76294	-86.385605	70.362816	-2.3798716	-193.70308	62.975307	52.4	435000	-76.08905	30.854525	40.69645	-180.78024	74.947945	63.854477	2796.8945705890656
88	-90.234085	102.08856	61.84271	-580.1835	-60.475586	74.002815	2.7068858	-262.58865	54.835163	47.3	440000	-75.443115	31.387041	46.86405	-181.74792	74.32661	64.77319	2825.4633350372314
89	-127.9631	166.30954	57.237484	-818.07996	-68.10954	93.69314	4.5567584	-322.69138	76.045456	48.2	445000	-75.150566	32.11276	47.48729	-181.06882	73.9891	66.00201	2854.14000916481
90	-98.31208	153.95937	76.51009	-878.47327	-79.02281	94.64977	4.2628045	-288.85617	66.48	46.5	450000	-74.57939	31.555437	48.492287	-191.27519	73.440575	65.32495	2882.64350605011
91	-109.37843	130.24977	98.45432	-611.3026	-32.415462	31.540514	20.63467	-69.204956	64.10256	45.5	455000	-74.07077	31.464962	45.376705	-193.4403	72.96475	64.681915	2910.8675351142883
92	-115.864174	163.74841	78.317764	-773.3091	-127.762245	116.83725	78.79582	-361.70605	77.828125	75.6	460000	-74.02519	32.05186	46.94773	-179.8521	72.906166	65.53243	2940.500210762024
93	-136.17099	161.12447	57.43237	-716.63934	-31.131855	45.596813	28.53447	-124.30601	89.64286	49.6	465000	-73.742065	32.434246	45.63066	-183.02556	72.597374	65.97154	2969.1613166332245
94	-138.7995	166.31975	125.38033	-644.43494	-72.14219	94.225204	-6.0009637	-300.87103	83.36667	47.7	470000	-73.073746	32.26113	44.32792	-185.81577	71.95559	67.17182	2997.8415491580963
95	-79.30708	109.37713	145.33554	-437.59134	-76.06572	86.379524	22.777525	-257.33072	62.316456	49.7	475000	-72.70151	32.43634	44.18795	-180.66098	71.59601	66.215775	3026.2975504398346
96	-96.09361	122.072	110.05154	-566.7057	-76.146805	66.261505	-15.798634	-234.44766	68.175674	55.3	480000	-72.42583	32.543606	46.299095	-185.85065	71.291214	67.12019	3055.3855319023132
97	-99.842354	147.72778	38.512215	-666.1506	-200.98228	346.6098	28.378395	-1113.4447	72.10145	95.7	485000	-71.463684	33.041813	54.721012	-185.50522	70.3099	67.61083	3084.3923819065094
98	-113.84921	169.51576	48.869366	-909.8779	-53.691895	55.089996	36.504864	-157.76132	72.3	50.1	490000	-70.736305	33.080605	45.68702	-190.40427	69.608696	65.757996	3113.676552295685
99	-112.98024	135.39828	111.718925	-521.1135	-144.63467	187.3561	2.0386806	-670.2245	68.59722	88.2	495000	-71.20838	33.034527	48.239574	-185.46149	70.093185	66.4863	3143.3905913829803
100	-121.74293	164.95717	109.63148	-749.00226	-43.20161	82.16851	92.02048	-216.79086	72.02857	50.6	500000	-70.49207	33.626236	46.512325	-183.21547	69.34435	67.90984	3171.634194135666
101	-92.62138	107.08685	64.62533	-517.5006	-124.5823	82.35727	-4.8097844	-247.61676	67.83784	76.8	505000	-69.77251	33.651382	49.77018	-181.96695	68.61741	67.95223	3201.090069293976
102	-88.37347	139.17235	53.538967	-583.97034	-380.06537	866.02795	27.737272	-2962.9075	70.685715	160.0	510000	-69.5727	33.530113	45.593903	-190.70665	68.489456	67.647354	3231.701339006424
103	-84.09972	137.96457	100.90397	-603.546	-47.325085	47.90337	-2.7688708	-177.9224	69.625	47.6	515000	-69.658394	34.176086	49.98592	-185.0297	68.4857	68.50759	3260.587448835373
104	-132.88931	260.92636	140.47672	-1543.0034	-68.426216	99.64394	18.593237	-314.61612	81.88525	47.5	520000	-68.800446	33.90555	45.806206	-184.31268	67.67589	68.62031	3289.316897392273
105	-125.683304	157.28157	58.54046	-707.0099	-47.108696	32.0279	-8.837923	-109.8426	74.088234	46.3	525000	-68.983185	33.9944	46.669212	-193.83492	67.88537	68.64585	3318.6826181411743
106	-116.24385	149.93024	16.652369	-684.23334	-72.28056	56.330074	-8.953672	-197.94092	74.58209	47.5	530000	-68.86133	34.070267	47.431488	-194.51851	67.72271	70.4176	3347.557625055313
107	-107.42706	132.57553	24.820166	-525.2085	-51.803577	68.32632	34.710068	-200.98965	66.79452	54.8	535000	-68.05723	34.08775	50.399487	-185.5448	66.92179	69.53057	3376.243978738785
108	-139.08365	167.4642	125.60677	-964.0733	-52.877632	50.3174	8.076474	-149.18752	77.454544	48.2	540000	-67.57431	34.00224	47.016174	-187.8482	66.42735	68.77911	3405.671117544174
109	-106.52199	183.2665	136.59735	-1050.2933	-152.35666	123.51904	-31.598679	-437.34262	73.94118	88.9	545000	-67.108635	33.92115	51.36336	-202.58904	65.97392	69.07458	3435.8823494911194
110	-100.82668	135.26117	59.057304	-720.3618	-73.60187	249.18214	193.49187	-793.05444	76.40625	60.8	550000	-67.10879	34.080513	50.277145	-209.369	65.983826	69.75403	3464.441190481186
111	-96.91143	118.31333	112.03377	-642.7877	-100.85417	63.900013	-2.9291017	-214.89384	73.0	60.5	555000	-66.88226	34.135975	49.820274	-197.5841	65.75587	68.68549	3494.257495880127
112	-109.78571	155.78929	176.8586	-812.1805	-20.69598	50.810005	56.336727	-138.18707	70.014084	39.6	560000	-65.776855	34.083904	53.797413	-199.21342	64.66425	69.42187	3523.411764860153
113	-119.61555	163.14459	60.70766	-844.6515	-123.2029	108.44198	-10.759346	-340.89584	78.79365	74.1	565000	-65.71553	34.54706	55.453926	-199.718	64.63414	68.54321	3553.714159488678
114	-98.81014	141.67932	74.78239	-719.1509	-62.442314	67.67885	30.133478	-208.12526	68.93056	60.2	570000	-66.126335	34.685246	51.744656	-205.21782	65.02449	69.56396	3583.3657495975494
115	-90.89624	107.8258	124.03356	-531.91644	-95.97942	87.141075	-14.691683	-286.96402	64.51899	62.2	575000	-65.89148	34.572533	59.011982	-207.59492	64.75803	69.877945	3613.290330171585
116	-95.390396	119.57559	71.080894	-505.79227	-123.38981	165.02948	-4.695238	-444.08154	71.27143	63.6	580000	-65.15696	34.57657	53.43263	-200.4156	64.04872	70.04689	3642.906571865082
117	-107.89385	131.91977	4.7331586	-751.29443	-699.1454	1159.5985	-5.5457525	-3005.8948	69.125	257.3	585000	-64.51912	34.498894	51.369873	-202.25613	63.410828	69.021484	3675.265596151352
118	-104.008385	136.92194	34.630226	-618.9918	-368.9887	880.964	-40.000374	-3007.3618	73.338234	155.4	590000	-64.9127	34.50939	49.567406	-206.89696	63.82343	69.26084	3706.3353927135468
119	-128.30408	137.28957	97.7133	-584.03265	-45.06177	45.37028	7.0593123	-132.94214	75.343285	48.3	595000	-64.434906	34.479816	48.608685	-206.10695	63.34041	69.05248	3735.822419166565
120	-93.20703	119.32691	54.563255	-509.11508	-128.69331	205.71713	120.444626	-699.6326	68.02857	79.3	600000	-64.367546	34.60111	51.47089	-203.03648	63.29098	69.569466	3765.087783575058
121	-117.078026	202.77327	145.99953	-1109.0404	-54.491463	56.573063	-4.236648	-156.18195	85.7377	44.0	605000	-64.18862	34.97758	51.013203	-205.07149	63.095093	70.278564	3795.271978855133
122	-139.61688	162.98431	43.146317	-859.29395	-143.9794	176.4387	18.565664	-620.4192	83.23333	71.8	610000	-63.47033	35.2192	47.602734	-207.78258	62.361107	71.60915	3825.310849428177
123	-99.18865	94.71271	54.110645	-404.51382	-157.67676	147.86739	-21.890163	-455.75626	68.95775	82.5	615000	-63.04782	35.171913	50.43899	-201.0444	61.93384	70.23016	3855.717237472534
124	-113.74501	127.673416	98.58391	-498.24313	-107.09763	120.62505	12.276597	-395.81137	78.0	62.6	620000	-62.85772	34.910133	52.174778	-208.51385	61.779396	70.12463	3885.6807146072388
125	-106.26129	116.91571	16.028538	-573.586	-50.0755	42.409748	31.699177	-104.380356	68.0137	50.7	625000	-62.482746	34.80601	51.546646	-208.9087	61.38891	70.43392	3915.5576078891754
126	-109.465805	147.66359	82.1944	-608.42017	-114.6864	75.8772	-20.153566	-231.30527	77.06061	55.0	630000	-62.209377	34.430347	50.44792	-200.05356	61.127926	69.72535	3946.158200979233
127	-97.445595	127.00982	30.489355	-656.1116	-35.41012	37.610832	-0.50047845	-121.76387	74.343285	48.3	635000	-62.32837	34.554237	49.54929	-204.14441	61.254467	70.05526	3975.6270446777344
128	-92.99264	116.831276	101.07004	-522.53186	-29.64447	35.567234	32.733234	-117.48767	64.94805	47.0	640000	-62.25502	34.957066	52.027042	-206.92308	61.183807	71.79848	4005.223529815674
129	-99.30795	118.31785	51.440754	-620.84235	-64.82976	63.15893	4.152807	-204.3255	69.15278	55.1	645000	-61.93457	34.95566	56.64091	-203.33829	60.867706	70.34706	4035.4625022411346
130	-110.96053	152.53644	55.058205	-761.1634	-357.28647	883.6831	-7.8594947	-3006.4668	75.22388	148.0	650000	-61.976723	34.69521	56.08212	-204.52324	60.876488	71.27249	4066.831381559372
131	-103.32193	145.78001	93.675644	-938.1977	-127.17859	169.93425	-26.908026	-611.62115	75.28788	58.0	655000	-61.51094	34.53997	55.181324	-202.77682	60.4483	70.9443	4096.554996967316
132	-93.26625	113.3848	35.449112	-568.16705	-75.93025	72.59659	20.878939	-213.48291	69.611115	68.6	660000	-61.55565	34.395485	55.712242	-207.57727	60.487118	70.83357	4126.893067359924
133	-130.97685	178.92213	30.072155	-1019.7158	-76.94604	115.82702	15.671208	-312.34253	82.11475	65.3	665000	-61.004967	34.04726	49.415684	-214.14229	59.95102	70.73806	4157.653039693832
134	-76.649925	97.13537	52.845776	-392.63608	-145.66423	260.33246	23.13937	-893.5069	61.822784	82.1	670000	-60.883175	34.127605	56.03418	-205.23775	59.840153	68.69712	4188.038986444473
135	-107.83106	140.72626	111.60651	-625.8797	-97.03391	134.75038	16.08681	-471.5652	83.77049	67.0	675000	-60.83043	34.330612	48.823452	-201.59056	59.78497	69.6334	4218.8916738033295
136	-112.318794	129.07217	49.395515	-586.753	-16.728878	14.308027	4.85055	-45.67803	73.661766	34.1	680000	-60.395443	34.39843	49.941895	-202.3063	59.323368	69.88128	4248.932700872421
137	-109.23857	162.73094	96.65437	-997.05084	-88.52076	130.2886	117.66012	-368.23654	74.954544	70.9	685000	-60.151787	34.156326	53.93559	-201.3543	59.099297	68.44944	4279.170059919357
138	-111.89722	125.75764	31.031212	-603.0747	-69.04281	73.0717	32.370125	-249.3936	68.84722	48.7	690000	-59.867855	34.237843	50.072205	-202.62105	58.80597	68.86016	4309.392263650894
139	-93.113144	107.924255	100.788895	-453.44086	-67.849846	69.802185	32.74417	-202.7042	66.30666	61.8	695000	-59.205025	34.365055	54.97112	-210.06915	58.134853	70.14731	4339.981449365616
140	-120.71644	172.03407	97.51106	-1075.3988	-395.41083	860.36725	-5.2726755	-2950.4128	78.36923	166.9	700000	-59.210197	34.143536	53.68078	-209.4241	58.169502	70.2307	4372.520308017731
141	-112.771324	142.63652	21.375717	-787.0792	-119.212036	140.97574	7.2611914	-501.88583	72.31884	81.0	705000	-59.15066	34.157764	51.842495	-189.58057	58.114365	70.25178	4402.865094900131
142	-110.440544	116.65492	138.80591	-499.5173	-45.685017	63.017216	3.3170104	-227.11894	85.118645	46.7	710000	-59.826008	34.346596	49.680637	-204.68472	58.80145	71.16662	4433.397946834564
143	-122.1495	145.24397	112.91012	-661.8251	-81.53297	56.6509	9.75371	-158.09293	82.583336	62.7	715000	-59.76371	34.35347	57.59833	-202.30223	58.733402	70.23272	4465.286189317703
144	-110.08014	174.21399	33.106003	-909.573	-92.081345	78.77272	-10.049057	-226.65001	72.01471	59.4	720000	-59.202682	34.197273	49.000713	-192.21527	58.158924	70.34608	4497.200365066528
145	-89.64174	112.37836	48.551964	-561.1475	-110.75426	187.81522	112.466644	-483.52756	71.763885	70.2	725000	-58.999363	34.058716	52.379906	-203.98753	57.991417	69.0989	4530.516480445862
146	-101.32431	128.12285	44.914673	-572.2312	-131.6634	138.8426	1.6794963	-431.82758	67.458336	74.5	730000	-58.948	34.411892	52.206676	-199.66559	57.913155	70.26063	4562.323338985443
147	-129.43517	199.63863	44.69425	-1110.7795	-110.85657	137.34193	3.0151846	-388.97275	83.196724	59.1	735000	-58.544533	34.265263	49.930553	-210.33536	57.52059	69.65279	4595.784153461456
148	-110.08237	127.50596	9.500207	-560.0555	-333.5888	879.4192	-9.174747	-2970.6765	76.106064	136.3	740000	-58.508087	34.374336	49.9799	-193.83865	57.49338	70.256546	4632.004893779755
149	-88.91374	137.28444	80.238884	-1052.6593	-57.827995	67.62606	-5.899242	-244.33954	60.011906	67.2	745000	-58.283382	34.046978	56.47429	-202.98375	57.24985	70.241745	4667.614506244659
150	-100.40586	152.1931	15.422031	-1052.5859	-31.682257	52.05546	14.215262	-183.86603	68.39726	42.8	750000	-58.04949	34.213936	52.798855	-195.5578	57.039005	69.47675	4704.484105348587
151	-123.46572	156.93001	13.174316	-685.2749	-102.416626	137.96962	8.355782	-417.47092	79.06349	50.9	755000	-58.47622	34.697994	52.817665	-200.13083	57.46665	71.66641	4740.974044799805
152	-116.348206	155.73941	68.33722	-693.541	-154.61226	222.85399	-0.34297818	-702.69806	79.52381	78.0	760000	-58.111862	34.423805	58.308662	-196.73766	57.10182	70.80069	4778.613124132156
153	-84.997574	87.373055	43.946796	-404.16748	-46.58378	52.99652	1.6547666	-165.56842	64.97369	37.7	765000	-58.189262	34.533234	59.2237	-202.6035	57.16038	70.3514	4816.072645664215
154	-71.559425	109.08155	41.37947	-761.0985	-79.14267	85.89173	-14.916456	-311.8691	58.97647	56.8	770000	-57.43952	34.103725	53.468044	-193.81976	56.411934	70.854004	4854.299496173859
155	-88.16757	124.7991	130.42932	-542.1736	-103.18528	150.203	14.345211	-500.41754	69.40845	58.8	775000	-57.15002	34.144585	50.851143	-199.97966	56.14702	69.97098	4892.4734582901
156	-95.601234	123.12358	34.22903	-480.07806	-115.83923	143.54996	-1.0773746	-478.08514	69.04054	65.6	780000	-57.102375	34.45664	53.232964	-205.18806	56.097603	69.6393	4932.028846979141
157	-134.81781	165.32765	72.53343	-700.65936	-65.85745	66.12843	19.784134	-231.19498	81.85246	45.7	785000	-56.968685	34.302055	51.61912	-204.79617	55.960396	68.76273	4971.326962709427
158	-75.25142	93.19481	105.87153	-396.20862	-75.107765	111.4806	10.781369	-372.8469	63.376625	55.9	790000	-57.00239	34.437634	51.6593	-194.66418	55.998924	69.393776	5008.5472893714905
159	-106.79998	140.16634	72.91578	-749.44293	-53.040638	84.464005	26.890512	-247.6356	75.537315	47.8	795000	-56.915337	34.253044	50.70027	-193.23587	55.925274	69.497505	5047.782098054886
160	-82.32184	111.397415	54.82495	-444.44586	-79.04492	104.09049	62.874016	-319.40082	60.47619	65.3	800000	-57.19292	34.572826	51.509357	-211.83318	56.187088	70.29172	5088.076904535294
161	-103.24097	134.67096	177.51546	-588.18933	-71.315125	128.31528	13.793425	-428.06393	75.323074	56.0	805000	-57.290512	34.447372	50.78512	-202.2122	56.294373	71.25682	5128.1117243766785
162	-99.50049	120.01808	51.58811	-543.4125	-64.46199	77.617645	2.6498158	-255.87068	70.708336	41.1	810000	-56.999348	34.457256	57.295086	-199.55267	56.023773	70.31671	5166.222776889801
163	-99.225685	106.46548	26.432873	-459.12387	-83.22264	145.55745	39.69409	-509.43088	67.85135	66.9	815000	-56.971672	34.56769	53.40782	-199.38116	55.985504	69.78885	5205.218930721283
164	-94.04115	116.96006	44.603146	-572.91095	-197.52414	341.064	23.304565	-1147.07	73.48529	79.7	820000	-56.79224	34.664726	49.442097	-203.77864	55.804184	69.30912	5245.267573356628
165	-99.88662	140.46579	91.73524	-660.4172	-130.15633	91.832245	-14.603749	-321.96054	74.35821	86.5	825000	-56.92546	34.776817	50.587063	-207.06734	55.943935	70.84786	5283.9850924015045
166	-121.14419	148.1918	29.10587	-778.5995	-70.03595	88.42502	-2.0004728	-304.58545	72.202896	52.9	830000	-56.902607	34.8896	52.705315	-208.17412	55.899136	71.52246	5322.154525518417
167	-106.17858	199.3555	82.20634	-1107.1674	-26.842834	36.311153	9.992743	-112.59811	71.07143	43.8	835000	-56.403008	34.371555	51.042503	-198.41103	55.377747	70.9444	5360.298700332642
168	-85.90372	119.376144	113.26141	-551.57715	-67.51137	103.71504	88.50789	-294.16476	66.76316	69.1	840000	-55.65618	34.481686	53.445038	-195.53035	54.665638	69.81773	5399.986351728439
169	-82.52362	91.57668	55.315327	-381.59262	-99.466644	117.79468	53.15188	-386.3374	61.530865	64.2	845000	-55.552788	34.837177	57.133606	-200.46017	54.561836	69.80001	5438.33562874794
170	-106.68384	146.80975	53.43957	-961.0595	-141.39432	205.2844	-15.94289	-735.3714	68.830986	70.0	850000	-55.35607	34.820393	52.222824	-205.77214	54.344254	70.28981	5476.972440958023
171	-102.17087	136.78442	53.30711	-622.1184	-74.261635	130.41716	22.111992	-443.5395	72.26761	61.7	855000	-55.417583	34.554485	55.027176	-202.8296	54.446114	69.91083	5516.785735607147
172	-66.44715	98.423874	77.08622	-481.30383	-83.37638	153.47974	0.86910784	-537.3871	69.53521	65.9	860000	-55.495636	34.736042	54.130707	-207.0048	54.502632	69.18746	5555.876095533371
173	-87.46264	104.51317	43.748302	-563.2101	-55.124092	60.640644	-4.0989633	-224.56598	61.22222	52.4	865000	-55.43546	34.89243	55.435486	-206.94406	54.452435	70.58736	5595.063656330109
174	-101.24739	147.09329	82.10577	-842.49005	-62.80108	68.46604	82.64185	-199.09117	70.23943	60.9	870000	-55.283524	34.718143	54.365498	-204.5149	54.298332	70.83312	5634.153235912323
175	-117.55567	147.29083	46.927147	-635.7662	-130.01164	179.71219	4.425375	-500.1724	77.84615	60.5	875000	-55.284855	34.57848	54.2331	-201.23451	54.306004	70.05462	5672.978653669357
176	-119.8558	140.6839	23.404835	-625.26965	-50.445232	138.34703	215.54863	-332.93027	73.347824	63.0	880000	-54.944534	34.667053	54.301556	-201.12823	53.958023	71.4396	5712.241771697998
177	-98.22607	159.78065	74.28398	-749.0293	-128.2607	171.30316	-2.504128	-604.0994	74.17911	65.9	885000	-54.473347	34.626396	57.984825	-204.59962	53.468956	71.44997	5751.368009328842
178	-102.60444	127.45197	70.98777	-607.3869	-66.42268	103.43556	70.1264	-275.5551	68.43662	48.5	890000	-54.262268	34.790436	49.263542	-199.59822	53.28352	70.498245	5789.418491840363
179	-147.78566	167.03319	18.077944	-665.8457	-43.05854	46.128223	6.713121	-158.44571	83.19355	39.6	895000	-54.234608	34.91532	55.821335	-199.56696	53.247	70.62724	5827.775899648666
180	-83.562546	152.56325	37.921715	-1166.0157	-409.5888	833.46576	-9.889105	-2882.773	58.104652	166.6	900000	-54.722633	34.979034	57.825443	-203.72511	53.745365	70.96207	5868.569076299667
181	-118.86476	157.7038	17.96469	-796.36285	-57.94145	82.48778	8.34193	-269.64926	76.815384	45.8	905000	-54.62761	35.076466	55.43428	-205.4143	53.64752	71.3259	5906.868544816971
182	-111.72049	123.27675	126.8403	-549.0835	-148.37537	138.00406	-15.296338	-422.06558	73.088234	70.2	910000	-54.921776	35.576794	52.300373	-204.37573	53.924175	73.184166	5944.85707950592
183	-98.32656	151.4045	34.39667	-904.78503	-45.50508	42.841156	16.1176	-98.18964	66.447365	52.1	915000	-55.27355	35.05982	54.39382	-200.65747	54.296883	72.41152	5982.573713302612
184	-129.2343	232.67229	92.866104	-1346.5575	-79.12758	99.876045	8.2608595	-336.46207	71.565216	58.9	920000	-54.86724	35.28366	51.338333	-230.45842	53.884506	72.02249	6018.400161981583
185	-111.343506	132.94914	21.701859	-586.4563	-54.69523	53.18885	15.082137	-135.77203	74.32836	50.3	925000	-54.537556	35.26268	54.448555	-233.26204	53.575607	72.12352	6055.190315008163
186	-129.53137	153.86383	94.62165	-516.7671	-128.77773	192.77177	13.959729	-526.3105	86.01695	57.4	930000	-55.241623	35.27674	54.020325	-226.34827	54.29069	72.93381	6093.040863990784
187	-115.7422	191.58644	73.90546	-1298.6442	-44.40403	34.61787	13.846263	-100.30441	75.43939	46.5	935000	-55.408478	35.192913	55.84558	-234.85695	54.444202	73.511536	6129.4593250751495
188	-140.74889	177.59842	41.60375	-760.7779	-103.05558	137.80629	2.695301	-458.01508	83.881355	77.0	940000	-55.206333	35.212223	52.433598	-226.81203	54.248837	72.97663	6165.56444811821
189	-134.06483	183.72813	41.467724	-760.39	-87.58708	80.686386	-4.1866474	-260.4399	77.16923	59.6	945000	-55.37912	35.29092	58.1549	-231.46788	54.407745	73.17909	6201.3603727817535
190	-73.62503	94.88443	102.50493	-376.89752	-16.482418	29.996819	12.388613	-92.978264	63.07595	57.7	950000	-54.63446	35.36137	56.718662	-244.32094	53.62603	73.033646	6237.42639541626
191	-109.14094	130.85535	69.69208	-612.7818	-74.60026	95.30608	2.9440737	-332.33777	82.77049	46.5	955000	-54.861332	35.335167	59.498306	-223.76982	53.902145	73.73203	6273.298650979996
192	-106.25539	131.99529	51.43601	-699.736	-17.771118	25.541437	13.652419	-69.7623	69.875	32.0	960000	-54.308582	34.854725	59.398926	-237.37932	53.334316	73.05754	6308.026342153549
193	-108.130165	158.37198	78.789764	-740.4929	-369.628	862.8623	-14.515525	-2956.6233	67.5946	155.7	965000	-54.4105	34.876423	62.651707	-235.55405	53.439655	71.89195	6345.343479633331
194	-63.878944	88.27246	71.26105	-527.08057	-66.172424	56.406483	16.60581	-143.38976	56.850574	51.2	970000	-53.535103	34.852432	54.08868	-222.89995	52.53297	71.87925	6378.510195732117
195	-92.6628	129.95993	90.09347	-592.6693	-28.711102	30.259129	25.805973	-101.28989	68.65753	44.2	975000	-53.174477	34.65619	52.59352	-224.19157	52.201607	71.209724	6411.612713336945
196	-59.3775	104.18642	212.47498	-563.123	-47.50591	70.754425	34.72474	-228.57512	53.880436	55.2	980000	-53.131084	34.79572	54.395546	-216.65523	52.166008	71.14816	6444.303266763687
197	-105.96025	169.28473	93.58254	-808.7442	-82.420944	78.44215	2.0956197	-189.01074	70.06944	70.9	985000	-53.451202	35.124454	56.733284	-225.8712	52.48501	72.292015	6477.536830186844
198	-86.02199	145.39014	102.02793	-708.88	-78.930374	105.33529	2.89169	-341.02658	66.32895	52.2	990000	-53.162285	35.55341	53.469986	-228.32298	52.17281	73.028275	6510.565405845642
199	-86.768555	117.0023	64.51371	-623.1557	-119.012436	122.0768	-2.527111	-339.03516	73.140625	81.5	995000	-53.073357	35.303642	58.09724	-237.83073	52.09641	72.82126	6542.644484043121
200	-106.28578	156.94672	42.666607	-982.4295	-68.19277	75.4854	19.851492	-183.75383	73.05556	65.0	1000000	-53.026722	35.28247	57.526783	-224.06989	52.04341	73.00944	6576.397284984589
201	-82.964714	163.33244	53.017147	-1163.2256	-37.088943	43.076412	-4.743749	-156.34892	59.17647	43.2	1005000	-52.63713	35.068974	55.418663	-224.30113	51.660866	72.544586	6609.242225646973
202	-95.56535	129.08617	71.75564	-722.8435	-78.919205	146.1269	17.951855	-430.25607	65.82895	40.4	1010000	-52.32492	34.882137	54.86328	-235.92934	51.324173	71.99338	6642.182445049286
203	-92.868805	112.47846	39.774883	-488.74304	-97.203285	87.080795	-14.871387	-302.36136	69.59155	68.5	1015000	-52.393314	34.983334	51.573788	-227.94623	51.416748	73.24432	6674.540165901184
204	-70.01841	119.201645	53.77156	-613.29407	-76.35094	67.12586	-2.767442	-204.91032	65.454544	62.6	1020000	-52.17012	35.051464	53.942844	-211.2435	51.199932	73.32732	6706.373780965805
205	-108.49758	131.04024	34.551662	-624.3534	-23.309948	38.51042	34.662365	-114.069115	73.028984	30.8	1025000	-51.796024	35.095238	53.471645	-208.74374	50.795155	73.37883	6737.909279346466
206	-68.95705	128.27014	238.3231	-636.8424	-37.591152	68.87658	51.1682	-172.50534	62.2	59.9	1030000	-51.579483	35.35217	57.467503	-223.02936	50.574276	75.491684	6770.306602478027
207	-91.22962	131.0147	88.06881	-654.07886	-61.043465	118.526115	13.408522	-402.36786	64.88312	57.5	1035000	-51.01544	34.88837	55.909824	-214.89532	50.01105	73.82528	6802.174435138702
208	-141.03017	230.64705	139.81259	-1456.5367	-47.13494	34.741314	2.1211805	-113.8218	85.67242	38.2	1040000	-50.808636	34.969425	54.378155	-210.96217	49.79962	74.39965	6834.5418612957
209	-79.64406	120.04684	39.542915	-484.15027	-331.91992	820.9221	59.17883	-2782.1501	65.545456	152.5	1045000	-50.030483	35.211338	53.312637	-217.59953	49.033974	73.22243	6868.556133270264
210	-84.07747	122.8762	77.70869	-666.34314	-98.4272	114.96034	-18.598145	-391.0811	65.11842	59.5	1050000	-50.269726	35.490128	56.0288	-202.09642	49.27602	76.132706	6900.650967597961
211	-82.183266	139.27792	99.34344	-806.9939	-46.865353	27.575777	-4.2400417	-96.52142	71.056335	61.9	1055000	-50.173046	34.849216	54.429207	-205.2811	49.163273	75.27645	6933.48282623291
212	-98.12889	141.7914	127.4436	-787.25275	-93.239944	88.15136	-0.27759963	-314.58817	71.6	63.1	1060000	-49.735252	34.77947	55.13715	-237.95348	48.71895	75.05326	6967.028696775436
213	-96.57284	154.4468	62.983273	-1067.6897	-75.59348	115.58789	73.10745	-321.49603	74.477615	56.8	1065000	-49.19873	34.5782	60.920765	-233.29315	48.199936	75.51515	6999.118370056152
214	-163.28044	204.00882	52.8415	-1054.7617	-85.36284	90.53462	-15.266571	-304.66464	97.84314	66.9	1070000	-48.82092	34.986534	56.181347	-209.63333	47.823143	76.99163	7030.8814907073975
215	-82.510956	102.738625	85.96761	-415.10605	-52.514782	54.650314	-8.262669	-201.845	61.30488	58.6	1075000	-48.301735	35.141754	59.560932	-225.57614	47.273968	77.92585	7063.210228443146
216	-128.79088	259.26947	60.50256	-1485.0453	-54.1019	38.644577	-4.8327026	-113.79921	78.63492	53.5	1080000	-47.904415	34.99552	59.03315	-238.57913	46.90029	76.35873	7095.556417942047
217	-96.90063	157.50601	69.837654	-1169.6814	-82.57359	105.715706	30.729721	-301.8711	67.13333	60.7	1085000	-48.24161	34.666542	56.57333	-223.46053	47.263718	76.74496	7128.863781452179
218	-86.55299	127.08492	42.40049	-830.63074	-27.596899	50.886616	57.04318	-122.873924	60.228916	59.0	1090000	-48.653606	34.80685	57.269337	-240.55576	47.67972	77.62285	7161.020086765289
219	-105.90801	148.53056	116.39789	-799.94824	-70.57562	107.57729	50.17714	-341.91205	76.87692	67.4	1095000	-47.846375	34.589806	56.505775	-234.86458	46.85887	78.521385	7194.806830883026
220	-117.71583	158.44974	40.367386	-690.1667	-65.562065	61.439198	0.19221951	-206.57272	79.951614	68.5	1100000	-47.047993	34.770515	59.027527	-244.20387	46.028885	78.105255	7227.53681230545
221	-90.59063	108.606384	45.820675	-430.1273	-137.85019	112.02301	-28.040693	-391.99335	67.22973	67.6	1105000	-46.386272	34.454685	58.172726	-218.12596	45.3736	76.97415	7260.759306430817
222	-83.79452	153.879	150.16467	-1024.0797	-48.70089	58.07081	-0.07075038	-205.49962	63.1	42.7	1110000	-46.627766	34.52345	53.935402	-242.27257	45.650723	76.922134	7293.952707290649
223	-120.23371	171.719	11.993569	-952.36035	-46.111427	51.188152	13.378506	-134.05139	81.064514	50.7	1115000	-46.240593	34.623688	59.178856	-223.81302	45.250156	77.30831	7326.844095945358
224	-92.518105	137.39644	102.40337	-689.5026	-40.528713	83.1656	72.835175	-241.3128	79.67742	53.0	1120000	-46.097706	34.678032	55.427444	-227.85957	45.105553	77.752174	7359.399036884308
225	-96.92773	150.33612	103.13572	-843.91815	-38.972977	36.89782	-4.136173	-125.33566	73.27536	42.1	1125000	-46.166344	34.486816	54.058296	-214.47493	45.194046	77.803795	7392.45702290535
226	-104.245285	145.30571	46.021526	-683.4509	-46.351112	70.966675	20.241978	-241.01576	68.65753	71.8	1130000	-45.90249	34.362114	65.5178	-222.95695	44.925686	77.874535	7425.264904499054
227	-70.2294	109.23507	95.45992	-664.8169	-23.022131	49.801186	46.55373	-141.27821	63.61039	40.4	1135000	-45.6168	34.83601	61.47958	-209.67824	44.63721	77.19801	7457.065184354782
228	-72.985794	82.29647	33.840626	-362.57898	-120.21342	205.90909	185.06801	-524.6478	61.658535	72.7	1140000	-45.08402	34.813442	56.23281	-222.54247	44.074745	78.40228	7490.519147157669
229	-97.97659	149.52112	49.151398	-864.58685	-73.85173	115.61832	48.423744	-388.3059	68.958336	89.5	1145000	-44.379486	34.1345	57.431274	-232.44193	43.38819	77.26709	7523.485063552856
230	-99.56137	141.73123	61.07667	-753.9526	-69.85196	105.69109	15.251859	-338.3403	70.013885	61.1	1150000	-44.30173	34.28804	56.94039	-224.0363	43.3552	76.992645	7556.793101787567
231	-73.6205	107.747086	64.00774	-710.7902	-42.896217	62.144863	-1.314618	-218.0473	58.411766	38.6	1155000	-43.76037	34.296715	55.89358	-231.9257	42.81096	77.242935	7590.5572056770325
232	-112.32375	127.76496	58.712875	-533.6836	-33.320637	35.405155	33.53681	-86.8259	76.833336	49.2	1160000	-43.365337	33.984577	56.448597	-213.72412	42.41371	75.94337	7623.218029975891
233	-51.589233	57.225315	39.693848	-291.58295	-24.542402	22.069633	5.5461955	-62.95597	49.71	30.4	1165000	-43.449585	34.053528	61.932552	-228.1411	42.505783	76.514786	7655.367832899094
234	-100.03752	154.60114	56.18245	-806.5269	-45.177696	38.572296	8.101473	-123.76989	73.0	39.9	1170000	-42.722958	33.851086	59.643223	-212.26584	41.76158	77.1734	7688.171071767807
235	-81.82393	113.65964	65.680595	-459.16367	-99.636475	99.93349	-2.1568575	-341.8883	65.50667	56.8	1175000	-42.508793	33.769215	61.010536	-212.19043	41.569565	77.91054	7720.745368719101
236	-76.90783	102.668655	80.72266	-431.3584	-66.76816	120.41003	0.1649662	-389.0585	66.333336	50.3	1180000	-42.559322	33.393078	57.724174	-224.21228	41.632843	76.85056	7753.470663309097
237	-97.10924	196.78204	46.586254	-1209.9391	-88.43488	113.830284	2.016753	-368.2688	69.01351	55.1	1185000	-42.388077	33.456665	60.902138	-237.32596	41.461533	78.41609	7786.991623401642
238	-89.97933	129.2641	75.85771	-679.0534	-58.683754	106.21852	58.60678	-360.19327	70.92857	56.4	1190000	-41.886864	33.067104	56.288727	-240.66248	40.95779	79.08932	7820.034684896469
239	-99.57195	122.52317	81.027824	-489.3113	-66.56555	66.174805	1.7328672	-180.44183	73.60294	63.6	1195000	-41.472343	33.135788	59.289112	-212.53479	40.543037	78.93183	7853.835590362549
240	-68.466125	105.8563	112.30263	-431.67776	-138.50343	222.4525	15.904464	-714.39856	62.810127	84.7	1200000	-40.982975	33.205807	60.55172	-208.61906	40.029266	78.57049	7888.057250261307
241	-84.55973	171.11461	90.729195	-893.80524	-35.10249	50.318474	16.232145	-140.23062	67.2	39.0	1205000	-40.352467	33.172432	55.457726	-211.99417	39.425594	79.75819	7920.720589876175
242	-80.26293	150.58339	70.876724	-1036.9877	-172.1323	428.7277	12.783427	-1456.1666	68.59722	97.9	1210000	-40.01215	32.868397	62.515575	-234.83751	39.073406	78.98244	7954.707824468613
243	-71.61389	100.82837	30.969248	-539.53064	-53.811626	70.238205	1.6449518	-248.96484	70.88571	48.4	1215000	-39.92229	33.142647	61.288994	-235.31429	38.990623	80.10953	7987.946096897125
244	-89.20772	113.19495	82.39742	-410.95435	-97.9175	188.53003	34.871117	-651.6938	75.27941	62.7	1220000	-39.38213	32.891743	62.355324	-244.39777	38.45475	79.833534	8021.007546901703
245	-85.507416	121.13846	114.95091	-765.8641	-115.75289	113.98639	2.5536008	-394.50958	68.054794	75.8	1225000	-39.486805	32.766895	61.539192	-242.35184	38.54481	80.0004	8055.323958158493
246	-78.484726	110.956215	79.54592	-461.7658	-78.85525	62.60299	-0.7900993	-181.58559	65.181816	51.3	1230000	-38.73892	32.57823	58.61179	-218.76808	37.801228	78.868614	8089.174563884735
247	-151.25035	181.75449	54.475056	-794.84454	-186.74475	213.78165	50.76532	-556.723	96.70588	88.6	1235000	-38.289852	32.33413	56.361237	-223.63683	37.35669	79.13436	8122.916215419769
248	-115.463234	177.19008	46.114777	-872.9229	-79.67602	115.11525	26.41152	-401.658	84.416664	61.1	1240000	-38.400757	32.243263	61.116684	-243.44579	37.49604	79.929245	8156.895169734955
249	-79.188965	118.542114	111.92731	-610.5942	-124.09835	120.85584	-5.1607566	-355.28033	65.155846	85.8	1245000	-38.262924	32.42007	63.453045	-234.5064	37.351406	79.64134	8190.503620862961
250	-128.92128	209.38657	166.1261	-844.273	-50.297558	70.68475	10.510688	-231.17491	87.789474	55.9	1250000	-37.871918	32.39513	61.027443	-220.41689	36.944443	78.9189	8225.141997337341
251	-119.231865	151.022	81.948006	-711.09656	-21.85692	61.775204	95.97324	-155.71375	81.2459	56.2	1255000	-37.746296	32.36607	60.7822	-213.51675	36.8368	78.9931	8258.760625839233
252	-79.0813	140.14685	82.80338	-858.5059	-51.566334	40.128033	7.047983	-95.46956	67.702705	46.3	1260000	-37.946648	32.459465	59.487778	-208.83351	37.046482	79.88729	8292.57584309578
253	-101.1414	166.45416	55.103954	-1107.6824	-139.24852	208.41438	0.86604005	-738.1231	68.53425	97.2	1265000	-37.33298	32.015625	56.798695	-235.72615	36.3998	77.453674	8327.02741765976
254	-91.51766	158.78291	180.023	-944.48627	-192.79846	240.93362	7.4067755	-714.6087	73.17647	97.8	1270000	-36.65311	31.642803	58.74579	-209.04163	35.74148	76.12509	8361.153817415237
255	-89.2609	138.24068	45.80221	-625.13556	-198.20915	295.00443	-3.922222	-1044.0038	80.870964	104.3	1275000	-36.45577	31.85401	62.101166	-212.66536	35.56246	77.57977	8395.56784439087
256	-76.45654	135.51328	21.016006	-1023.4332	-70.00017	170.00383	61.860962	-569.861	63.759495	63.1	1280000	-36.688114	31.7285	62.400436	-213.82755	35.81363	76.79528	8429.797558784485
257	-92.60898	141.79056	55.011803	-835.47833	-19.685482	54.46344	55.15391	-144.10359	68.53425	40.3	1285000	-36.58076	31.881584	55.098053	-232.62701	35.67861	76.79757	8464.065657615662
258	-96.44203	196.91733	210.0963	-1216.5746	-86.603516	206.16736	25.711664	-698.97736	66.52702	64.9	1290000	-36.600124	32.251724	59.149685	-236.34631	35.704754	78.16664	8497.66510128975
259	-91.41995	145.67809	59.598255	-755.6177	-109.148575	175.87599	-18.340963	-629.5765	71.42857	64.7	1295000	-36.21627	32.14259	58.019764	-220.94943	35.312904	77.929886	8532.356441497803
260	-74.32409	109.03757	52.71969	-458.91486	-43.136486	61.716873	20.86328	-155.41539	64.5	53.2	1300000	-36.087257	32.224606	59.615997	-232.72563	35.185886	77.01301	8566.552504301071
261	-113.55354	147.30981	23.33674	-647.016	-68.546165	81.87009	9.671987	-200.39807	74.02857	68.6	1305000	-35.91088	32.36035	56.25134	-235.97412	35.001392	77.97876	8601.186280488968
262	-103.65394	194.1187	50.78514	-1093.3188	-82.623795	91.59695	36.57579	-256.65784	73.35821	63.6	1310000	-35.734318	32.234245	66.83558	-220.22124	34.859524	77.10767	8635.396622419357
263	-102.26875	128.00787	88.40058	-626.8951	-69.279205	88.622314	17.301876	-233.81146	78.703125	67.3	1315000	-36.14275	32.17918	68.9243	-218.37376	35.26646	78.14543	8669.996142148972
264	-79.58368	114.06498	119.01011	-615.8118	-61.864727	167.40038	64.09179	-557.35986	72.64616	49.5	1320000	-36.302444	32.270042	56.038883	-210.68689	35.432312	77.349785	8703.26139998436
265	-87.408676	145.82297	132.66258	-786.0248	-76.92826	112.25832	75.18755	-316.2043	67.24051	64.3	1325000	-36.211094	32.037052	57.337902	-221.48514	35.336544	76.5133	8739.016144990921
266	-69.30516	100.062546	55.39619	-503.62045	-105.132835	152.65616	24.239912	-522.70825	61.76543	76.3	1330000	-35.893215	32.11668	63.394592	-218.30785	35.01496	76.32679	8773.815131425858
267	-90.93325	123.2074	45.91643	-542.4293	-134.54294	93.44678	-31.67608	-313.13248	66.253334	91.9	1335000	-35.567425	32.13525	55.883392	-216.20189	34.678337	76.345375	8808.027281999588
268	-62.306602	97.235466	106.13019	-540.225	-65.404175	73.40414	-2.8820012	-230.42542	64.551285	57.1	1340000	-35.67719	31.971645	57.89427	-215.45953	34.80655	75.532906	8843.110998630524
269	-99.51649	124.74995	90.29914	-586.32635	-58.641796	81.27883	-7.1586757	-289.65887	74.30303	45.2	1345000	-35.501907	31.809925	57.79516	-233.60834	34.619648	75.25018	8876.936963319778
270	-102.71018	131.73766	64.055405	-524.2567	-65.597305	77.7305	47.57987	-234.2185	69.95775	58.9	1350000	-34.98771	31.855896	60.270515	-233.36243	34.10828	74.881424	8911.942168474197
271	-122.02679	160.782	57.17241	-664.9185	-34.231297	71.49438	14.033079	-240.23026	85.26667	47.0	1355000	-34.904514	32.033516	69.573616	-231.72305	34.042522	75.1978	8947.977220535278
272	-93.02312	134.91614	17.852816	-629.8417	-94.30303	189.27937	-4.2600327	-658.32874	66.0	48.5	1360000	-35.246433	32.08318	65.84254	-202.60887	34.392113	76.221146	8982.083117246628
273	-56.007652	75.49299	45.573048	-312.9477	-57.33914	72.96332	-16.708368	-264.99585	56.08989	34.4	1365000	-35.297688	32.153954	59.256115	-239.39136	34.43911	74.99165	9016.387193202972
274	-71.72443	130.97122	131.82298	-884.0126	-57.06665	69.816986	22.92564	-193.43034	59.807228	52.2	1370000	-35.069412	31.630562	60.28135	-224.91579	34.216274	73.04039	9051.154489278793
275	-113.13321	167.60718	103.00096	-943.95514	-35.759056	35.033962	-2.043525	-132.0773	81.04918	37.0	1375000	-34.871864	31.964914	54.37886	-235.29984	34.02979	75.46473	9086.171504974365
276	-138.41936	176.50916	23.232647	-698.3939	-82.75395	108.773445	1.7100177	-381.371	82.96722	74.5	1380000	-34.897556	31.770844	58.160217	-234.89748	34.0469	74.204445	9122.443846940994
277	-86.07885	130.74464	44.42133	-706.3285	-27.317608	46.942375	77.68268	-114.54572	66.4	40.2	1385000	-34.999847	31.499264	58.5513	-222.82062	34.146362	73.47248	9157.785563230515
278	-89.97338	161.7641	105.42749	-940.8861	-106.894394	184.06866	25.658201	-628.88995	70.02778	71.2	1390000	-35.310387	31.659155	58.2152	-239.202	34.463326	73.49292	9192.615693807602
279	-75.640785	106.33039	66.15428	-501.9591	-62.288574	68.96913	58.99788	-168.94073	64.766235	57.9	1395000	-34.624043	31.462263	56.928383	-209.80353	33.762974	73.60319	9227.317210197449
280	-94.51578	154.55284	48.82473	-938.7214	-98.09753	161.05547	9.486015	-559.7071	69.18056	80.0	1400000	-35.11928	31.818047	57.76824	-218.12271	34.272045	73.26898	9262.791324615479
281	-147.19388	230.02379	145.39853	-960.45184	-63.842144	80.75112	-8.116672	-283.7452	93.0	54.2	1405000	-35.42007	31.96817	61.936657	-206.0469	34.56481	75.71489	9298.75140619278
282	-102.72416	147.23726	88.2841	-680.65735	-113.47154	78.446724	-14.154756	-253.58942	71.03077	76.0	1410000	-35.59904	31.926088	62.487877	-217.81848	34.74301	76.02243	9332.36433005333
283	-125.9093	232.71075	106.7318	-1388.708	-91.45015	178.7734	23.140743	-613.5491	83.215385	54.1	1415000	-35.42378	31.994616	59.643196	-234.72546	34.591938	74.46374	9368.34446644783
284	-91.93504	156.80388	56.611965	-803.9956	-71.08997	73.97372	-6.5083985	-250.8811	73.31343	50.0	1420000	-35.09042	32.074993	60.48337	-240.96068	34.241768	75.2264	9403.284018278122
285	-101.022835	164.77577	213.36716	-867.5292	-33.321243	31.782177	7.9979377	-110.41721	74.39706	45.8	1425000	-34.23512	32.04265	58.202126	-240.85652	33.36336	74.90663	9439.394807577133
286	-79.52389	100.095535	84.48935	-576.16675	-31.096554	45.22121	-2.0667055	-162.47339	73.911766	28.4	1430000	-34.18101	32.11284	55.148846	-223.90813	33.33806	74.62391	9474.228267908096
287	-106.81778	155.51659	61.924747	-798.0672	-75.765656	132.2925	9.229372	-443.81516	74.31343	45.1	1435000	-34.65672	31.849495	57.6418	-234.85287	33.81794	73.78377	9508.712253570557
288	-103.65028	137.93233	79.09376	-652.18085	-61.413765	48.671036	-5.30749	-147.2449	71.666664	72.7	1440000	-34.532635	31.815456	56.48967	-235.7668	33.69847	73.52081	9544.027599811554
289	-87.426636	135.03233	99.46817	-655.65283	-311.25894	802.7667	10.734189	-2718.1987	74.39706	138.7	1445000	-34.86508	31.994892	59.47547	-222.0399	34.021862	75.08911	9581.016526699066
290	-100.243866	128.61946	51.769146	-518.538	-97.8375	110.05319	-10.4223995	-399.0164	77.296875	60.3	1450000	-34.774475	31.69685	58.54392	-234.97777	33.923794	73.69302	9615.977036237717
291	-70.48332	103.6407	106.75526	-516.4973	-88.70039	131.77943	0.21855775	-463.18262	61.07317	72.5	1455000	-34.76245	32.171577	55.92089	-216.69527	33.907185	75.307884	9651.27487373352
292	-94.36607	139.92162	137.16998	-659.5259	-71.70098	110.51341	19.683651	-345.6084	72.2	62.0	1460000	-34.69233	32.141632	58.10655	-212.54808	33.865402	75.33903	9686.50921344757
293	-70.06929	135.30261	128.82454	-1006.7354	-61.46341	60.049107	3.701262	-172.08873	61.95062	49.8	1465000	-34.71339	32.27505	54.830166	-229.83134	33.858414	74.842415	9721.806215286255
294	-95.461075	118.94419	82.04001	-518.66144	-87.35907	60.73182	-39.311306	-235.7664	78.95238	63.2	1470000	-34.599308	32.083107	55.30478	-225.84953	33.761032	74.267456	9758.102045297623
295	-98.72451	116.34713	42.33217	-470.21472	-96.44412	121.86812	-19.22478	-450.52698	65.93421	70.6	1475000	-34.623314	31.834444	61.83137	-229.45506	33.793972	73.6585	9794.669374704361
296	-91.55025	113.20867	28.246412	-508.26706	-37.964436	68.73115	7.366895	-221.84482	74.55224	45.9	1480000	-35.054096	31.666475	61.6039	-208.20982	34.229378	73.312744	9830.060332298279
297	-88.105064	145.20363	53.878914	-939.52844	-19.842981	13.471206	1.3731039	-45.17981	68.712326	42.1	1485000	-34.549973	31.837114	57.831974	-230.07744	33.72199	73.26089	9865.113978385925
298	-72.769005	122.13542	64.13671	-570.5296	-69.40508	120.68269	155.40605	-351.73016	66.51351	59.2	1490000	-34.670605	31.717558	54.952156	-215.2136	33.86041	73.47236	9900.267066001892
299	-106.38988	155.62215	58.155327	-801.2786	-71.290924	177.00659	104.92248	-571.64685	70.40278	57.6	1495000	-34.61691	32.028545	56.903816	-219.05634	33.779938	73.474655	9936.650027275085
300	-74.22705	112.03216	58.89955	-477.49435	-38.90457	52.21385	8.27107	-174.92213	64.15385	40.6	1500000	-34.72024	31.780558	57.639687	-229.4802	33.87344	73.75473	9972.341262578964
301	-72.17006	105.81161	50.62912	-622.149	-106.03682	119.201485	8.920778	-304.2768	56.896553	63.8	1505000	-34.32926	31.360495	53.41867	-205.70363	33.497906	72.41857	10006.85495018959
302	-87.52708	140.65344	47.730797	-689.4157	-87.80336	145.10065	123.03283	-383.97626	63.075	73.9	1510000	-33.850216	31.241484	56.17893	-232.4511	33.026672	71.19728	10042.285465478897
303	-110.10663	167.52646	52.08548	-854.9132	-86.23732	76.39762	-0.17013356	-274.06897	77.9375	78.5	1515000	-33.9497	31.244755	62.58873	-226.26746	33.106857	70.99494	10077.946166992188
304	-98.58866	175.44328	68.55064	-1085.9025	-71.33966	91.24097	7.1636953	-309.25723	78.0	48.4	1520000	-34.387165	31.608883	56.513546	-201.47533	33.56461	72.031685	10112.847088098526
305	-85.41758	121.32219	107.310745	-568.7649	-29.975498	41.514854	26.089504	-117.34273	71.40845	49.9	1525000	-34.194794	31.98106	60.91859	-214.91582	33.35244	73.82441	10147.789828062057
306	-75.54316	134.61272	139.84816	-575.6344	-139.34425	194.80722	8.473462	-636.6443	68.68493	75.8	1530000	-34.267666	31.81746	57.064617	-204.76509	33.433594	73.04008	10182.836852550507
307	-100.18881	136.47714	106.0033	-685.26953	-87.99339	143.69373	22.426382	-475.22476	76.01515	61.3	1535000	-34.2541	32.079575	57.299656	-222.42381	33.41948	73.52393	10216.03514957428
308	-135.39114	245.85858	196.25943	-1498.021	-167.25754	174.7492	22.65234	-465.94305	96.5098	84.8	1540000	-34.140656	31.861267	56.330395	-227.43951	33.292725	72.979095	10248.397675514221
309	-111.152794	199.30222	113.93184	-1304.9333	-26.11504	41.56757	31.393965	-113.252625	82.66071	47.8	1545000	-33.64342	31.751467	64.814606	-229.87042	32.803917	72.258125	10280.644884109497
310	-145.2963	190.24101	99.78039	-889.06464	-60.170387	72.736855	31.337292	-222.9473	93.75862	50.0	1550000	-34.221195	31.800129	56.238	-228.67291	33.40448	72.29796	10314.146700620651
311	-109.02136	163.91803	50.193264	-939.1149	-51.0978	64.72508	-2.7827566	-228.56087	76.09091	37.2	1555000	-34.258087	31.896973	60.947807	-232.39044	33.437885	72.75653	10346.19162106514
312	-89.23156	180.78712	52.35084	-893.8039	-70.581375	66.32118	2.1206348	-196.36035	77.666664	61.8	1560000	-34.145584	31.767935	57.02597	-232.03082	33.301273	72.17558	10379.158830404282
313	-111.16912	159.58759	58.27282	-692.9492	-118.50734	159.90459	2.8144407	-539.5252	85.066666	68.1	1565000	-34.030544	32.142128	57.24722	-206.68471	33.19908	72.72236	10411.98072886467
314	-87.840706	123.588	73.20203	-671.5977	-195.70955	229.35179	9.4126215	-667.55457	79.80645	85.8	1570000	-33.83771	32.169262	64.04601	-229.8633	32.991108	72.360344	10444.269973754883
315	-111.42259	126.84343	26.3413	-458.46783	-53.995262	36.784306	-13.710253	-130.73076	81.19355	43.2	1575000	-34.012455	31.860537	58.64644	-204.13217	33.172268	73.45411	10476.445700645447
316	-104.81475	155.59291	65.514595	-706.7655	-85.03059	77.94947	9.796701	-274.22748	82.196724	73.9	1580000	-33.793053	31.878191	56.572067	-216.84624	32.94779	71.53739	10508.631121873856
317	-53.82149	91.65581	80.439926	-377.47	-164.59073	196.49808	58.66185	-691.1018	59.25	98.5	1585000	-33.74675	31.829948	55.179195	-211.97633	32.920883	71.700645	10541.62175822258
318	-87.61898	145.60748	49.77216	-920.54425	-50.198906	53.261955	7.406001	-151.32513	70.43662	55.4	1590000	-33.958824	31.498667	55.49692	-233.59267	33.136753	70.97826	10574.150492668152
319	-109.11702	145.45651	41.426514	-625.5727	-73.38367	104.001045	63.570087	-288.88348	87.48214	67.4	1595000	-34.272305	31.873335	60.51374	-231.83379	33.454323	72.371284	10606.491916418076
320	-93.87615	114.74485	88.65438	-481.73132	-100.30699	104.61281	-2.2230043	-337.0576	73.4058	65.8	1600000	-34.184643	31.938093	66.507576	-233.97505	33.35896	72.137024	10639.26575255394
321	-98.37143	131.84209	64.13678	-546.3394	-22.900822	54.643497	32.240128	-176.02243	68.863014	39.7	1605000	-33.897015	32.238598	55.52831	-227.334	33.0627	72.509026	10671.770406246185
322	-80.053825	136.79445	81.29027	-532.4025	-76.98139	76.860855	7.2998195	-259.94904	73.0	49.5	1610000	-33.808186	32.042187	55.649498	-238.69046	32.989227	72.94057	10705.219972848892
323	-67.898994	134.13101	102.19336	-904.17957	-61.384083	51.270824	-6.9639897	-150.05322	58.717648	44.7	1615000	-33.955994	32.05247	54.267876	-228.01364	33.141098	72.26038	10737.415849208832
324	-66.38112	122.56115	87.09828	-773.00336	-108.75281	65.63239	18.527374	-187.70804	63.96154	70.8	1620000	-34.411	31.948736	59.37316	-225.19081	33.59026	72.83816	10770.082513093948
325	-81.26516	116.22787	78.92243	-507.16345	-60.4782	67.3072	4.8227963	-201.75215	66.83784	50.5	1625000	-33.979786	32.169907	61.652863	-216.36987	33.145008	72.917015	10802.842750310898
326	-116.78782	197.39659	67.941864	-925.0517	-47.159782	34.848507	3.3052974	-108.14198	81.21311	54.2	1630000	-34.070488	32.33579	59.59034	-240.14658	33.250183	73.52179	10835.237376451492
327	-82.198074	106.497795	54.764046	-485.5896	-81.31395	116.16935	12.530136	-328.22913	62.805195	53.4	1635000	-34.217396	32.371277	62.158382	-230.51096	33.38802	73.94964	10866.816426038742
328	-118.209785	206.2271	57.040592	-1239.1013	-60.592064	67.69408	0.9878148	-220.14725	82.92063	58.6	1640000	-34.039215	32.1818	54.837135	-237.0789	33.206055	72.97408	10900.540151834488
329	-94.24432	125.222305	123.38205	-597.16595	-32.381508	38.040134	-0.19698673	-132.21361	73.72059	47.8	1645000	-34.19315	31.932991	59.78153	-236.77682	33.38925	72.574356	10932.548722028732
330	-104.91137	128.83585	36.527733	-578.16925	-5.7359724	81.84401	177.2633	-91.00354	77.75	59.0	1650000	-34.457005	32.283424	62.934246	-242.00015	33.6413	73.39965	10966.100239038467
331	-95.49719	141.25719	82.93281	-707.6592	-8.339865	33.95675	63.28889	-52.15766	75.68657	51.1	1655000	-34.71702	32.50122	58.77081	-232.99077	33.896946	74.316925	10999.643860340118
332	-87.03587	121.77322	68.1558	-494.9925	-87.57365	137.62102	9.070834	-480.8502	65.63158	68.9	1660000	-34.293407	32.268826	57.470577	-219.27042	33.46245	72.98948	11032.751377105713
333	-102.42767	154.28168	109.88133	-778.8769	-61.85027	88.68815	-9.03935	-311.92114	80.96722	62.0	1665000	-34.14205	32.274162	56.552517	-234.71944	33.309135	73.561775	11065.000895023346
334	-110.022064	159.41696	136.7616	-780.0329	-90.471725	113.72193	28.661015	-394.82584	77.93846	54.3	1670000	-33.986874	32.052883	60.143703	-232.69006	33.16227	72.95298	11097.700500249863
335	-66.16777	122.52798	79.99054	-639.3544	-31.55744	77.19063	21.960188	-253.67374	68.478874	45.0	1675000	-33.957	31.936674	58.47153	-219.40404	33.127724	72.54765	11131.024963378906
336	-93.97501	148.96489	45.677013	-737.08514	-38.02018	47.112625	1.8259566	-168.72827	71.91549	48.5	1680000	-33.758713	32.191936	62.85708	-228.17043	32.9235	72.14343	11165.772271871567
337	-117.96304	197.48407	133.14651	-918.64795	-123.08313	196.17896	35.426315	-635.23126	84.29825	91.2	1685000	-33.59482	32.274204	57.759937	-241.2485	32.757893	71.822174	11199.268361330032
338	-133.66226	270.24002	151.45595	-1373.345	-64.922935	71.3133	15.341316	-188.52118	84.258064	49.9	1690000	-33.774967	32.309353	64.314384	-218.19945	32.928936	72.38889	11232.709230184555
339	-76.98128	119.57539	95.61762	-599.648	-0.21755295	56.16745	99.08585	-108.76648	64.128204	66.9	1695000	-34.09352	32.45557	57.16473	-232.93907	33.27084	72.62117	11265.807751178741
340	-110.87597	196.90546	52.87454	-1128.9464	-103.45493	193.6542	55.83599	-664.5553	80.80645	66.2	1700000	-34.020855	32.638344	60.911057	-229.63353	33.187298	73.155365	11299.22483587265
341	-69.487015	107.5653	81.67664	-564.9366	-20.529362	34.35678	5.8846803	-115.58701	67.041664	34.5	1705000	-34.02466	32.87109	61.254585	-221.73238	33.180748	74.20431	11331.794898748398
342	-100.275856	151.02335	85.48382	-674.9601	-67.94418	118.95421	43.45155	-339.4038	72.91428	63.1	1710000	-34.120037	32.71849	61.471687	-221.32668	33.297256	74.818695	11365.834082603455
343	-95.56538	153.10094	83.07678	-802.83374	-50.507652	60.893368	12.362861	-194.73029	74.01471	45.2	1715000	-34.54102	32.7274	56.299103	-230.54391	33.742416	73.328255	11399.715115308762
344	-97.74617	151.66798	85.30946	-940.7282	-65.5172	67.94746	-7.024444	-191.1393	77.2	55.6	1720000	-34.321888	32.81534	63.30182	-245.32924	33.4974	73.85875	11432.991902589798
345	-128.13881	270.01645	52.18286	-1717.3544	-42.199318	69.05812	23.121445	-190.80661	92.703705	56.4	1725000	-34.60424	32.586647	58.643448	-207.93901	33.796883	73.288414	11466.710718154907
346	-105.66358	161.16747	119.33327	-780.429	-82.623184	141.2219	63.71049	-470.46585	76.92308	71.5	1730000	-34.65502	32.642662	57.52198	-216.4075	33.852104	73.238976	11499.972952127457
347	-113.12788	166.77283	50.643204	-651.881	-55.34245	77.22251	-3.7743402	-274.87186	80.1129	64.4	1735000	-34.470394	32.435616	60.95894	-222.22266	33.67757	73.22073	11533.344730854034
348	-86.074585	114.22369	118.63655	-517.3742	-100.8661	217.84698	46.799892	-729.14655	69.0411	59.1	1740000	-34.590168	32.16828	59.654945	-221.85155	33.78498	72.80394	11566.414879083633
349	-68.93409	100.91764	48.754086	-403.0026	-38.39829	68.14015	33.72599	-199.27457	56.588234	43.4	1745000	-34.65097	32.667175	59.137135	-233.844	33.85867	73.087395	11599.189931869507
350	-55.032646	101.14899	69.81028	-504.88486	-74.52281	46.57318	0.69965494	-159.6712	59.666668	71.0	1750000	-34.286552	32.639503	59.032024	-231.28749	33.46971	73.12192	11633.759603977203
351	-75.24909	128.46246	93.12843	-689.4693	-36.311954	63.869175	58.29513	-179.97482	68.49315	39.2	1755000	-34.045788	32.73571	59.924145	-212.06949	33.244724	73.805984	11666.971955299377
352	-87.189255	139.52487	93.8925	-846.95337	-136.9741	148.57549	-7.433469	-471.60635	73.69697	70.6	1760000	-34.137497	32.763367	61.910736	-218.97772	33.321095	73.85872	11700.505012750626
353	-104.478134	151.12508	115.34202	-829.4508	-107.22423	99.9426	-4.3163075	-293.64114	88.0	78.4	1765000	-34.017506	32.706543	63.590496	-224.62953	33.199272	73.85219	11734.66145157814
354	-61.785618	110.20427	65.00252	-764.6707	-41.69322	39.770836	0.10902885	-117.33333	66.02631	55.6	1770000	-34.048946	32.5261	64.670235	-213.00563	33.227997	73.73498	11767.934026479721
355	-90.35679	157.3009	57.34071	-741.7179	-36.49169	48.824783	12.404158	-153.24962	65.13158	43.8	1775000	-33.791676	32.546593	70.04105	-231.96321	33.003376	73.18889	11800.425904512405
356	-81.192825	132.8616	111.73312	-649.6807	-69.06535	128.87895	33.84371	-418.78595	62.2875	54.1	1780000	-33.69389	32.84941	61.9171	-200.8664	32.89335	73.25939	11834.122206926346
357	-76.188614	102.809654	127.96152	-423.4617	-45.465782	56.824165	13.874298	-159.44217	65.10256	42.4	1785000	-33.979885	32.545147	57.00535	-219.27571	33.178486	72.81536	11868.405573368073
358	-60.276203	95.91662	64.34326	-478.17682	-40.913795	60.32916	60.727856	-186.50005	66.13333	48.8	1790000	-34.427063	32.96111	58.754967	-239.8484	33.622437	73.3774	11901.661922693253
359	-82.755745	128.93494	65.50928	-606.44305	-23.817371	64.11918	53.357952	-192.81194	68.65753	37.4	1795000	-34.626842	33.013958	66.514694	-234.4674	33.811623	74.4265	11936.356114387512
360	-75.663216	118.55985	109.723595	-666.6	-62.12312	89.04329	16.849003	-283.6628	62.04938	53.5	1800000	-34.404835	33.02708	59.83394	-228.15819	33.5762	74.28733	11969.966553211212
361	-100.863686	169.2957	72.14517	-703.04553	-8.63321	24.404837	28.976788	-63.602444	76.21875	36.8	1805000	-33.586464	32.725338	65.76421	-224.81209	32.7553	73.54222	12004.071849107742
362	-97.0498	167.70543	107.737045	-724.31995	-145.99533	173.6775	-26.279736	-569.4667	74.26471	80.5	1810000	-33.835133	32.534725	61.878395	-220.69066	33.025116	72.70208	12038.692200899124
363	-93.44449	192.21045	120.759026	-1287.3733	-244.6832	317.3279	-15.729839	-1117.3373	79.09375	101.4	1815000	-33.800926	32.706036	64.505035	-213.65201	32.9932	72.47105	12072.946175575256
364	-78.755	127.45044	109.926414	-739.9232	-84.85457	191.48666	15.1204605	-645.5631	68.18056	62.2	1820000	-34.237587	32.7145	67.16537	-230.594	33.44439	73.03388	12106.476866006851
365	-128.74101	194.79922	47.02912	-1071.7281	-33.610546	85.42745	72.16761	-273.04202	88.73684	58.0	1825000	-34.090897	32.788906	56.511463	-227.71216	33.286076	73.91448	12140.494149208069
366	-123.53385	266.1736	46.313595	-1683.2761	-90.69306	115.21416	22.217026	-312.61884	80.6129	82.9	1830000	-33.77768	33.162563	58.351448	-223.21321	32.94749	74.288025	12174.684803009033
367	-62.69236	99.589516	48.891434	-657.24945	-31.700031	47.86266	12.5560875	-151.86946	56.077778	41.8	1835000	-33.65172	32.917854	61.03748	-210.07799	32.839222	74.35594	12208.840480089188
368	-69.2661	95.27152	106.35126	-456.80325	0.7728815	38.2208	91.30975	-58.18892	61.873417	42.8	1840000	-33.874813	32.670574	66.53119	-241.90932	33.0701	72.78424	12243.374416589737
369	-86.98304	141.60048	73.226585	-839.64594	19.213085	95.17228	248.56494	-79.24978	66.48052	50.6	1845000	-33.68893	32.86217	61.028633	-235.70267	32.89171	73.37259	12277.420845508575
370	-78.07146	136.43129	66.61246	-899.8212	-65.48289	139.56177	117.619316	-406.69952	64.93507	75.1	1850000	-33.840942	32.757027	60.239834	-224.78923	33.03178	73.56546	12311.380357503891
371	-102.96231	226.23454	563.85046	-1184.7573	-59.84147	84.26486	-2.6862416	-278.39056	78.03125	46.2	1855000	-33.75865	32.67515	66.52986	-219.29636	32.95489	72.89923	12345.274386644363
372	-83.63081	137.13377	30.217346	-637.8486	-104.43976	101.57709	3.297443	-313.61826	71.94203	60.8	1860000	-33.73199	32.923073	67.025246	-227.43402	32.93021	73.592995	12379.486702919006
373	-92.087654	128.86882	62.7282	-719.38324	-79.29479	82.48917	11.175768	-242.17242	68.38356	59.0	1865000	-34.124832	33.39968	59.040554	-223.26552	33.311707	75.10004	12413.9643805027
374	-79.72887	124.53048	112.82468	-757.0803	-140.14389	160.32169	60.83012	-495.96622	69.888885	84.9	1870000	-34.5439	33.466488	62.665676	-247.76953	33.741627	75.47805	12448.939126729965
375	-53.658585	89.29631	181.58272	-562.98816	-34.16778	44.980904	5.444644	-143.676	57.03448	38.6	1875000	-34.583862	33.389793	60.348682	-212.42743	33.758255	74.49234	12482.788967370987
376	-98.9979	170.95993	88.26186	-769.62463	-18.571629	70.55245	88.57454	-155.13792	69.77778	46.6	1880000	-33.998108	33.29639	62.71974	-246.66081	33.2068	74.35778	12517.572892427444
377	-83.3504	133.85341	57.14598	-765.85785	-76.17069	87.57167	3.4680917	-272.45087	65.155846	73.9	1885000	-33.853493	33.327133	60.78708	-247.20125	33.052353	74.13763	12552.69541835785
378	-61.318005	119.19518	156.00424	-823.38837	-73.52681	104.97133	20.810598	-353.05045	58.75294	56.6	1890000	-33.635674	33.287457	63.062458	-256.0138	32.830597	73.54722	12587.11126613617
379	-80.07566	133.54758	104.19782	-705.40796	-28.548878	54.968414	39.29016	-157.7385	67.310814	50.1	1895000	-33.436424	33.38518	61.61273	-247.96368	32.61338	74.057755	12621.581746816635
380	-99.92125	177.51714	205.82643	-764.0313	-34.17784	56.910366	47.519703	-175.26378	89.33929	55.1	1900000	-33.19689	33.349472	60.25915	-251.28815	32.382915	74.21243	12655.579029798508
381	-101.02009	180.81004	90.53571	-1091.9218	-43.343624	55.237938	43.890194	-139.52419	69.68056	55.8	1905000	-33.36776	33.14687	60.53976	-253.2408	32.565025	73.29005	12689.750982522964
382	-91.55169	195.66936	83.3188	-1355.7821	-34.182945	50.12793	57.52073	-116.23354	67.69444	51.2	1910000	-33.61625	33.27959	59.374096	-230.25716	32.836014	73.033516	12723.197733163834
383	-77.462616	134.04643	71.54241	-635.6758	-81.737465	97.71104	68.395035	-269.78125	66.83117	69.8	1915000	-33.946953	33.440323	63.607815	-258.44128	33.132584	74.80192	12758.663141965866
384	-70.603096	131.85365	96.479095	-833.3244	-40.62765	48.2896	10.177073	-135.9857	59.951218	47.8	1920000	-33.509235	33.355003	62.525116	-267.77365	32.705288	73.57902	12793.764903306961
385	-100.72848	152.82074	25.982689	-912.1169	-15.226881	46.32281	53.053146	-110.46109	70.73239	67.5	1925000	-33.751293	33.77657	61.966312	-256.33255	32.95219	74.876434	12829.498264789581
386	-72.6342	130.48932	75.35356	-596.9967	-24.965225	55.702446	56.077988	-176.41428	61.5	41.4	1930000	-33.720684	33.56683	58.925144	-243.4809	32.93445	73.42743	12862.406894683838
387	-82.383354	186.72687	112.84384	-1412.6193	-118.02805	226.17192	11.309455	-765.9417	61.827587	85.1	1935000	-33.72761	33.516083	59.694714	-251.33296	32.946175	73.745125	12898.374324798584
388	-102.43563	203.09747	178.22015	-894.5921	-42.65944	66.38323	64.8348	-167.0041	79.296875	48.3	1940000	-33.89274	33.64954	62.53924	-247.019	33.09833	73.639114	12933.160903930664
389	-80.04478	126.75732	47.411095	-805.9856	-18.693998	74.03133	110.39284	-183.58517	61.876545	65.1	1945000	-33.836586	34.000168	65.97886	-262.11096	33.04771	75.56159	12968.386645793915
390	-75.023895	122.58104	141.6806	-628.8872	-31.799637	67.40179	67.52915	-166.87196	64.29487	55.5	1950000	-33.489235	33.744255	60.587124	-262.9038	32.686462	74.83216	13003.43414568901
391	-81.06904	129.00491	76.285645	-622.2688	-47.890663	43.629055	21.25584	-123.97778	69.375	45.8	1955000	-32.96786	33.646873	59.874508	-243.29926	32.16529	73.86339	13039.022183418274
392	-95.068184	164.42801	82.92065	-1033.7405	-10.707913	55.76763	98.303795	-120.9029	76.707695	41.7	1960000	-33.49612	33.725914	59.18263	-255.63992	32.67456	73.71298	13074.277936458588
393	-117.51882	150.64664	96.42992	-662.95514	-33.22854	56.102234	36.78319	-174.45854	77.968254	41.4	1965000	-33.73122	33.797226	62.57418	-244.90193	32.95079	74.45529	13108.572447538376
394	-93.20592	208.5221	50.85303	-1363.7053	-97.95378	101.87503	-18.764706	-331.5061	72.457146	59.1	1970000	-34.249424	34.152462	61.820435	-266.1641	33.476223	75.59142	13143.645297050476
395	-58.137684	115.69208	113.687836	-739.8996	-60.867237	88.93226	6.033431	-277.20975	62.246914	46.2	1975000	-34.152622	33.972927	59.62373	-247.97476	33.357735	75.68041	13179.919422864914
396	-74.50123	118.22071	207.82457	-451.06726	-24.306293	101.67137	57.74109	-236.71642	66.136986	65.5	1980000	-33.677994	33.9259	60.72029	-269.07846	32.87239	75.27467	13214.417806625366
397	-93.026245	180.0577	53.508152	-1028.8853	0.45033568	58.931053	108.04189	-103.47655	68.039474	63.4	1985000	-33.796623	33.952946	56.522842	-273.52435	33.003918	74.289246	13250.76115655899
398	-67.62687	106.99279	138.19653	-474.34705	-70.81925	132.75343	73.379555	-412.27286	62.74026	58.2	1990000	-33.73268	33.94296	61.351852	-276.28864	32.928223	74.4385	13285.246632814407
399	-78.60587	130.82616	171.82611	-579.09436	-94.44649	133.67476	79.93198	-434.4908	68.96	63.8	1995000	-33.50928	33.929123	55.643402	-235.80798	32.71014	73.66246	13321.375053167343
400	-111.64918	160.86505	42.212883	-852.72943	-5.362553	37.971638	70.88237	-76.37798	75.969696	40.1	2000000	-33.278328	33.954136	64.63894	-263.70605	32.46731	75.18076	13356.709753751755
401	-82.32125	143.19084	74.07718	-948.62714	-156.58438	149.99763	-11.403897	-440.72095	68.23288	71.8	2005000	-32.72816	34.02421	58.186184	-254.83807	31.910278	74.502686	13390.719562530518
402	-82.322914	116.960785	45.485443	-520.0138	-31.370026	92.082405	96.820175	-260.05246	66.28	63.0	2010000	-32.970814	33.873795	60.50226	-262.43683	32.179806	73.55992	13425.836576223373
403	-65.694046	107.06204	83.66536	-410.87433	-95.57553	189.98964	43.062862	-601.12274	67.066666	67.8	2015000	-33.161674	34.044964	60.283638	-251.76479	32.37151	73.685486	13461.17801618576
404	-81.07671	127.794975	58.714855	-687.9783	-104.90452	128.91435	14.723854	-391.19797	66.986664	88.8	2020000	-33.60247	34.10635	56.69242	-252.02457	32.818626	75.56844	13498.27150607109
405	-56.74412	134.97305	63.749935	-1168.7625	-154.92876	275.83224	21.844332	-932.7562	52.37234	91.7	2025000	-34.274017	34.66934	59.701656	-269.5	33.48675	76.35767	13533.606785297394
406	-100.37813	150.98735	75.17336	-620.82806	-19.873482	40.68906	37.985878	-81.641495	77.125	50.5	2030000	-34.14425	34.31912	58.76306	-272.80316	33.308872	76.229485	13568.96231174469
407	-73.29049	109.84826	119.9384	-467.1742	-39.552055	44.59893	33.20632	-114.881096	66.67532	52.1	2035000	-33.054184	34.054592	59.81382	-270.51996	32.23151	75.387184	13604.331610441208
408	-132.1371	196.49149	47.293087	-905.2282	-34.05301	72.68569	102.69862	-204.28822	92.51852	55.9	2040000	-32.62747	33.905163	57.75864	-242.35439	31.815947	74.02176	13639.272931575775
409	-107.8443	182.18979	58.83262	-940.41644	-54.725636	105.188126	53.465343	-283.3336	76.58462	74.7	2045000	-32.955353	33.866592	57.562637	-258.2687	32.15526	72.35793	13674.780614852905
410	-113.33788	160.26364	91.92322	-588.55585	-210.72066	266.6775	11.961817	-773.073	75.029854	93.8	2050000	-33.007244	33.998993	60.763924	-267.94626	32.194275	73.788284	13711.069570302963
411	-76.56072	103.95693	39.11214	-587.154	-119.23057	157.29196	9.089291	-488.1472	69.77465	69.4	2055000	-33.25047	34.14418	64.48721	-274.00775	32.457428	73.84498	13746.920049190521
412	-88.23378	140.40572	116.4434	-696.87994	-43.648678	48.661934	9.782255	-159.46811	70.830986	45.2	2060000	-33.293144	34.068993	65.19686	-268.23267	32.485195	74.09715	13782.464899778366
413	-83.598656	122.632904	137.04243	-616.4568	-109.19673	180.38655	65.88372	-586.2101	65.5	91.9	2065000	-33.35419	34.242016	63.834976	-257.2635	32.552498	74.76742	13818.724087238312
414	-106.991776	206.19896	177.01408	-1044.1407	-41.81052	73.4171	42.07954	-230.67982	73.04348	56.5	2070000	-33.38324	34.045708	54.856422	-244.52101	32.58022	74.19189	13855.105418205261
415	-77.9581	123.03877	43.05646	-537.15125	-46.760967	158.0259	140.47081	-476.04398	65.67105	73.6	2075000	-33.030735	34.158882	59.39275	-263.07208	32.213055	75.19506	13890.384953975677
416	-71.881714	170.07661	175.61794	-1038.1283	-31.394028	42.83038	26.9532	-116.83923	67.41096	47.6	2080000	-33.334152	34.358932	58.104115	-265.15985	32.53314	74.93606	13926.182181835175
417	-80.47584	147.47942	72.244705	-873.951	-116.67977	99.854614	-24.514072	-370.52228	67.60811	81.8	2085000	-33.53521	34.59462	55.189564	-250.52777	32.739357	75.427895	13962.601737499237
418	-74.69297	202.68385	118.70136	-1499.597	-29.101105	100.03381	176.06284	-236.40634	63.25	52.0	2090000	-33.704273	34.438828	62.24373	-257.86398	32.914413	76.066475	13998.947091341019
419	-71.5261	141.55588	127.958916	-718.75464	-33.363182	34.457363	-2.2177997	-121.51344	64.64935	43.0	2095000	-33.524036	34.747124	64.21759	-259.85303	32.722088	76.10269	14034.80779337883
420	-84.83493	143.99995	146.2345	-556.7199	-41.051037	115.521194	57.155396	-366.7209	69.136986	49.9	2100000	-33.378105	34.63518	65.9593	-269.85223	32.58908	76.354454	14070.81995677948
421	-67.774635	111.02409	101.55054	-491.5312	-23.152905	64.342155	101.0034	-129.91791	68.942856	56.4	2105000	-33.666145	34.590427	63.54528	-281.5717	32.86791	76.04269	14106.178003072739
422	-67.43774	106.328995	175.78741	-377.49725	-84.986595	215.8004	70.43272	-719.4584	66.987015	59.7	2110000	-33.683056	34.38183	57.70069	-257.16324	32.87917	74.690216	14142.733471155167
423	-72.68461	155.7387	97.49759	-946.9257	-42.5261	53.04266	25.642134	-157.35774	71.74286	54.2	2115000	-32.964077	34.38542	57.536713	-269.45743	32.135166	74.77212	14178.688710689545
424	-64.618385	108.26142	81.11743	-689.34216	-15.56292	74.48225	137.73415	-147.14925	60.756096	60.9	2120000	-32.78175	34.451298	58.497116	-244.61108	31.987545	74.32373	14214.723204135895
425	-106.34476	164.11874	115.78094	-827.9528	-63.214363	43.71894	9.764848	-128.80783	74.656715	48.6	2125000	-32.496857	34.45747	62.283756	-268.00436	31.67425	74.23527	14251.330191612244
426	-72.666695	127.23844	103.57795	-634.9122	-38.432076	81.49934	98.425415	-239.59103	68.38028	47.0	2130000	-32.759605	34.721703	59.276733	-261.09402	31.943512	74.736534	14286.779958486557
427	-82.30732	106.06741	74.49384	-534.81537	-39.031456	78.03768	19.127304	-249.35748	68.86487	57.2	2135000	-32.868332	34.69812	63.054695	-282.06342	32.07541	75.135956	14323.31664800644
428	-50.998634	91.811966	271.29733	-356.7385	-28.618658	72.91126	91.906654	-187.42152	56.685394	50.3	2140000	-33.261257	34.694046	58.68638	-267.08853	32.46311	74.776535	14359.90431189537
429	-49.360302	90.12619	50.216232	-454.23257	-61.61197	83.931206	21.963976	-216.2494	53.010868	76.6	2145000	-33.34719	34.74589	60.932663	-261.2315	32.569374	75.88084	14395.535604476929
430	-95.60627	143.91254	70.05043	-493.61707	-111.27775	158.12018	16.76858	-492.68207	77.06061	63.8	2150000	-33.5817	35.109432	62.20356	-259.75888	32.762905	77.18696	14433.472214221954
431	-56.45582	82.791626	85.02229	-377.33112	-70.87135	138.76172	13.301343	-479.86084	61.341465	48.8	2155000	-33.047043	34.620792	58.883358	-268.26053	32.24559	74.57897	14469.979433059692
432	-60.14699	125.12825	131.0969	-794.98474	-15.645564	15.575533	13.278011	-41.430687	61.158535	41.2	2160000	-32.746536	34.682415	64.5708	-258.50357	31.943357	74.1416	14506.326805830002
433	-112.39193	183.38377	68.87411	-1047.4193	-44.89135	92.918205	20.8608	-318.8529	69.013885	41.0	2165000	-32.987362	34.293186	55.657658	-264.89346	32.221016	74.76581	14542.468544960022
434	-64.04721	114.42264	148.73578	-702.41254	-134.71347	186.86665	18.892012	-605.6364	58.011765	67.9	2170000	-33.44147	34.69508	57.643505	-267.08047	32.673176	75.43823	14579.056918144226
435	-68.230644	108.364365	69.920074	-452.08783	-81.01727	95.952286	27.305399	-276.79114	66.38158	51.0	2175000	-33.41454	34.85531	59.747	-265.09995	32.630985	77.94407	14615.48392367363
436	-75.59454	125.95411	54.87368	-661.49786	-35.891117	74.4781	59.990284	-155.00603	60.29762	58.2	2180000	-33.245945	34.716064	60.360283	-284.68546	32.4626	76.20756	14652.184349536896
437	-77.60623	126.205925	172.39125	-565.9819	-24.581488	42.98304	12.714184	-140.09192	71.46377	40.1	2185000	-33.487434	34.922863	60.88183	-278.98804	32.712856	76.90281	14687.589342355728
438	-91.7129	122.61858	117.84564	-529.0418	-81.52469	131.87155	42.384174	-398.99582	75.089554	86.8	2190000	-33.378883	34.726376	65.61491	-275.40427	32.59817	75.7057	14725.693647146225
439	-70.683945	125.62824	58.186245	-666.72876	-42.97175	78.170845	94.59397	-182.99379	63.897434	58.7	2195000	-33.445564	34.78462	59.977234	-248.5415	32.66875	75.931694	14762.852125883102
440	-101.44563	149.26268	49.676758	-666.2262	-142.88678	279.3849	41.066727	-900.33466	66.675674	91.8	2200000	-33.301674	34.5446	60.7012	-273.8469	32.508923	74.95634	14799.900294542313
441	-74.38054	116.92088	48.179	-640.28064	-25.534452	75.11452	48.945763	-233.7735	61.277107	44.5	2205000	-33.04568	34.365143	57.9387	-274.8068	32.233208	74.69951	14836.770274877548
442	-76.11533	115.65189	61.818157	-525.6702	-394.61798	848.34564	27.239159	-2899.3892	62.0	166.6	2210000	-32.774208	34.337284	58.312935	-249.49437	31.985992	72.988174	14874.568041324615
443	-61.6868	158.3357	58.36971	-1289.4794	-156.80637	227.50937	55.064808	-761.6156	55.78652	97.0	2215000	-33.35124	34.611	54.63276	-259.535	32.57106	74.185486	14911.716470956802
444	-80.013306	144.72778	77.109726	-899.1083	-112.03806	125.14835	1.950333	-450.5463	74.89552	61.7	2220000	-33.546574	35.00494	58.958282	-274.45477	32.732662	76.52897	14947.679934740067
445	-69.36451	128.75026	49.704674	-662.02454	-126.10535	152.38344	11.983041	-364.5259	64.46753	62.8	2225000	-33.050503	34.575275	59.925983	-263.91925	32.231712	74.49924	14984.202104091644
446	-90.08801	140.2957	56.268467	-726.3555	-33.678562	98.446915	31.30529	-324.4094	68.324326	51.7	2230000	-32.990654	34.48042	60.226364	-274.8427	32.211872	74.67654	15021.699973344803
447	-67.106735	124.5143	112.07152	-628.62823	-32.550755	44.51401	46.956017	-123.561264	61.605263	39.1	2235000	-33.449677	34.804703	56.09235	-276.1565	32.66881	75.17669	15058.042860984802
448	-77.93663	113.71087	114.05559	-551.9144	-34.33782	68.797676	59.319855	-189.59494	69.36842	51.0	2240000	-33.322155	34.75867	56.30409	-277.85852	32.53692	75.90469	15096.122435808182
449	-95.95459	216.37622	89.261795	-1384.689	-27.623663	41.10428	23.503157	-116.12593	78.828125	64.0	2245000	-33.16102	34.86534	57.79815	-279.07193	32.367092	75.607666	15133.110934019089
450	-99.6328	214.98837	59.010487	-1429.0402	-28.624645	59.375748	35.902126	-166.54483	72.617645	45.5	2250000	-33.09802	34.810104	59.410934	-285.82504	32.3014	75.13261	15170.075676441193
451	-99.49768	172.65703	51.332428	-931.3111	-48.93199	109.94536	32.21499	-352.40097	70.083336	45.2	2255000	-33.564182	34.937313	61.47455	-283.06796	32.77245	75.259056	15207.615553617477
452	-76.422935	106.676926	51.976345	-449.6814	-39.37829	42.843174	12.940111	-145.42937	68.73239	47.4	2260000	-33.397976	34.82698	63.634365	-275.60825	32.60621	75.43984	15244.43261218071
453	-84.226074	123.12415	106.6056	-447.2415	-40.60779	133.9797	70.55518	-432.65668	69.567566	61.4	2265000	-32.934525	34.67394	61.475533	-267.27274	32.142014	74.60645	15282.881524562836
454	-54.325584	104.98503	79.97446	-512.5798	-23.450548	54.51971	68.16901	-130.53375	65.41333	58.8	2270000	-32.607796	34.746315	62.287952	-261.54227	31.805492	76.18191	15320.343913555145
455	-77.95375	131.87662	63.895245	-694.4799	-38.613438	96.145355	24.385265	-311.71625	70.708336	51.5	2275000	-32.499096	34.809723	60.181023	-264.98917	31.704243	75.29859	15357.61067199707
456	-48.07382	105.44539	119.77061	-563.0649	-12.634979	42.25273	54.23485	-112.65485	56.30588	35.6	2280000	-32.729607	34.771873	59.009834	-261.22894	31.94401	74.56316	15394.192652225494
457	-97.401985	184.63812	52.833683	-941.7901	-99.04857	197.21107	35.822342	-669.8481	76.661766	73.5	2285000	-32.902004	34.80716	59.149773	-270.35843	32.125816	73.74033	15432.293528318405
458	-78.92142	169.0773	61.449707	-853.0839	-70.34374	89.94718	28.078428	-318.72647	73.56716	52.8	2290000	-33.249542	35.10015	59.852036	-292.3225	32.455513	74.38711	15469.813788175583
459	-91.329796	146.95325	152.40228	-828.6902	-113.05914	162.13046	12.859696	-447.95944	75.64179	81.4	2295000	-32.712776	34.734932	62.50459	-263.97498	31.904276	75.22983	15508.076166152954
460	-86.90318	127.7818	44.582516	-534.2437	-84.29695	67.37671	-15.277274	-220.1226	70.74286	77.7	2300000	-33.15551	34.906715	61.17391	-267.3958	32.371178	75.10463	15546.103644371033
461	-71.20311	120.266975	133.66415	-660.1736	-79.18852	176.57574	36.72428	-602.131	69.53521	64.1	2305000	-33.712147	34.941463	61.252228	-271.19226	32.94173	76.062675	15583.206320047379
462	-93.409904	148.82753	37.01597	-845.59937	-114.04912	116.30877	45.948067	-285.641	73.42029	78.9	2310000	-33.54419	34.790462	57.31934	-288.00656	32.765244	75.800316	15621.067340135574
463	-70.24586	125.19188	51.357388	-690.7983	-86.353905	158.09294	75.130394	-420.78156	60.746986	60.3	2315000	-32.691566	34.668056	56.608227	-275.70322	31.89081	75.626236	15659.410877227783
464	-51.65123	103.805	109.513756	-668.33	-35.594242	42.890007	8.70526	-136.25746	54.72222	53.8	2320000	-32.873184	35.14031	59.576393	-282.18878	32.089275	75.24625	15696.482105493546
465	-77.79611	105.78561	103.666985	-503.631	-98.335434	153.10808	10.834336	-507.55096	63.898735	60.1	2325000	-32.57958	35.048878	60.3134	-280.90463	31.789583	75.647575	15735.457518815994
466	-92.91834	167.36426	91.797455	-1111.8838	-58.21273	111.52084	14.050699	-380.91333	76.953125	36.6	2330000	-33.074425	35.02699	61.695904	-274.3779	32.29937	75.5752	15773.183771371841
467	-66.26808	108.50712	55.98136	-509.9532	-103.00881	119.4456	10.474348	-328.91345	61.542168	66.4	2335000	-33.15649	35.17746	60.660576	-287.7523	32.389008	76.65143	15811.913961410522
468	-81.68705	114.76293	24.711334	-468.96823	-36.684174	68.7833	86.919945	-109.43202	62.97468	62.0	2340000	-33.6994	35.259037	59.57907	-274.75006	32.92041	77.76222	15849.574247598648
469	-74.25918	148.75174	87.9142	-971.3758	-175.64325	308.72522	49.845478	-1030.4886	64.8961	86.9	2345000	-33.403656	35.070454	59.90453	-270.7993	32.635113	77.05239	15887.372383594513
470	-65.46222	111.73953	74.88373	-476.56168	0.39496154	24.79376	46.5324	-38.342934	69.14286	49.7	2350000	-33.197124	34.998333	60.392986	-280.3942	32.426666	76.684906	15923.85405087471
471	-74.82507	133.14215	119.31304	-703.9883	-26.817816	43.58621	39.512314	-102.15874	64.85	48.7	2355000	-32.69594	34.88917	62.395054	-281.24106	31.910267	75.903046	15961.87634897232
472	-70.5112	125.73148	120.62692	-581.79895	-102.397095	165.66074	-9.788086	-581.9812	68.791664	58.7	2360000	-32.317375	34.876804	58.993492	-282.93976	31.53177	74.97026	16000.773224592209
473	-87.88986	197.8145	133.9075	-1247.5043	-13.233759	43.68275	47.059807	-110.32632	68.236115	42.9	2365000	-32.339157	35.13403	61.407455	-273.81644	31.559874	74.75373	16037.847348690033
474	-120.1052	174.98576	78.59427	-786.6107	-32.395622	44.969643	24.768108	-149.13728	84.08197	41.7	2370000	-32.599014	35.36867	57.2252	-283.53546	31.836298	76.65923	16076.288938999176
475	-89.3078	137.09175	64.31519	-612.715	-38.03351	72.3918	31.296556	-230.15215	72.27941	52.9	2375000	-33.046417	35.253143	60.86939	-279.3258	32.267735	76.70209	16114.411345481873
476	-65.20088	117.377174	112.58134	-489.98416	-26.084875	41.49694	35.356567	-100.66348	67.46667	50.2	2380000	-33.117306	35.355022	59.19699	-293.9043	32.33894	77.86033	16153.089989185333
477	-64.00351	119.73824	108.7851	-488.40973	-72.64392	115.38082	9.502624	-375.97964	69.746475	73.4	2385000	-33.10276	35.10278	60.633396	-285.72604	32.33508	75.97919	16191.608518600464
478	-75.23936	135.42662	185.00458	-540.29034	-12.785448	26.219646	19.723192	-70.83048	65.76316	35.6	2390000	-33.1006	34.934425	58.041325	-261.99146	32.309048	76.19983	16228.772148370743
479	-91.58613	163.1341	96.72932	-778.236	-49.197113	79.35337	9.95872	-269.42514	71.92857	51.6	2395000	-32.463524	34.676094	58.99877	-278.921	31.684402	74.323166	16266.770829916
480	-83.79889	139.55653	95.24583	-555.49176	-31.063015	46.53065	13.763793	-128.76733	69.833336	48.2	2400000	-32.36984	34.82599	60.08723	-271.31998	31.578165	73.942276	16304.332040548325
481	-92.10332	127.67262	137.27292	-603.6997	-111.792786	120.41634	2.6611538	-356.25436	78.30159	71.0	2405000	-32.31675	34.894444	59.325077	-282.83643	31.538181	74.510704	16342.16181731224
482	-113.09426	170.03613	47.976864	-660.679	-65.06319	114.049255	1.5486995	-398.46146	90.16071	48.8	2410000	-32.610413	35.238403	59.89825	-273.909	31.84492	76.14723	16381.15880036354
483	-84.47186	160.24626	82.400795	-994.601	-23.395435	57.11179	52.43128	-155.00452	67.9589	54.8	2415000	-33.11982	35.1533	57.181896	-286.974	32.35758	75.80103	16419.93820619583
484	-70.66424	146.74907	61.8011	-837.66833	-66.91191	119.351166	29.172623	-352.22058	62.531647	52.5	2420000	-32.939926	34.806633	59.251472	-288.36487	32.157722	75.37729	16457.524087429047
485	-72.36614	140.72122	190.17805	-707.5963	-210.7321	452.7824	7.2932773	-1555.585	64.379745	129.6	2425000	-32.44745	34.987812	60.60918	-266.53915	31.677761	74.995346	16496.70590519905
486	-111.050125	193.7882	85.94464	-763.88715	-169.8767	212.84142	26.477337	-652.0415	76.6	96.2	2430000	-32.29357	34.961124	61.276974	-284.99225	31.530529	74.66676	16535.69774031639
487	-92.642654	174.53741	178.60094	-840.8976	-42.324078	73.71659	14.82091	-257.22968	75.36364	42.1	2435000	-32.349087	35.192543	59.593155	-270.80417	31.558731	76.067154	16573.296511411667
488	-98.771194	190.96118	123.49074	-1183.5432	-129.38614	175.92654	-8.596651	-626.81744	73.797104	74.4	2440000	-31.968155	35.038395	58.079224	-277.55325	31.195595	74.78815	16611.683170080185
489	-71.114914	125.71926	82.4268	-607.5578	-48.767384	67.16927	17.16694	-188.82721	74.333336	55.0	2445000	-32.208515	35.322575	63.69924	-276.1593	31.446054	75.24549	16650.259335517883
490	-81.47755	133.70694	69.51662	-732.0677	-177.31029	256.7176	-14.438914	-778.20984	71.33803	109.2	2450000	-32.363937	35.308567	59.709816	-271.53937	31.601599	75.219826	16689.680983781815
491	-68.46299	137.87631	82.663475	-945.7223	-93.02367	102.075195	27.594831	-262.36633	64.207794	82.4	2455000	-32.809143	35.23321	60.66354	-278.26938	32.048355	76.01423	16728.393060207367
492	-96.68136	175.04407	149.44395	-1002.9696	-79.054436	150.70045	70.25461	-490.47668	78.01538	90.7	2460000	-33.070045	35.463966	64.044235	-275.56232	32.31099	75.80339	16767.295819997787
493	-118.58499	171.20982	42.006134	-758.7677	-43.01925	118.56974	62.008224	-386.86185	79.629036	48.9	2465000	-33.04732	35.316154	62.68449	-279.18805	32.260147	76.44947	16804.91227531433
494	-111.42498	172.90436	25.359074	-736.10443	-61.66755	94.91714	20.889887	-248.81972	77.323074	50.5	2470000	-33.05381	35.30944	62.164837	-269.84976	32.277626	76.35101	16843.652354002
495	-140.27036	260.94684	87.15277	-1360.6615	-42.67714	112.53762	71.0061	-293.1175	88.03509	55.5	2475000	-32.978752	35.45682	57.563896	-269.0307	32.207832	76.07668	16881.995193719864
496	-79.81497	177.33891	217.7492	-1137.4663	-80.523415	135.548	8.110311	-463.55286	69.68056	60.9	2480000	-33.009285	35.27307	59.102573	-264.90375	32.248566	75.653786	16921.122998714447
497	-107.5977	223.00067	94.13418	-1045.5835	-90.95652	78.732544	-2.1677084	-264.0656	79.28571	62.9	2485000	-32.976315	35.605873	60.688553	-283.58185	32.214283	75.94885	16960.55744767189
498	-73.34003	163.39857	59.459526	-959.5447	-44.180195	97.09995	117.55246	-277.33618	67.41892	70.9	2490000	-33.338417	35.800934	61.316505	-274.63104	32.56293	77.18159	16998.73844218254
499	-77.50659	117.92017	129.9111	-493.92282	-70.038734	93.9982	-1.7322366	-284.40598	72.97059	47.0	2495000	-33.410194	35.964233	63.16715	-281.87256	32.641964	78.45449	17037.11467885971
