Epoch	AverageEpRet	StdEpRet	MaxEpRet	MinEpRet	AverageTestEpRet	StdTestEpRet	MaxTestEpRet	MinTestEpRet	EpLen	TestEpLen	TotalEnvInteracts	AverageQVals	StdQVals	MaxQVals	MinQVals	LossPi	LossQ	Time
1	-356.6986	25.942616	-333.37048	-407.1025	-2660.369	48.763596	-2599.7124	-2785.0037	1000.0	1000.0	5000	13.920279	12.865791	67.070435	-4.8670526	-16.223776	1.3766364	37.39254689216614
2	-361.96533	68.415825	-308.3824	-494.78946	-2117.606	1095.8196	-243.4561	-2940.1904	1000.0	743.9	10000	86.60426	28.46124	187.6369	28.91329	-91.80279	8.362824	65.71635007858276
3	-2061.5122	881.8297	-301.80487	-2571.4683	-2641.2964	67.208145	-2538.3787	-2802.1245	817.2	1000.0	15000	151.23512	9.931874	210.61488	61.248646	-154.5773	14.872262	96.3350133895874
4	-1364.1404	850.2638	-217.11119	-2399.7869	138.96992	98.49069	255.50082	-121.621	1000.0	1000.0	20000	143.80817	9.402921	204.17761	-0.517444	-145.525	6.396826	129.16329216957092
5	78.18463	152.50613	291.97925	-124.21792	330.26773	52.589314	395.1867	218.38383	1000.0	1000.0	25000	125.19449	7.174024	170.80284	-3.3535132	-126.74943	3.3967328	163.03410387039185
6	227.9054	135.28981	374.35922	5.95354	233.74878	124.67024	408.78568	81.81457	855.3333	1000.0	30000	113.1055	5.4872403	154.44228	-9.387606	-114.564766	3.2615395	196.78961777687073
7	333.53726	131.47217	487.66208	89.31705	392.5476	78.11252	513.94946	264.90225	1000.0	1000.0	35000	104.898926	4.6857095	152.50314	-11.780162	-106.24436	2.892297	230.396568775177
8	235.60669	143.55907	381.8304	-31.353758	225.01945	147.77965	465.74042	18.959885	1000.0	1000.0	40000	99.450165	5.044765	159.625	-23.417145	-100.708755	3.0346186	264.2571461200714
9	162.68845	162.52336	409.39166	-39.2413	343.67557	101.9252	536.46515	184.2116	1000.0	1000.0	45000	95.731186	5.426942	164.20258	-27.63918	-96.93611	3.2528715	298.8945553302765
10	205.96143	216.41434	476.00244	-182.67339	153.0301	175.33995	291.08594	-213.71573	1000.0	1000.0	50000	93.38813	6.145893	177.4575	-22.17325	-94.59496	3.9114068	334.77333760261536
11	101.66615	97.94082	193.11111	-57.32056	64.3127	98.633736	203.1931	-105.16357	1000.0	1000.0	55000	93.01781	8.181657	183.29979	-28.675495	-94.26647	5.206599	369.84729528427124
12	-220.9379	470.81122	268.93887	-929.71826	134.16666	58.20405	208.62045	9.5349	1000.0	1000.0	60000	94.16793	10.317831	202.3641	-24.98002	-95.4542	5.5518813	405.3625957965851
13	-114.72806	137.66663	66.820946	-310.6043	-159.13388	155.10826	62.859024	-404.58765	840.8333	1000.0	65000	95.57723	13.491921	222.13249	-26.355955	-96.89066	6.3852053	443.0561468601227
14	-297.68536	315.64105	3.582512	-886.2768	-200.2246	125.06532	4.183896	-426.51538	1000.0	1000.0	70000	97.50075	18.028025	257.6744	-16.717686	-98.90326	8.496951	481.3874068260193
15	-231.53116	112.73747	-117.506676	-373.58722	-543.9997	124.58158	-296.13702	-784.52325	1000.0	1000.0	75000	100.910515	23.852081	296.7553	-7.3233547	-102.45445	11.220947	520.8520305156708
16	-546.8815	136.54465	-362.9423	-739.91565	-636.4035	212.17146	-259.09753	-953.5207	1000.0	1000.0	80000	104.41016	28.991867	326.0202	-11.188739	-105.93492	11.446663	561.0418117046356
17	-657.1056	117.4395	-510.56946	-822.8292	-1077.8165	351.27686	-90.648865	-1324.2421	1000.0	913.3	85000	105.76428	32.552647	320.86493	0.15692568	-107.34255	12.66999	600.676340341568
18	-841.9833	175.06543	-577.0108	-1066.12	-631.98486	361.859	-62.19032	-1271.0709	1000.0	1000.0	90000	107.294556	34.992386	346.0653	11.696406	-108.826	12.768451	640.9043486118317
19	-778.5239	169.15594	-510.88715	-1022.0424	-400.32574	136.15706	-164.5863	-626.9144	1000.0	1000.0	95000	106.77585	38.110935	349.9132	-33.08013	-108.348724	13.950577	681.2822856903076
20	-837.16846	219.5586	-592.93994	-1139.2395	-663.8994	337.4554	-206.78047	-1540.8694	1000.0	1000.0	100000	106.78344	41.871517	381.99878	-34.184002	-108.31183	15.14107	721.321145772934
21	-839.9494	176.7637	-598.02985	-1135.9148	-704.7147	282.92752	-400.8669	-1301.4205	1000.0	1000.0	105000	105.421	45.27527	399.02368	-20.559977	-107.0036	16.491875	762.6229293346405
22	-1011.5013	409.95737	-414.61923	-1498.6914	-853.8198	220.67143	-426.00726	-1256.2982	1000.0	1000.0	110000	105.25836	49.56703	413.1898	10.600297	-106.86973	17.84065	804.1586337089539
23	-869.2518	330.04907	-338.02808	-1179.7412	-901.0836	596.53925	-179.4352	-1925.7328	1000.0	1000.0	115000	105.788765	53.317223	434.51523	-19.251163	-107.424	18.97756	845.1327652931213
24	-980.4108	571.51013	-458.76367	-2093.7783	-1099.9701	560.17285	-49.29879	-1993.4371	1000.0	904.9	120000	104.63369	56.270477	475.83798	-17.213583	-106.28	22.088562	884.5249736309052
25	-653.5165	187.94943	-404.03207	-976.01874	-846.90576	140.185	-653.68036	-1162.589	1000.0	1000.0	125000	103.75404	59.712883	462.6757	0.80116844	-105.379684	21.902882	925.2284543514252
26	-1268.6228	563.92786	-593.6355	-1884.4517	-1624.3059	213.82312	-1151.0576	-1905.89	1000.0	1000.0	130000	101.40354	62.771355	491.6119	-2.6084166	-103.08813	21.723133	966.6617252826691
27	-1129.7809	260.69037	-637.4219	-1413.482	-1755.2621	844.09125	-28.192554	-2449.3728	1000.0	908.2	135000	99.654205	66.65015	514.6432	-28.449425	-101.37557	23.751507	1006.3339586257935
28	-1074.2142	175.34721	-886.78644	-1372.8992	-1502.0094	368.62524	-873.60803	-2072.7268	1000.0	1000.0	140000	98.1954	71.51333	533.2605	-20.298603	-99.89816	26.295097	1047.2536988258362
29	-1261.3982	344.533	-956.5468	-1848.7579	-1394.8348	264.4769	-837.30133	-1711.1116	1000.0	1000.0	145000	96.07853	74.628975	572.32294	-21.737661	-97.81007	27.812925	1089.7866003513336
30	-1260.4613	90.50136	-1158.6595	-1423.9045	-1638.0011	512.111	-988.67084	-2517.3992	1000.0	1000.0	150000	95.065315	76.36132	579.9129	-32.5943	-96.77301	28.946613	1131.4675002098083
31	-1542.9216	215.06616	-1259.2847	-1820.689	-1517.3943	322.84616	-1044.8517	-2117.222	1000.0	1000.0	155000	92.9631	76.62664	572.0666	13.585733	-94.61838	29.268469	1172.2105159759521
32	-1371.3817	194.62733	-1187.6516	-1736.109	-1843.0066	858.8592	-244.80939	-2872.922	1000.0	916.1	160000	88.46703	72.43727	497.972	-53.93959	-89.988716	23.058048	1212.4803907871246
33	-1392.9609	145.24776	-1104.1492	-1492.6481	-1501.0781	966.7195	-42.11324	-2696.5244	1000.0	808.1	165000	81.75616	67.708206	446.29874	-32.20503	-83.23995	21.08694	1250.4396624565125
34	-1095.7532	143.90523	-924.79474	-1335.6022	-1224.2849	560.21124	-357.48523	-2694.1982	1000.0	923.8	170000	76.80198	65.006226	458.8731	-22.863781	-78.276085	21.714785	1290.1420423984528
35	-887.50073	356.86884	-105.71629	-1165.774	-1408.5625	723.13025	-628.8989	-2605.6716	844.1667	1000.0	175000	71.95479	63.07081	432.12616	-57.975597	-73.38214	20.12644	1331.8905534744263
36	-1098.9907	524.71497	-752.88684	-2139.9226	-1094.2898	451.96872	-679.42084	-2384.7327	1000.0	1000.0	180000	68.431114	61.58126	438.01657	-74.330734	-69.854485	20.3726	1374.1014461517334
37	-1031.9781	173.46512	-874.0693	-1346.06	-1105.37	341.72302	-587.90985	-1748.4218	1000.0	1000.0	185000	64.41135	58.35482	405.0085	-4.2816877	-65.79315	18.809275	1416.1246285438538
38	-1013.8929	229.17197	-615.2509	-1244.6926	-2500.6086	150.27016	-2235.4568	-2650.962	1000.0	1000.0	190000	60.7494	55.9871	376.04538	-25.061916	-62.12736	16.677088	1457.6784043312073
39	-704.0004	377.82663	-25.069761	-1256.8241	-1216.9329	422.43713	-687.6095	-2164.6506	837.1667	1000.0	195000	57.724323	52.821007	387.8768	-21.840174	-59.062725	15.641256	1498.4436779022217
40	-722.8412	191.48195	-401.1477	-956.3109	-886.65125	344.44852	-440.2947	-1536.6179	1000.0	1000.0	200000	54.455418	49.104984	319.82257	-35.773766	-55.707314	13.668013	1539.8089082241058
41	-585.3553	270.38245	-112.26768	-995.8926	-546.3808	319.23923	-119.99147	-1273.233	844.8333	1000.0	205000	51.292023	45.680405	311.44666	-21.031094	-52.589085	11.92587	1581.314323425293
42	-619.8115	199.81993	-291.3753	-882.4939	-1009.74005	451.38547	-290.6436	-1729.4194	1000.0	1000.0	210000	49.432545	42.186634	315.88626	-38.269894	-50.70215	11.783208	1622.6672639846802
43	-850.0792	379.39105	-384.80725	-1238.547	-590.18854	430.33722	-231.09383	-1716.3047	1000.0	1000.0	215000	47.5615	39.016792	294.66183	-68.825836	-48.82104	11.369315	1663.8000361919403
44	-525.15466	439.96152	-120.690765	-1325.9	-365.9197	194.81996	-179.96605	-889.39844	1000.0	1000.0	220000	47.235664	37.153824	312.5216	-93.047554	-48.498547	11.082006	1705.9518866539001
45	-459.55948	156.66214	-195.42747	-669.081	-561.01355	296.928	-163.17105	-1295.5889	1000.0	907.0	225000	46.434555	35.118645	296.864	-62.692398	-47.70341	10.5549	1745.5029261112213
46	-206.71175	134.11435	-120.78563	-472.19684	-732.30475	516.7029	-252.70154	-2051.273	1000.0	1000.0	230000	46.43069	33.493587	327.72324	-24.91586	-47.72938	10.67975	1787.0247912406921
47	-326.07407	168.23856	-14.469836	-525.4682	-619.4557	551.51483	-67.5809	-2143.9587	837.1667	1000.0	235000	47.379993	32.634663	303.18848	-54.57548	-48.685814	11.287859	1828.103755235672
48	-382.08514	268.51688	-51.882656	-711.3948	-251.77469	244.6185	-37.222683	-870.95715	1000.0	1000.0	240000	48.22293	31.088934	288.66528	-43.31082	-49.508617	9.879029	1869.24063706398
49	-319.2833	453.78952	121.37887	-1291.3134	-250.16068	329.3923	122.34756	-890.62384	874.5	1000.0	245000	48.08146	28.2961	274.17883	-54.14864	-49.314785	8.871919	1912.282229423523
50	-23.111431	220.35251	319.5866	-334.66888	-19.030209	138.36081	256.42697	-191.2735	730.0	807.9	250000	48.650955	25.932331	296.86774	-130.17188	-49.939857	8.704079	1951.5543222427368
51	-178.20926	187.79547	55.89772	-482.395	-128.56866	678.21185	303.47964	-1991.1511	1000.0	816.9	255000	50.952312	25.30871	324.9475	-34.015545	-52.328274	10.084823	1991.2975363731384
52	-334.59473	343.70023	30.273048	-877.39984	-159.27441	210.5422	342.38608	-400.2915	1000.0	804.4	260000	53.38471	25.564201	278.5579	-68.04491	-54.691414	10.096149	2030.7386376857758
53	-28.898071	195.42288	271.13123	-294.93213	105.671	182.33722	299.7964	-348.6503	835.6667	1000.0	265000	54.699654	24.580336	269.28006	-98.584305	-56.026257	8.5725	2072.489905834198
54	-93.659485	145.6053	87.928566	-288.1136	261.2713	118.34822	440.25797	58.482647	1000.0	1000.0	270000	55.892704	23.370214	262.0888	-33.395355	-57.20621	8.058422	2114.1764991283417
55	-38.68153	94.68493	67.026726	-191.35641	-35.482822	260.9224	349.39835	-599.556	1000.0	1000.0	275000	56.888683	22.313797	264.44876	-52.43752	-58.19501	7.96537	2154.6562275886536
56	-113.826256	126.44797	61.158997	-272.886	-3.4911683	354.55777	404.7819	-499.5284	1000.0	1000.0	280000	57.87498	21.407478	270.51138	-85.43242	-59.16658	7.5987515	2194.7794802188873
57	-61.878166	300.614	248.72363	-523.6542	-149.21721	204.87158	108.517685	-527.8605	1000.0	903.4	285000	58.881138	19.66938	252.25278	-46.238174	-60.19496	6.2339087	2233.596610546112
58	-171.3438	162.05698	-2.611831	-433.02994	19.773294	197.65225	353.8253	-294.92288	836.8333	1000.0	290000	60.542316	17.928263	208.20424	-68.498146	-61.868465	5.678973	2273.752368450165
59	-57.19734	196.12694	144.63203	-350.52817	-168.64316	135.23012	86.5015	-388.9597	1000.0	1000.0	295000	62.77176	17.04554	227.72247	-71.61854	-64.1419	5.0046587	2314.510973215103
60	-66.65257	219.44414	68.56035	-504.45245	150.26361	228.35353	421.26886	-216.18192	1000.0	803.5	300000	65.85265	16.169815	189.2099	-98.87053	-67.27083	4.746022	2352.4224259853363
61	-17.490522	145.75905	81.45038	-306.146	-302.7949	614.8052	406.18835	-1243.4471	1000.0	1000.0	305000	69.42394	15.158235	227.3822	-58.903355	-70.86869	4.4864063	2392.665867090225
62	18.272745	320.10403	243.11292	-674.6766	55.62104	206.52884	364.5729	-279.32037	839.1667	1000.0	310000	73.05388	14.463062	240.97313	-58.361042	-74.51987	4.459105	2433.8935487270355
63	143.60947	199.28677	384.21582	-102.586235	98.06966	241.35771	348.46667	-540.0018	1000.0	901.3	315000	76.952835	13.619226	216.05426	-91.64645	-78.48428	3.9985945	2473.63503575325
64	262.93805	103.710846	422.06876	99.68114	96.62696	319.4603	567.1053	-519.6943	1000.0	956.7	320000	81.32022	12.655042	200.63817	-43.233864	-82.88202	3.726661	2514.2287023067474
65	304.91437	174.6435	445.77643	-31.79397	250.62236	147.11037	498.0986	43.217915	1000.0	1000.0	325000	85.769196	12.641548	183.59724	-30.420902	-87.37156	3.8512852	2555.1775102615356
66	162.16536	182.2592	409.3826	-55.019424	197.46814	230.59035	497.0134	-257.24863	1000.0	1000.0	330000	90.43245	12.373309	194.74408	-46.549603	-92.055	3.7955637	2595.4394075870514
67	226.97246	180.86186	539.2666	-13.466906	291.5572	126.296036	538.96594	54.902283	1000.0	1000.0	335000	94.25635	12.180523	184.09593	-42.20286	-95.84984	3.9146585	2637.1672699451447
68	229.05367	176.51733	500.47784	21.316013	-89.51619	322.77347	413.2216	-571.64465	1000.0	1000.0	340000	97.14342	11.864446	199.01813	-20.573128	-98.72585	3.5655587	2678.000596523285
69	160.54158	269.44614	488.6001	-194.9771	437.71304	246.5157	615.58136	-66.5513	1000.0	1000.0	345000	99.49064	11.179688	207.7666	-67.63386	-101.07619	3.280093	2718.672538280487
70	408.0618	188.75232	634.2751	93.6481	302.33517	230.61179	508.98315	-209.34172	1000.0	1000.0	350000	102.087776	10.347447	201.70476	-43.479168	-103.72278	3.3266008	2759.362936735153
71	372.40814	200.88788	600.66296	126.02881	363.16266	256.0248	640.5457	-215.52861	1000.0	1000.0	355000	105.16456	9.566734	193.54109	-41.10502	-106.7864	3.1989079	2799.859376192093
72	411.12726	248.93983	605.6747	-48.166073	218.3757	457.1998	778.57324	-380.25476	1000.0	1000.0	360000	107.592186	8.756078	185.97244	-52.2231	-109.23083	3.0597718	2841.7669718265533
73	187.86447	224.75429	501.93353	-104.17337	387.04132	109.93622	648.588	190.2911	1000.0	1000.0	365000	109.89011	8.328285	210.81845	-57.832474	-111.539024	2.9425268	2883.1361985206604
74	347.1032	191.9599	609.9458	15.712255	152.39009	399.58167	596.0019	-415.49072	1000.0	1000.0	370000	112.10056	7.9341216	196.46062	-33.229687	-113.743324	2.8489466	2925.158757209778
75	93.22539	199.72592	301.6343	-256.02338	290.4676	215.80762	640.20483	-233.3832	1000.0	1000.0	375000	112.81581	7.993749	182.00142	-41.232746	-114.38625	2.9385653	2966.968250989914
76	287.56903	169.6184	534.04114	65.78847	334.14642	184.59244	671.0308	-45.90929	1000.0	1000.0	380000	113.061966	8.441846	182.86203	-37.67919	-114.6525	2.7788897	3008.2416763305664
77	278.11932	179.20619	473.96335	-59.86119	373.24707	86.61908	553.7796	198.30348	1000.0	1000.0	385000	113.84769	8.489366	190.9796	-87.963425	-115.42425	2.661039	3049.688588619232
78	302.56152	164.37999	458.6444	1.1048508	451.07706	78.08571	573.92584	366.17987	835.1667	1000.0	390000	115.020355	8.833942	179.83029	-32.822777	-116.63967	2.7180789	3090.9936950206757
79	362.0272	62.262608	465.3477	291.78656	196.10654	255.55684	675.6913	-70.547874	1000.0	1000.0	395000	115.58448	9.205925	182.96895	-151.7584	-117.131966	2.775296	3132.4944648742676
80	384.58566	230.11897	580.0958	-49.349834	397.73474	278.335	830.31635	-79.57682	1000.0	1000.0	400000	115.928696	9.460744	180.14066	-30.5954	-117.51457	2.657531	3174.160986185074
81	318.31894	220.55455	511.10498	-98.76599	396.5345	211.35823	644.43585	-55.491196	1000.0	1000.0	405000	116.58367	9.495469	177.92308	-73.12826	-118.12655	2.6446764	3216.2386424541473
82	398.138	127.50127	547.8159	182.16519	405.7929	293.2406	858.1663	-1.9200166	1000.0	804.2	410000	116.29276	9.87638	206.86342	-70.32077	-117.8036	2.95038	3255.4636631011963
83	302.48334	265.57098	544.3583	-214.07434	-211.90425	764.628	584.06683	-2021.8027	1000.0	904.5	415000	114.98874	10.128279	235.49068	-52.845913	-116.442085	3.981925	3295.9626467227936
84	200.9667	118.22475	389.1798	73.23739	128.27951	224.51639	377.76276	-422.85812	1000.0	907.7	420000	113.235306	10.660618	211.25894	-25.799774	-114.6537	3.4240446	3336.5199060440063
85	228.90791	102.95211	353.67545	65.45744	344.18393	124.335175	517.921	8.834797	1000.0	901.3	425000	111.53345	9.891737	203.02872	-33.01822	-112.95555	3.272169	3376.9445893764496
86	247.86235	128.54906	410.71683	25.62566	340.48273	327.5724	567.5133	-619.7617	1000.0	1000.0	430000	110.61498	9.39395	190.09805	-32.24423	-112.06555	3.2829914	3418.575398683548
87	426.60312	101.00325	610.5312	312.82892	409.49988	362.00403	666.8174	-660.8492	1000.0	1000.0	435000	111.02263	9.205013	198.3385	-40.394226	-112.51541	2.9826567	3460.5545926094055
88	402.0572	27.626698	438.1154	368.0041	370.85367	267.2404	517.3912	-423.67444	1000.0	1000.0	440000	111.93435	9.236396	190.38203	-58.861565	-113.39421	3.1400194	3502.3670761585236
89	401.74753	146.30414	530.9941	131.64565	403.70856	171.74725	831.9726	208.41505	1000.0	1000.0	445000	111.46463	9.204674	188.13441	-35.673183	-112.897575	2.9498403	3544.5961740016937
90	359.43832	145.45755	466.60324	72.54355	442.0126	211.43718	601.2383	-169.78386	1000.0	1000.0	450000	111.21667	9.310031	181.50339	-95.64816	-112.648026	2.9302413	3587.137437105179
91	394.99603	154.03795	601.58026	123.57582	439.01505	156.74968	662.64215	142.38509	1000.0	917.9	455000	110.865715	9.328995	187.15744	-39.808693	-112.27013	2.9692075	3627.9462139606476
92	334.9179	164.85374	489.6256	25.054625	249.65263	213.4991	495.4059	-201.1299	1000.0	925.2	460000	109.8232	8.91838	180.47235	-61.219097	-111.18333	2.7428005	3668.5884132385254
93	409.71085	118.390816	532.29895	203.36972	446.4374	255.43747	767.63605	-52.48555	1000.0	915.0	465000	108.388	8.885535	175.99524	-24.177193	-109.72705	2.7281845	3709.2151992321014
94	385.21265	93.97376	514.2318	243.55286	671.031	111.7133	805.06165	391.59012	1000.0	1000.0	470000	107.13855	9.084575	181.72789	-30.37133	-108.4719	2.728732	3750.7688274383545
95	510.0918	219.53252	792.9595	196.01303	512.0394	200.99022	782.7268	185.48334	1000.0	1000.0	475000	106.41796	9.048373	181.70128	-32.002968	-107.76785	2.656373	3793.1940698623657
96	380.9409	173.49063	520.5977	6.279014	662.19257	109.291405	870.7955	491.7889	844.8333	1000.0	480000	106.526794	9.318687	205.89375	-21.87307	-107.891136	2.7996416	3835.1203384399414
97	458.40805	187.33188	765.408	174.01024	480.48364	258.19568	825.65643	164.25928	1000.0	1000.0	485000	106.852425	9.5058	221.81346	-13.935013	-108.2382	2.8116338	3878.034497499466
98	564.9431	116.61516	721.93256	424.95978	586.39905	219.15399	917.71545	273.47015	1000.0	954.2	490000	107.58788	9.703724	226.76096	-26.034842	-108.95559	2.830863	3919.295242547989
99	578.3849	73.82566	687.34204	463.80038	379.09445	84.19428	503.6505	201.61336	1000.0	1000.0	495000	107.78376	9.868878	221.25224	-20.935993	-109.13397	2.7560449	3960.8809113502502
100	351.85812	286.72723	689.9509	-89.88363	500.12964	230.87512	882.579	76.013374	838.6667	1000.0	500000	107.53723	9.912419	222.60457	-54.62227	-108.85775	2.4502103	4002.9071044921875
101	602.6864	158.80664	782.1385	345.56696	440.07397	273.87057	826.90375	21.585295	1000.0	815.5	505000	107.387085	9.9217005	181.33922	-58.492104	-108.7306	2.4950976	4042.339008808136
102	590.05865	133.41986	779.4914	371.4006	492.5668	148.36258	763.6897	275.71085	1000.0	1000.0	510000	107.86277	9.887461	177.53343	-52.8851	-109.19655	2.4370499	4084.7108244895935
103	565.6271	61.55706	665.31854	504.91693	359.56354	119.51485	518.9285	144.97873	1000.0	1000.0	515000	108.01698	9.902304	184.37128	-57.604145	-109.328	2.48866	4126.674326181412
104	477.83344	113.13595	623.44037	328.58844	336.458	120.60887	616.46783	193.80305	1000.0	1000.0	520000	108.32465	9.470216	183.3129	-41.847706	-109.65965	2.462716	4169.7180461883545
105	468.88623	150.19759	667.98254	309.98386	610.9178	139.79568	839.3566	329.25006	1000.0	1000.0	525000	108.56713	9.340157	181.60004	-67.271255	-109.87305	2.4874604	4212.576525211334
106	412.87564	225.51253	627.40717	21.039263	687.654	105.93286	819.27094	450.8049	807.0	1000.0	530000	108.6302	9.124818	206.47917	-79.26631	-109.93102	2.4012272	4251.410328388214
107	549.09784	81.62295	668.80334	458.7691	554.98315	60.787014	676.023	461.42447	1000.0	1000.0	535000	108.288376	9.025926	178.24329	-70.4962	-109.55596	2.2177477	4294.191257476807
108	515.9723	136.2984	733.74646	346.5356	515.2415	188.72702	731.2042	150.71017	1000.0	1000.0	540000	108.020035	9.046177	181.9823	-19.587133	-109.298	2.4631698	4337.203896045685
109	535.3174	179.25166	757.74164	241.44328	537.89435	274.46213	921.2059	-66.17981	1000.0	1000.0	545000	107.861435	9.191579	180.28142	-42.999462	-109.1365	2.379626	4380.158030509949
110	589.54065	100.937904	700.13	398.37598	521.13525	114.83707	715.2833	353.47067	1000.0	1000.0	550000	108.07245	8.910935	174.20213	-105.343765	-109.34605	2.2046278	4422.902278661728
111	448.57635	95.06715	583.26636	300.78223	537.5604	235.98831	836.5131	185.33746	1000.0	1000.0	555000	108.14096	8.970489	185.29016	-103.29644	-109.40627	2.280517	4465.558471441269
112	547.11993	59.3832	629.43286	450.84586	328.1351	204.19257	429.52365	-278.43155	1000.0	1000.0	560000	108.02104	8.873819	179.82602	-55.186367	-109.27373	2.280247	4510.507657766342
113	445.69818	115.40867	584.0705	304.5566	706.7807	187.3355	934.02264	354.22128	1000.0	1000.0	565000	107.83132	8.854322	178.84998	-49.509457	-109.08115	2.2812483	4556.1213500499725
114	647.7401	129.57289	752.7586	398.6006	568.2506	138.55365	822.9891	337.18237	1000.0	1000.0	570000	107.80421	8.788364	176.07693	-59.99006	-109.06555	2.197309	4602.364118337631
115	509.494	176.34691	784.1314	249.4289	499.7464	210.68988	859.214	0.68187225	1000.0	901.3	575000	108.47281	8.83149	180.46452	-60.502216	-109.73087	2.2016442	4649.345165729523
116	647.45575	52.023315	709.65497	552.9223	762.33466	75.95467	831.0692	550.12994	1000.0	1000.0	580000	108.55045	8.711352	179.12128	-34.585865	-109.79233	2.2531362	4699.783542633057
117	660.9056	101.68718	836.78815	556.40015	606.9017	146.26952	825.11774	258.27	1000.0	1000.0	585000	108.691414	8.616222	177.69925	-85.5837	-109.92655	2.3010907	4751.771114110947
118	589.3198	87.97259	700.78876	449.284	734.40247	260.713	956.7629	21.077768	1000.0	903.2	590000	108.458984	8.716561	179.99413	-77.355316	-109.68535	2.2135026	4802.9223375320435
119	666.08075	54.102917	763.6888	609.3664	828.1833	49.995983	903.0718	742.8395	1000.0	1000.0	595000	108.525604	8.560264	176.38622	-55.112118	-109.74915	2.1804838	4856.122984886169
120	672.7335	80.884544	778.47577	589.21204	529.8257	186.97627	648.8143	-4.1662626	1000.0	901.1	600000	108.56531	8.485699	185.9495	-59.726055	-109.79095	2.1386328	4908.582832336426
121	609.66364	149.36209	824.5426	435.94846	588.192	205.04974	813.95233	315.21802	1000.0	1000.0	605000	108.8919	8.572528	183.48314	-58.22709	-110.11568	2.3183496	4963.230343580246
122	616.2226	153.68135	792.2629	342.20197	644.11115	86.91454	774.0188	495.23532	1000.0	1000.0	610000	108.90172	8.231526	181.49377	-34.37476	-110.10908	2.2022116	5016.936170578003
123	532.65875	217.58894	776.86914	106.32826	582.7168	50.478207	663.8953	496.40073	851.1667	1000.0	615000	109.12424	8.23212	178.49844	-31.160275	-110.343765	2.1740708	5072.649526596069
124	524.69086	60.657307	609.9416	433.17828	522.95105	127.67495	811.2594	384.25726	1000.0	1000.0	620000	109.370384	8.25783	174.3814	-38.683533	-110.57025	2.2023218	5128.376665592194
125	468.10846	266.99896	757.2512	-35.39651	472.49057	143.09721	643.2184	85.03458	1000.0	1000.0	625000	109.60557	8.542969	177.10469	-60.844124	-110.83433	2.1824985	5183.273546457291
126	476.75406	125.433495	679.11206	334.58658	592.4615	239.406	913.65674	22.943958	1000.0	902.6	630000	110.35613	8.877645	177.72598	-78.5081	-111.5838	2.0062296	5235.2651014328
127	497.4061	213.43146	766.46875	93.18499	578.282	185.73538	904.95013	245.65154	861.5	1000.0	635000	110.439964	8.617624	174.46931	-58.15469	-111.62459	2.080374	5289.945631742477
128	397.4706	228.99945	601.84607	-43.349976	462.5756	87.34628	563.599	342.92618	1000.0	1000.0	640000	110.14162	8.351167	180.26143	-55.66269	-111.31317	2.0819933	5344.144603967667
129	685.0934	107.896965	830.141	496.16495	635.94183	174.48935	836.45105	205.76329	1000.0	1000.0	645000	109.96718	8.676203	181.45209	-55.14028	-111.15811	2.141404	5397.562402009964
130	660.35925	194.14832	905.06885	410.34244	681.9872	79.99496	784.9355	567.54266	919.0	1000.0	650000	110.38009	8.849646	179.7598	-68.274826	-111.5941	2.040697	5453.4598977565765
131	588.4912	234.59834	1001.9032	304.0302	746.55865	64.97019	865.21765	680.5887	1000.0	1000.0	655000	111.29116	8.826005	176.73274	-50.1994	-112.501625	2.0817692	5506.781626701355
132	674.2937	82.46165	812.33545	568.76483	667.23126	200.47672	875.20966	277.43967	1000.0	1000.0	660000	111.56659	8.757436	181.60056	-89.16529	-112.7596	2.0973518	5561.95791888237
133	782.7305	106.16235	918.54346	658.01587	621.9949	208.40808	786.01013	12.152831	1000.0	902.0	665000	112.16364	8.860656	179.07506	-59.331894	-113.37861	2.136877	5614.35179567337
134	696.62366	120.15908	902.3846	542.59467	554.85394	98.27306	697.8677	343.08368	1000.0	1000.0	670000	113.00895	8.887333	181.10681	-50.061317	-114.23222	2.0878425	5668.211982250214
135	573.07666	129.19029	746.2398	349.2485	872.65576	63.931644	989.0662	765.0051	1000.0	1000.0	675000	113.46563	9.100881	177.04507	-53.867966	-114.66073	2.2476187	5721.795531511307
136	636.44305	97.68383	753.9065	511.88657	802.8113	79.05445	928.845	639.05817	1000.0	1000.0	680000	113.55561	9.48593	183.135	-63.786545	-114.73913	2.2222965	5775.822540998459
137	634.73987	59.280003	728.0173	553.3096	714.5792	24.686062	759.5875	689.2885	1000.0	1000.0	685000	113.70187	9.421532	183.55898	-61.17331	-114.89278	2.0590172	5828.372730970383
138	595.3985	162.00461	774.2897	299.0959	510.3195	88.79625	737.97345	410.33725	1000.0	1000.0	690000	113.88442	9.268186	180.54265	-37.306423	-115.08431	1.9924833	5882.120560407639
139	674.67395	38.235916	747.2759	641.11017	926.69275	81.20035	1031.4996	783.2467	1000.0	1000.0	695000	114.90625	9.587952	183.23137	-28.616764	-116.12273	2.128425	5934.2301280498505
140	580.8639	167.82196	747.933	310.86456	660.68506	166.78214	946.4916	397.93954	1000.0	1000.0	700000	115.60531	9.78942	188.40425	-35.63954	-116.815315	2.0379372	5985.427302598953
141	551.8156	124.23938	717.5774	437.01172	581.44934	202.96376	847.89	267.1556	1000.0	1000.0	705000	116.0688	9.825064	188.69374	-27.990093	-117.2731	2.21161	6035.594049453735
142	500.91357	223.50005	656.68286	9.293429	684.72986	87.08364	781.7829	528.8626	837.1667	1000.0	710000	116.41242	10.096679	186.62347	-63.81013	-117.6237	2.3164852	6086.248169898987
143	575.9463	86.30003	690.53503	442.26602	776.5674	31.391474	840.3199	720.01	1000.0	1000.0	715000	117.00706	10.195053	187.00964	-32.46286	-118.218	2.2322032	6136.629563570023
144	529.4989	188.65454	661.6649	160.84778	654.82794	63.54587	800.7625	539.05237	1000.0	1000.0	720000	117.426094	10.813161	194.50311	-29.117226	-118.626274	2.1153288	6185.611245632172
145	590.3799	36.730545	635.7556	537.34216	567.8034	91.66806	688.65955	407.85037	1000.0	1000.0	725000	117.35251	10.966332	187.81287	-22.594643	-118.52461	2.1193323	6234.282950639725
146	563.7572	79.828964	640.4913	415.07507	-129.53786	327.7315	733.8784	-382.9687	1000.0	1000.0	730000	117.00328	10.99157	190.32222	-78.23797	-118.174774	2.077004	6283.2698011398315
147	585.5732	175.21635	842.35236	336.20563	515.94916	215.94922	749.78735	-21.583677	1000.0	1000.0	735000	116.58697	11.022739	189.58182	-45.450382	-117.73965	2.099592	6330.745072126389
148	550.03845	151.51695	685.877	265.21423	585.954	149.29381	760.723	190.83118	869.0	1000.0	740000	116.33382	10.883287	189.8609	-22.301842	-117.48705	1.9867156	6374.750103473663
149	431.1998	226.17134	695.9222	152.67249	426.48154	151.97096	647.40204	105.61454	1000.0	1000.0	745000	116.23903	10.810475	187.36247	-64.95023	-117.39104	2.161798	6419.4322736263275
150	506.0433	222.67339	795.21344	184.52802	678.8432	232.25597	860.5866	27.797853	1000.0	905.5	750000	115.86691	10.645169	188.6827	-36.761684	-117.00961	2.0076554	6462.465294837952
151	443.66528	135.26509	685.5925	319.5592	754.01556	68.46396	870.3386	615.1559	1000.0	1000.0	755000	115.61773	10.657906	189.78026	-50.31127	-116.767166	2.1499863	6506.889715909958
152	549.4219	52.327827	643.66034	482.9679	236.8442	55.68926	339.95438	137.78429	1000.0	1000.0	760000	116.16131	10.746325	192.73029	-41.923283	-117.35325	2.1080174	6550.681125402451
153	483.65152	191.79047	769.6355	309.60782	432.71176	284.61444	815.05774	-63.20327	1000.0	1000.0	765000	117.00797	10.219545	188.23062	-45.293217	-118.203636	2.0403054	6594.786276102066
154	385.69012	206.66528	602.7553	121.40151	584.5094	264.55377	858.64484	75.234245	1000.0	911.7	770000	117.929436	9.976774	192.26178	-49.841507	-119.1242	2.0365105	6638.162808895111
155	415.41113	100.80274	539.9113	297.31723	852.89777	58.639145	909.7189	723.9776	1000.0	1000.0	775000	118.634094	10.089465	188.06741	-61.55047	-119.84342	2.0113328	6681.691291809082
156	665.03577	77.765785	808.7015	587.0138	719.09076	132.87805	937.50616	538.36273	1000.0	1000.0	780000	119.91868	9.959428	189.11871	-42.38591	-121.148026	1.9483039	6724.36190032959
157	641.4696	105.611755	754.0657	462.51306	547.94415	209.24693	817.5213	244.43575	1000.0	1000.0	785000	121.150505	9.925946	194.05469	-32.898926	-122.38835	2.1062422	6767.425684452057
158	562.78174	91.22992	667.08374	419.85748	451.21548	93.96788	712.669	363.0807	1000.0	1000.0	790000	122.55498	9.68433	195.16261	-43.498924	-123.82695	1.9170785	6810.0996651649475
159	551.11316	213.35628	817.41016	237.29176	604.9683	98.37451	761.4869	493.89243	1000.0	1000.0	795000	124.4529	9.600972	201.47386	-38.158085	-125.74915	1.8123916	6852.921026945114
160	386.76266	195.80045	716.21594	16.719034	714.87	22.13678	739.1709	667.2365	772.4286	1000.0	800000	126.58752	9.179044	197.45613	-48.386223	-127.90843	2.0537949	6896.731935977936
161	521.0077	59.223186	615.0353	457.84244	122.6288	148.79997	548.5858	-4.817455	1000.0	1000.0	805000	128.34361	8.765726	195.03017	-60.719334	-129.65215	1.871451	6939.827268123627
162	343.021	174.20685	536.61725	36.366688	342.50256	67.9269	417.6082	247.63643	1000.0	1000.0	810000	129.67068	8.4673395	197.78574	-8.020298	-130.97633	1.9607903	6984.086338996887
163	537.8416	139.37778	725.8155	347.00928	664.70886	149.01334	868.93146	431.67596	1000.0	1000.0	815000	130.28061	8.209773	206.73524	-26.299097	-131.55463	2.003752	7027.26492190361
164	558.8895	259.97034	946.2935	302.203	305.2354	78.12064	416.76758	189.66956	1000.0	1000.0	820000	130.68073	8.333972	207.61754	-68.68165	-131.95688	2.137543	7070.117150306702
165	584.78143	131.93295	767.93384	390.57364	294.8844	25.888994	348.75027	261.17047	1000.0	1000.0	825000	131.11516	8.497542	196.62604	-53.428497	-132.39626	2.1285741	7113.754681110382
166	617.60254	176.33534	821.4089	317.359	943.0734	78.92871	1086.0259	838.56165	1000.0	1000.0	830000	131.39566	8.6160965	204.4726	-58.783848	-132.68137	2.034528	7156.287168741226
167	676.892	206.19403	955.9057	375.28973	738.371	108.733665	868.9654	463.43964	1000.0	1000.0	835000	131.32883	8.623723	205.95607	-23.539593	-132.58395	2.0347245	7199.980933427811
168	566.5486	150.46957	839.62	427.41492	551.92957	271.35703	977.8782	68.4614	1000.0	841.5	840000	131.30736	8.593773	207.9178	-34.13847	-132.5783	2.0961401	7241.455748796463
169	651.8076	124.26374	845.32336	478.6074	371.18692	42.375446	441.07452	312.73975	939.2	1000.0	845000	131.47205	8.876018	210.96085	-29.494205	-132.72672	2.036723	7284.25764298439
170	512.42224	174.24112	768.01276	292.87442	833.02606	108.5005	967.7537	557.2694	1000.0	1000.0	850000	131.22699	9.16402	208.35374	-50.571987	-132.46634	2.0121841	7327.565218925476
171	724.4557	113.25831	869.2157	527.5464	774.6574	190.82112	990.18756	296.13745	1000.0	1000.0	855000	130.99799	9.498547	201.53317	-87.58426	-132.2318	2.1607845	7370.538770675659
172	565.72	99.950874	687.69806	411.0533	633.80005	243.25304	850.71625	-17.293917	1000.0	902.4	860000	130.79523	9.851662	201.77815	-36.331635	-132.02873	2.0642192	7413.0670557022095
173	462.81326	261.15704	796.34845	14.086995	644.73755	196.7455	849.09424	189.73721	790.8571	889.9	865000	130.37381	10.21678	202.20137	-35.526474	-131.59592	2.029599	7456.465324163437
174	445.7899	136.72464	681.3283	265.2347	674.1671	164.91417	852.5005	219.99924	1000.0	1000.0	870000	130.19098	10.814201	204.04533	-74.512596	-131.4124	2.084302	7499.871413946152
175	525.42444	195.55444	772.4027	303.90198	771.7936	201.63963	1081.5829	517.7171	1000.0	986.6	875000	130.14046	11.210234	208.879	-65.72116	-131.37077	2.0813048	7543.160715579987
176	532.339	159.50626	800.4478	343.86807	765.30347	86.15024	923.72577	615.77496	1000.0	1000.0	880000	130.14894	11.666024	203.81612	-32.624645	-131.3865	2.171857	7586.905921459198
177	632.35474	168.8736	880.1687	403.77435	760.6136	176.24852	973.62335	446.2329	1000.0	1000.0	885000	129.70807	11.976915	205.57626	-42.787067	-130.90767	2.3436642	7630.093683242798
178	544.4332	129.78253	718.8795	395.70877	698.7112	139.37349	900.8166	433.78494	1000.0	1000.0	890000	129.13986	12.440873	205.48471	-134.39204	-130.34317	2.3331132	7673.3922209739685
179	809.3516	97.78187	953.61035	667.46783	525.16846	201.66849	684.5101	61.953445	1000.0	827.7	895000	128.89862	12.578612	208.10655	-45.882397	-130.1033	2.1701267	7714.4973866939545
180	509.2539	249.004	829.7892	8.358403	748.93713	133.06866	945.04486	482.5892	837.1667	1000.0	900000	128.77835	12.376226	209.47876	-20.640387	-129.98422	2.183952	7757.480808496475
181	541.0217	80.82252	636.72577	396.6628	611.17444	329.00037	973.8264	42.469215	1000.0	811.6	905000	128.78546	12.447085	206.05624	-15.738193	-129.98573	2.111118	7797.805272817612
182	625.98254	120.00814	749.9805	407.9704	588.2831	95.92358	797.24347	446.71802	1000.0	1000.0	910000	128.42986	12.422474	204.12807	-11.905122	-129.6141	2.2234118	7842.141252994537
183	331.76355	139.49945	587.5283	179.23709	752.51447	96.80336	841.27936	473.37027	1000.0	1000.0	915000	128.13185	12.368693	205.06003	-10.450491	-129.30933	2.161075	7885.8113925457
184	500.97842	221.13669	676.3791	37.825832	501.65698	128.50063	628.3708	163.24934	843.0	1000.0	920000	127.46771	12.260115	204.1686	-36.55185	-128.62352	2.2026973	7930.44873213768
185	535.20886	145.09258	757.768	302.15353	732.8766	155.35452	961.2109	456.66693	1000.0	1000.0	925000	127.021614	12.394246	207.7066	-44.2775	-128.19678	2.2788184	7974.290647029877
186	617.85486	86.724945	736.70685	534.38214	693.10754	75.740715	795.1835	599.84467	1000.0	1000.0	930000	127.15763	12.646275	205.03531	-23.59328	-128.32771	2.1985579	8017.288793563843
187	673.79047	78.25928	774.6513	555.8005	502.1692	142.7708	741.22125	196.95488	1000.0	1000.0	935000	126.70329	12.633872	199.17511	-109.04539	-127.84565	2.1468546	8061.629691362381
188	420.18048	98.3373	556.26843	250.01862	765.78754	102.65949	939.906	570.0559	1000.0	1000.0	940000	126.0832	12.445684	201.95049	-83.95543	-127.22495	1.9412558	8105.228235960007
189	664.0037	183.26775	795.86115	305.40912	667.23096	278.98532	1001.51984	2.0974202	1000.0	901.9	945000	125.64888	12.325789	201.7807	-34.14852	-126.79385	1.9951726	8147.535334587097
190	711.69507	153.8113	971.40894	512.36395	638.10785	139.73718	802.0171	436.39728	1000.0	1000.0	950000	125.90281	12.97109	202.22337	-96.90288	-127.06095	1.9866805	8191.898861408234
191	634.83246	115.92531	747.24884	411.44467	930.14374	192.22322	1240.6616	723.7377	1000.0	1000.0	955000	126.271996	13.598432	207.42896	-70.34197	-127.44377	2.0765724	8236.636362552643
192	756.7938	164.87341	994.1272	489.18085	873.35535	96.5244	980.62	672.3653	1000.0	1000.0	960000	127.035126	14.04702	206.83324	-55.940723	-128.23448	2.1411786	8279.973263978958
193	668.98676	51.816475	749.52924	607.2751	1125.0546	112.648575	1197.5615	801.41754	1000.0	1000.0	965000	127.87836	14.523775	206.36058	-43.35517	-129.05675	2.1796703	8322.871004343033
194	745.99115	150.9014	871.8392	454.12854	1094.3923	43.83775	1170.9282	1016.54767	1000.0	1000.0	970000	127.825775	14.987173	213.24391	-52.35845	-128.99532	2.3622887	8366.175929069519
195	407.9322	215.94295	760.3675	121.88296	1055.9329	117.82237	1200.6354	762.17456	1000.0	1000.0	975000	127.60836	15.453671	215.57668	-84.591705	-128.76892	2.7413466	8409.928277254105
196	686.5009	211.84923	1069.341	476.94855	772.148	81.38928	945.56323	670.32623	1000.0	1000.0	980000	127.59586	15.691281	208.17412	-108.67688	-128.76578	2.3353887	8454.173998117447
197	876.9137	57.362926	971.51843	793.17126	944.75354	259.10452	1199.0391	356.52637	1000.0	1000.0	985000	128.06921	15.691392	209.74783	-22.30522	-129.25293	2.392457	8497.379506111145
198	799.6124	148.48691	947.17523	555.87604	1044.107	156.73888	1163.115	636.37445	1000.0	1000.0	990000	128.7073	16.069454	212.31226	-53.016693	-129.89587	2.379459	8541.788229703903
199	781.5016	297.86398	1107.6173	233.65623	1086.3177	83.81459	1193.356	883.02924	1000.0	1000.0	995000	128.92195	15.926805	207.80234	-5.430747	-130.07545	2.401482	8585.686152458191
200	789.3917	113.55751	982.79816	665.00934	389.7408	96.17099	517.71484	239.00644	1000.0	1000.0	1000000	128.84889	15.441184	213.46402	-65.61776	-130.01103	2.4684935	8629.694866418839
201	525.82104	214.39844	759.80743	171.91998	449.0958	53.5988	525.005	322.914	1000.0	1000.0	1005000	128.65125	15.197453	222.69122	-35.890728	-129.79488	2.593717	8673.716770648956
202	460.76202	130.28387	634.06146	247.45853	799.93665	53.16129	873.7164	699.6342	1000.0	1000.0	1010000	128.39679	15.080315	210.42358	-8.703316	-129.53543	2.3091753	8718.011137247086
203	458.09174	121.53274	654.98456	287.0168	339.81512	114.6096	467.3771	87.9264	1000.0	1000.0	1015000	128.39157	15.111137	215.67902	-34.102303	-129.53229	2.3768806	8762.203830957413
204	424.08414	225.97621	730.87494	39.288242	815.02686	105.086784	952.3817	625.23584	841.1667	1000.0	1020000	128.06506	14.900224	210.69603	-87.21318	-129.14804	2.3765879	8807.086925983429
205	622.4679	121.189926	833.7707	476.83176	582.5819	156.96837	838.4663	364.23676	1000.0	1000.0	1025000	127.305695	14.957608	209.49203	-49.733826	-128.3958	2.0791738	8852.344038963318
206	605.1723	168.90715	720.3293	273.42725	691.8295	187.24063	870.39496	275.2888	1000.0	1000.0	1030000	126.55986	15.356873	210.9515	-115.68067	-127.62994	2.2769418	8897.148166894913
207	623.8076	126.09247	782.746	466.7826	616.5656	124.03748	778.5978	442.75	1000.0	1000.0	1035000	125.95986	15.352673	205.69626	-82.99388	-127.03695	2.2892652	8941.924235343933
208	522.4392	140.62434	685.646	300.10547	516.7109	117.5799	729.44086	321.60696	1000.0	931.5	1040000	125.6082	15.514333	205.66145	-70.08572	-126.68065	2.4172337	8985.35207939148
209	532.6016	161.91159	805.02313	298.95724	278.2467	330.73917	815.79663	-103.94552	1000.0	1000.0	1045000	125.39027	16.017405	205.22432	-39.075077	-126.47455	2.2520902	9030.336040496826
210	535.27295	161.72269	735.44556	263.44244	940.37854	94.21486	1118.6271	806.7478	1000.0	1000.0	1050000	125.55576	16.81775	207.43433	-16.76757	-126.654724	2.40768	9075.364431142807
211	653.63995	184.02551	887.9855	395.94644	847.0545	47.43987	944.8242	777.575	1000.0	1000.0	1055000	125.90831	17.20632	206.81558	-65.70656	-127.0111	2.5573418	9119.87024307251
212	763.0396	81.7835	862.7185	653.56476	800.3014	58.114887	962.6221	741.9649	1000.0	1000.0	1060000	126.38326	17.539417	206.14006	-65.38054	-127.4891	2.6360521	9165.145315408707
213	655.4228	116.07616	864.51	516.402	708.0367	268.7088	1080.5441	343.39236	1000.0	1000.0	1065000	126.77217	18.039557	208.31473	-39.614754	-127.86975	2.5508938	9209.779039621353
214	696.9756	157.57	924.1042	479.2588	922.55096	198.91476	1133.3121	574.73083	1000.0	1000.0	1070000	126.97878	18.039032	222.51682	-14.205629	-128.06058	2.4961965	9254.670060634613
215	758.54553	89.39176	879.6584	618.29865	836.7259	60.185158	938.6158	722.89825	1000.0	1000.0	1075000	126.81172	17.830004	209.3174	-69.02316	-127.88397	2.4202528	9298.757292985916
216	570.4061	111.062256	699.3424	409.0958	742.564	169.28336	1016.6757	535.22485	1000.0	1000.0	1080000	126.86518	18.060028	209.24518	-41.696465	-127.94126	2.5722022	9343.31221985817
217	513.04407	174.11913	736.7737	261.34927	669.8981	241.57234	843.2166	87.23873	1000.0	1000.0	1085000	126.966934	17.934795	213.62831	-40.152218	-128.03313	2.5351794	9388.484122991562
218	690.9286	87.423935	821.9246	593.2667	686.446	53.32699	723.4172	533.2085	1000.0	1000.0	1090000	126.95588	17.977634	211.92068	-65.96288	-128.00688	2.4390972	9432.663064479828
219	590.9741	144.56805	791.476	437.6114	805.5394	92.13267	912.99146	578.37714	1000.0	1000.0	1095000	126.722145	18.288836	199.66954	-52.537937	-127.7445	2.335357	9479.611905574799
220	736.2556	39.14685	777.0431	673.5436	853.5706	81.05017	1033.6088	756.0404	1000.0	1000.0	1100000	126.423035	18.321508	204.60965	-57.43569	-127.46	2.4756687	9523.638008117676
221	820.71466	117.15525	1037.4734	680.68134	1009.3991	129.70833	1142.3586	666.6454	1000.0	1000.0	1105000	126.439064	18.40881	206.1049	-23.48975	-127.46628	2.459887	9568.567138671875
222	866.2992	75.75896	950.1215	771.33765	893.0707	184.44464	1142.7424	606.01385	1000.0	992.9	1110000	126.22734	18.47896	207.239	-28.376982	-127.247475	2.4002135	9613.518667459488
223	628.8131	162.88326	800.869	358.34772	773.4147	175.42064	1047.7845	530.1242	1000.0	1000.0	1115000	126.393486	18.781624	210.60297	-59.78352	-127.413925	2.4555929	9658.51080274582
224	719.9641	108.98084	905.76025	609.85913	885.88684	108.798805	954.3048	574.3906	1000.0	1000.0	1120000	126.48268	18.793036	204.65273	-13.504673	-127.492035	2.4280298	9703.271869421005
225	711.13055	127.29253	843.64996	498.1192	1012.75256	162.31425	1282.2142	668.28656	1000.0	1000.0	1125000	126.70471	18.868383	203.19	-41.12281	-127.72153	2.522887	9748.188128471375
226	689.13116	172.52722	885.40063	401.52847	801.00995	301.3626	1200.7688	150.69452	1000.0	918.5	1130000	127.09344	18.98501	209.61102	-39.223602	-128.0915	2.4016511	9792.642498016357
227	657.2441	72.748314	763.636	560.4786	568.03723	166.78122	671.8423	84.55533	1000.0	1000.0	1135000	127.20785	19.173471	208.3568	-21.66819	-128.21007	2.4407349	9837.546110630035
228	645.935	247.08615	958.3022	215.73708	500.79428	240.7299	908.75055	100.65443	1000.0	1000.0	1140000	127.8373	19.881573	215.85834	-40.516834	-128.83624	2.5492382	9882.7064909935
229	620.6077	213.21979	807.89636	209.23166	783.5336	83.82365	878.6395	612.8312	1000.0	1000.0	1145000	127.768585	19.594175	212.8947	-26.366276	-128.74017	2.5021236	9927.094239234924
230	766.1626	96.99995	944.1118	657.833	954.3005	55.994663	1049.2573	848.35046	1000.0	1000.0	1150000	127.941574	19.614464	206.40523	-66.11914	-128.90753	2.4683871	9972.28367638588
231	647.9623	144.87994	852.3478	437.94998	927.99396	163.9641	1185.7355	584.6569	1000.0	1000.0	1155000	127.85663	19.708618	211.89178	-12.279806	-128.81288	2.4003463	10017.212262153625
232	818.1783	97.61035	934.90735	642.1003	579.55676	104.22112	792.13403	379.17844	1000.0	1000.0	1160000	127.8204	19.50354	218.58142	-27.416628	-128.76	2.5395515	10061.045400619507
233	711.3596	151.69536	870.24097	446.66602	956.6919	276.2881	1212.5168	453.3648	1000.0	1000.0	1165000	128.21614	19.635708	209.49304	-35.916187	-129.1753	2.4900753	10105.28810596466
234	769.80554	219.5303	1023.41315	471.7171	923.07404	271.03003	1179.846	368.16772	1000.0	1000.0	1170000	128.80428	19.444986	217.01193	-40.62507	-129.75052	2.5223145	10148.781579494476
235	731.40344	169.72185	906.69666	480.76294	678.6257	178.42677	941.35815	374.33035	1000.0	1000.0	1175000	129.02063	18.960611	211.32062	-38.14803	-129.9461	2.3123655	10191.934889793396
236	769.72266	190.3699	1128.6597	558.69543	463.9121	111.92335	644.1271	296.50272	1000.0	1000.0	1180000	129.0912	18.776463	215.7916	-2.511681	-130.00098	2.3073785	10233.262918233871
237	649.5702	173.97003	886.0816	497.0732	871.0596	75.279305	934.8427	662.2604	1000.0	1000.0	1185000	128.94987	18.793982	215.9582	-15.313592	-129.84883	2.433552	10273.990139007568
238	665.3747	136.37314	840.9239	519.1395	328.2761	128.7387	538.9736	142.70175	1000.0	1000.0	1190000	129.14693	18.444124	206.30807	-56.187355	-130.0497	2.3031757	10314.068025112152
239	574.1874	158.47122	708.69257	312.71518	744.3964	239.3996	997.45953	399.8976	1000.0	1000.0	1195000	129.08936	18.317968	212.63966	-80.54776	-129.95976	2.3249297	10353.48334646225
240	449.87695	172.02797	707.892	266.98795	315.0973	124.50911	613.54816	175.46613	1000.0	1000.0	1200000	128.65837	18.187105	201.92215	-73.958275	-129.53273	2.2730904	10394.1570520401
241	633.8812	219.29025	858.8752	370.5971	679.14417	216.87859	986.78204	446.90424	1000.0	1000.0	1205000	128.28899	18.287329	200.48398	-59.366905	-129.14395	2.3025718	10433.69096660614
242	629.7086	205.61429	953.56885	409.0209	639.8429	110.329094	776.9015	393.56808	881.4	1000.0	1210000	128.19229	18.474968	203.46964	-30.67492	-129.0541	2.3066473	10471.642371177673
243	607.53467	124.59712	853.77673	512.848	619.841	148.63866	862.3024	279.69547	1000.0	1000.0	1215000	128.39778	19.109184	200.23442	-31.960989	-129.26314	2.3195097	10510.93379354477
244	485.18866	193.17804	801.5463	266.49805	1014.08826	132.05345	1129.0759	690.5124	1000.0	1000.0	1220000	128.64389	19.337519	203.55612	-73.1758	-129.50589	2.3703535	10549.935700893402
245	573.049	204.9768	995.9347	330.09518	669.7485	76.82354	770.8386	521.7651	917.1667	1000.0	1225000	128.97385	19.652586	209.86769	-57.817474	-129.84892	2.3586195	10591.472508192062
246	422.7458	169.19554	643.4623	143.28868	779.10974	77.093765	841.59125	609.5886	1000.0	1000.0	1230000	129.29279	19.867176	211.29607	-39.322807	-130.14058	2.4743671	10631.918240308762
247	493.24258	76.677025	612.39856	376.8103	665.35333	111.068344	811.7468	514.55255	1000.0	1000.0	1235000	129.10463	20.12225	211.82703	-41.0865	-129.93906	2.32435	10671.142697095871
248	573.21	159.91583	710.29456	277.21323	496.6463	297.74173	969.4717	47.77455	1000.0	942.1	1240000	128.61572	19.996092	210.39612	-31.990908	-129.4388	2.3735275	10711.178864002228
249	179.04138	236.42426	439.8875	-212.58754	527.9625	191.87892	747.14453	89.42385	1000.0	1000.0	1245000	128.46939	20.149975	207.30247	2.10358	-129.30486	2.3314075	10751.024245500565
250	422.0014	48.762455	503.44583	369.28943	618.1089	215.5259	846.57214	270.76273	1000.0	1000.0	1250000	128.75822	20.518782	210.09065	-40.981544	-129.60315	2.2910585	10791.274537086487
251	610.15155	179.84714	814.23926	282.18747	561.2257	191.47954	770.915	234.73499	1000.0	1000.0	1255000	128.99318	20.767126	203.59972	-58.950623	-129.81737	2.4010816	10832.200144767761
252	441.7547	205.65706	744.6692	211.19997	358.70834	215.64484	641.6714	55.902164	1000.0	1000.0	1260000	128.78925	21.109283	211.22801	-101.00197	-129.613	2.4840257	10872.100669384003
253	385.4792	217.8453	670.43994	51.797474	367.3074	214.73839	694.50696	37.415966	1000.0	1000.0	1265000	128.98909	21.225254	211.81766	-59.32149	-129.82236	2.4552157	10913.46493768692
254	417.0506	172.69688	689.3912	189.9244	543.6718	81.37488	657.52295	381.0052	1000.0	1000.0	1270000	129.52164	21.619473	208.25957	-41.64939	-130.36842	2.4146357	10953.901443243027
255	320.0978	301.91415	668.7311	-225.51938	228.24841	237.52338	630.6677	-140.77295	1000.0	1000.0	1275000	130.04062	21.857506	209.84093	-72.50776	-130.89745	2.582186	10993.83294558525
256	256.1244	154.78334	464.25278	86.523445	18.578678	236.90843	582.1984	-274.77512	1000.0	1000.0	1280000	130.38852	21.80261	205.82358	2.3851385	-131.21681	2.4356694	11034.762472629547
257	70.11647	151.63124	270.29483	-92.24296	292.53342	318.16266	634.4522	-412.1472	1000.0	1000.0	1285000	130.76749	21.9804	208.3262	-65.180855	-131.64575	2.4724646	11075.33361530304
258	194.4471	174.0517	415.772	-19.282784	314.18384	163.64804	537.20435	-37.9916	1000.0	1000.0	1290000	131.7392	21.829634	207.33842	-27.291416	-132.6177	2.5545726	11115.811302900314
259	422.19376	220.33734	731.3512	96.861595	384.39682	204.22034	777.1848	89.906166	1000.0	1000.0	1295000	132.28152	21.480291	207.14252	-62.13005	-133.14284	2.6365354	11155.658015966415
260	300.98633	158.91037	465.39627	23.933084	327.9493	189.11357	676.21063	38.531284	836.5	1000.0	1300000	132.72401	21.336075	203.97093	-44.569157	-133.58427	2.4197125	11195.95078086853
261	461.77863	240.5533	867.112	125.86869	510.71295	208.09256	871.4527	67.94979	1000.0	1000.0	1305000	132.96086	21.166815	206.00214	-50.922127	-133.82993	2.5803304	11237.190871477127
262	421.05096	324.03983	776.7135	-113.39573	229.16458	39.077538	300.2986	182.8508	1000.0	1000.0	1310000	133.04358	21.216343	205.28908	-28.00648	-133.9031	2.54111	11277.548513650894
263	104.671265	230.78326	390.8988	-294.8121	418.50195	188.12663	618.5198	88.68814	1000.0	1000.0	1315000	133.42982	21.668013	208.14404	-39.521347	-134.25784	2.4481869	11318.774994373322
264	450.3475	118.77014	653.3664	332.38983	561.7711	223.9462	1064.4517	249.4415	1000.0	927.4	1320000	132.79477	21.851818	219.2585	-9.141551	-133.63687	2.4496913	11357.754029750824
265	469.62012	140.58438	640.5707	293.5837	356.35233	307.2342	948.1376	6.195124	1000.0	1000.0	1325000	133.231	21.996841	209.3999	-30.194725	-134.10843	2.5103192	11397.859075784683
266	328.87027	123.240166	552.79395	196.0347	198.91518	226.98436	634.16223	-46.078053	1000.0	1000.0	1330000	133.6627	22.244106	207.53763	-44.82263	-134.53473	2.6051915	11438.3231818676
267	251.71245	160.08475	486.49374	15.333905	510.694	180.86562	719.8544	213.27737	1000.0	1000.0	1335000	133.94652	22.727198	208.39862	-31.465855	-134.79591	2.5026484	11478.826567649841
268	305.60324	241.47664	764.77423	74.37655	407.56464	249.33995	683.501	-170.62683	1000.0	1000.0	1340000	134.00769	23.36853	216.30106	-33.365166	-134.8655	2.6954348	11518.995574712753
269	261.75726	120.60146	439.22037	65.95186	215.2938	161.30203	482.2589	-2.0900545	1000.0	1000.0	1345000	134.17616	23.691563	214.05737	-26.708569	-135.05354	2.704182	11559.806259393692
270	421.94873	301.1832	806.2868	12.541642	132.40681	132.7279	360.19073	-34.48437	1000.0	1000.0	1350000	134.07738	23.982172	213.88411	-24.145918	-134.9249	2.8186538	11600.029170274734
271	145.99504	112.0091	246.13661	-69.249344	422.6271	157.81071	667.31055	72.207245	1000.0	904.3	1355000	134.23737	24.407217	209.1513	-30.539501	-135.10385	2.6581783	11640.895633220673
272	351.6585	232.95781	784.30365	121.670876	387.35474	168.0968	696.2572	139.35634	1000.0	1000.0	1360000	134.07129	25.13025	217.57042	-2.3484812	-134.92656	2.850889	11681.197890758514
273	347.38223	119.175385	508.7023	167.32285	289.91367	151.77396	498.93518	-16.500505	1000.0	1000.0	1365000	133.91823	25.784195	222.93806	-38.503307	-134.7688	2.8791974	11722.192693948746
274	299.85452	111.650024	503.7747	188.97382	347.25644	146.63564	536.1724	108.3874	1000.0	1000.0	1370000	133.35031	25.909266	222.24988	-36.422047	-134.19086	2.9945056	11762.653446674347
275	270.61685	43.02483	339.82452	222.06413	265.8018	155.506	590.5203	35.282738	1000.0	1000.0	1375000	133.34982	26.406282	219.41098	-52.875988	-134.20868	2.8567946	11803.783625602722
276	141.3649	131.18175	365.4435	-45.403126	172.17825	207.16776	466.20438	-45.69112	1000.0	902.0	1380000	133.06491	25.812334	217.41928	-41.79784	-133.89473	2.8049629	11844.121880054474
277	249.88809	129.00807	499.11536	148.75577	192.48344	94.47395	310.50623	-37.0184	1000.0	1000.0	1385000	132.13934	25.907373	222.7218	-2.361556	-132.96567	2.7803423	11886.099880695343
278	198.84204	28.228722	244.80983	157.90695	175.9097	167.21104	329.22635	-172.99377	1000.0	1000.0	1390000	131.78467	25.902082	218.91534	-72.41715	-132.61452	2.801159	11928.201972961426
279	101.21144	228.74834	291.24045	-337.15836	140.36592	198.18369	326.38504	-304.11584	1000.0	1000.0	1395000	131.54301	26.11317	213.99019	-34.201534	-132.38417	2.8126926	11969.885411262512
280	-82.11389	317.03143	456.97607	-507.0105	163.87338	196.58826	552.439	-76.47312	1000.0	1000.0	1400000	131.40944	25.899021	219.35077	-77.81491	-132.2444	2.783907	12010.0444149971
281	63.723133	241.54929	489.01462	-234.12282	220.95023	119.49976	437.09482	22.932644	1000.0	1000.0	1405000	131.20453	25.852041	215.03555	-40.184563	-132.0075	2.6043844	12051.922178268433
282	413.88226	69.51552	511.80774	317.66272	324.00723	203.78694	754.4524	96.80351	1000.0	1000.0	1410000	130.01279	26.024345	214.61986	-46.16576	-130.79762	2.6051853	12093.328890323639
283	338.65186	253.95702	822.51025	86.68229	344.64798	176.37415	719.6029	93.71467	1000.0	1000.0	1415000	129.3898	25.54997	216.9832	-78.905045	-130.20288	2.7372031	12134.400344848633
284	276.1152	149.46301	508.99915	41.7113	282.027	34.871834	354.57678	234.2143	1000.0	1000.0	1420000	129.74791	25.232347	213.56085	-43.808895	-130.58829	2.6210797	12175.435884475708
285	282.62503	61.66886	345.40494	201.09096	340.93314	87.15131	499.93234	142.29839	1000.0	1000.0	1425000	130.38522	24.815348	213.68216	-18.007778	-131.24774	2.7063613	12215.454096078873
286	318.7238	102.14797	471.39374	155.37462	327.13837	50.88227	427.84283	233.81674	1000.0	1000.0	1430000	131.14201	25.160973	216.03154	-59.574562	-132.00778	2.8625355	12257.540876626968
287	368.8244	54.397026	453.78122	298.71027	370.62573	132.14767	588.99133	141.07518	1000.0	1000.0	1435000	131.9882	25.124537	215.67972	-28.586704	-132.86475	2.952114	12298.574285507202
288	365.68088	136.20984	606.88336	190.66936	452.74213	91.104675	586.0348	338.81516	1000.0	1000.0	1440000	132.50987	24.560484	215.79642	-50.078884	-133.36813	2.9971871	12339.252121210098
289	364.57376	91.98649	510.1516	232.08388	429.21063	84.784096	617.7292	320.95572	1000.0	1000.0	1445000	132.54625	24.212282	216.28209	-51.2219	-133.38457	2.7498806	12379.897247314453
290	479.76334	106.35872	650.8607	334.37924	479.80347	176.82664	799.107	155.51991	1000.0	1000.0	1450000	132.3743	23.918314	209.92755	-59.653812	-133.21242	2.7874079	12420.748850107193
291	330.38873	110.01361	494.07556	155.21526	228.39128	273.25015	507.79556	-465.8776	1000.0	1000.0	1455000	132.5375	23.332516	206.24333	-55.915802	-133.40422	2.7527382	12462.024475812912
292	197.64108	317.5884	445.7911	-414.35046	334.52264	420.93042	794.47156	-574.537	1000.0	1000.0	1460000	132.58305	23.054945	215.74794	-11.74885	-133.41995	2.7539208	12503.781232833862
293	420.16034	149.12059	603.2013	160.44012	511.02124	80.3827	602.9736	382.76	1000.0	1000.0	1465000	132.1608	23.25803	220.2324	-60.653305	-133.00052	2.7644188	12544.480371713638
294	290.75177	165.37665	503.5283	3.290273	367.18396	261.5199	758.2374	-192.13075	1000.0	1000.0	1470000	132.21205	23.428122	208.8638	-53.06769	-133.06902	2.8232417	12586.370739221573
295	36.749493	366.02933	472.5706	-457.27252	575.35315	386.1399	1094.0334	-197.85995	1000.0	1000.0	1475000	132.39189	23.339584	212.98494	-50.842186	-133.24956	2.8484364	12627.242332220078
296	576.6021	224.66228	1000.8752	383.6389	248.67708	299.09686	531.35913	-323.8636	938.8	902.1	1480000	132.89664	23.355923	214.99309	-45.814396	-133.7674	2.8929477	12667.739035367966
297	266.46725	147.06541	465.8662	8.464789	512.47644	209.18306	867.78784	104.56324	741.4286	908.0	1485000	132.84154	23.68733	211.91534	-42.69823	-133.69325	2.7751129	12708.961020231247
298	539.12933	148.21182	734.24713	343.38156	460.80414	167.77255	882.0083	250.94649	1000.0	1000.0	1490000	132.36398	23.522655	203.62154	-37.289444	-133.18906	2.7418423	12750.891103506088
299	274.93692	279.2707	638.8813	-147.22101	116.60683	264.03845	612.5978	-223.58911	1000.0	924.9	1495000	132.17699	23.536396	205.97705	-38.541912	-133.02368	2.8115528	12792.047304153442
300	236.08054	193.22932	428.90347	-99.74552	355.3273	229.9165	721.4527	27.715393	1000.0	903.3	1500000	131.99518	23.970793	203.36073	-39.42696	-132.84116	2.7302606	12833.34212064743
301	332.16754	160.72952	561.87335	76.295784	-54.116066	180.87442	305.63016	-265.77737	851.0	1000.0	1505000	131.68425	24.213512	207.83553	-39.475746	-132.52809	2.8283885	12873.955559015274
302	107.13721	218.44202	398.04767	-211.24455	361.55835	134.15396	739.34216	240.02121	1000.0	1000.0	1510000	132.06067	24.183605	210.59972	-58.92832	-132.93263	3.0270488	12916.279386758804
303	364.7384	116.5615	469.9305	146.28123	374.3944	199.86604	647.63226	-32.67865	1000.0	1000.0	1515000	132.21857	24.544254	211.13664	-59.65306	-133.06892	3.0255876	12958.303438663483
304	398.86432	41.384766	451.48813	332.52127	273.66943	194.81158	470.87732	-227.13817	1000.0	1000.0	1520000	131.46176	24.624397	211.59552	-54.54344	-132.27754	2.8721662	13000.581389427185
305	318.4364	86.34199	483.21875	247.06824	380.88593	202.13202	738.67194	126.53469	1000.0	1000.0	1525000	130.65312	24.210646	209.75288	-59.525795	-131.46252	2.9037695	13042.37015748024
306	394.70508	175.02907	600.0871	147.58534	413.00983	52.57857	457.34488	271.15204	1000.0	1000.0	1530000	129.88982	23.9912	212.02304	-90.079475	-130.70032	2.9048438	13084.036522626877
307	335.91617	154.17221	529.6224	70.105896	259.5416	215.27394	433.11108	-275.00916	842.5	1000.0	1535000	129.50612	24.057814	213.40164	-59.69083	-130.33865	3.1121864	13126.485847711563
308	386.68994	139.97913	513.45996	117.11761	312.72437	113.448875	591.00793	169.38876	1000.0	1000.0	1540000	129.50287	24.199375	210.3462	-122.77962	-130.32448	2.8683515	13169.113738536835
309	313.09946	236.96901	660.49304	-46.755337	550.8785	130.03983	675.64935	341.24158	1000.0	1000.0	1545000	129.18245	24.438253	203.97131	-45.683105	-129.9984	2.9945266	13211.312762737274
310	323.0015	84.10143	472.83145	220.1107	553.91113	184.57318	795.8979	232.8136	1000.0	1000.0	1550000	128.66548	24.358427	207.47221	-39.741188	-129.47408	2.8439386	13252.212645292282
311	447.941	212.81183	722.5257	214.49223	364.32925	190.12923	662.21436	136.19685	1000.0	913.1	1555000	128.36691	24.708069	211.35486	-51.403397	-129.18573	2.8768106	13292.72439289093
312	326.8707	78.07143	461.26855	245.63632	632.0257	58.446	702.609	505.21756	1000.0	1000.0	1560000	128.34665	25.70839	222.38048	-101.66797	-129.1678	3.2680717	13335.482528686523
313	441.84708	104.308464	596.08685	327.54236	176.1176	195.74257	504.1476	-84.44528	1000.0	1000.0	1565000	128.12111	26.602518	215.03006	-50.14688	-128.94624	3.538822	13378.093976259232
314	162.02519	80.36666	237.67548	27.746342	397.70575	223.64825	755.50415	97.01894	1000.0	1000.0	1570000	127.636086	26.861025	218.13898	-87.89792	-128.43465	3.239117	13420.405601739883
315	176.15265	228.03986	556.58044	-56.80763	40.528145	417.27377	604.2236	-641.64874	1000.0	1000.0	1575000	127.25022	27.579992	210.03831	-59.998337	-128.05914	3.6590083	13462.325297117233
316	-269.54977	196.20894	22.10446	-470.58646	-45.68966	163.33105	248.65825	-326.78613	1000.0	1000.0	1580000	126.48699	28.372925	214.60957	-54.69913	-127.28109	3.4701989	13506.022410154343
317	122.772194	279.43365	409.26016	-351.1731	21.50782	188.77898	374.23856	-244.8498	1000.0	918.5	1585000	125.96847	29.295261	210.51537	-16.662935	-126.76324	3.605264	13548.170592546463
318	76.50484	126.55348	211.29776	-159.24847	293.05933	133.64372	507.1925	123.59094	1000.0	1000.0	1590000	125.273544	30.152475	210.29413	-97.91297	-126.0853	3.8337212	13591.207835674286
319	409.70947	102.392204	567.6446	246.20068	493.2818	110.131744	660.4199	228.71701	1000.0	976.9	1595000	125.69311	31.475784	215.44794	-48.19533	-126.53943	4.004233	13633.97703576088
320	234.77133	279.673	550.36865	-229.99632	527.25995	120.83288	700.8099	308.1701	1000.0	1000.0	1600000	125.799484	31.456268	204.06744	-56.3314	-126.631966	3.6924624	13676.963222503662
321	386.75336	89.54201	528.26465	247.1987	352.98392	311.0774	722.6203	-247.16226	1000.0	1000.0	1605000	125.97611	31.573208	207.98752	-21.143414	-126.82511	3.478157	13719.613141536713
322	262.46722	132.49004	491.24405	96.98373	-188.65988	192.25478	160.1438	-483.9543	1000.0	1000.0	1610000	126.09929	31.212774	210.19675	-33.529636	-126.93845	3.4475029	13762.97489786148
323	247.6713	286.31573	565.2623	-100.39133	431.08856	230.38437	587.7379	-171.94165	1000.0	1000.0	1615000	126.06466	31.313011	210.85701	-82.92726	-126.88636	3.6414466	13807.215595722198
324	25.701914	101.92285	180.40881	-98.55159	-36.31812	88.7727	121.71953	-188.39001	1000.0	1000.0	1620000	125.76625	31.473835	212.12585	-73.119225	-126.625626	4.0716057	13850.054083108902
325	97.06413	257.42346	407.85782	-227.29561	333.62958	126.69634	604.10583	156.59694	1000.0	1000.0	1625000	127.03382	32.290752	210.17123	-18.117554	-127.93164	4.13283	13893.14589881897
326	209.63712	139.0926	386.5858	3.8588908	97.79587	222.26447	313.08725	-532.9919	1000.0	919.9	1630000	127.06653	32.34881	212.11198	-24.976395	-127.9073	4.0006595	13934.715116024017
327	138.77933	197.66797	423.37943	-91.63337	122.570946	452.69287	593.3722	-826.2402	1000.0	1000.0	1635000	127.466896	32.15989	215.3699	-48.023415	-128.3634	3.8006554	13976.918169736862
328	27.434637	448.46326	482.75592	-797.45386	603.0204	133.48174	814.4762	386.8764	1000.0	1000.0	1640000	128.02275	32.307095	216.6257	-66.70128	-128.89297	3.609207	14019.8757853508
329	401.9575	92.828575	480.78754	220.51028	682.35974	84.50043	773.3818	492.0698	1000.0	1000.0	1645000	127.56364	32.38631	213.65714	-61.188507	-128.4011	3.6642969	14062.773374319077
330	302.42984	215.64313	598.6914	45.44912	296.95996	225.88509	756.2295	-145.22115	1000.0	1000.0	1650000	127.43714	31.952272	211.29396	-21.194523	-128.30309	3.7759595	14105.397223234177
331	483.65253	220.57957	768.8908	121.349304	486.75504	226.9053	788.1016	111.88372	1000.0	1000.0	1655000	127.068726	30.971468	208.56567	-36.750656	-127.90475	3.5477445	14148.166651964188
332	455.1486	170.15297	638.3485	197.56975	141.98071	245.34003	497.89066	-291.34286	1000.0	1000.0	1660000	126.39024	29.871033	233.62746	-37.76185	-127.2131	3.6534946	14190.734820842743
333	383.01642	192.34616	626.2339	60.786938	544.02496	238.42506	848.01917	156.5196	1000.0	1000.0	1665000	125.34686	29.276417	216.90582	-31.75637	-126.15032	3.3703394	14233.388632774353
334	476.64218	78.07434	602.23975	356.06534	566.2497	255.0282	1031.8435	129.27014	1000.0	1000.0	1670000	124.76404	28.747036	201.46419	-59.800846	-125.60313	3.4853039	14276.970502138138
335	397.95557	134.20303	568.59064	221.09334	841.25745	139.66075	1020.53046	518.71655	1000.0	1000.0	1675000	125.30631	28.906641	203.04631	-26.239902	-126.19115	3.5540445	14320.091709375381
336	521.03534	107.21691	660.37427	364.4981	335.6913	139.97777	709.57	177.78275	1000.0	1000.0	1680000	125.90335	28.899355	206.71986	-41.16189	-126.771576	3.5061874	14365.58212685585
337	452.74698	213.97911	645.9721	144.9996	721.9814	205.42416	1246.1853	432.31488	1000.0	1000.0	1685000	126.293755	28.104963	208.98274	-57.499767	-127.16318	3.852465	14408.891246080399
338	647.6321	45.283028	718.9806	590.86993	617.141	152.21292	879.8388	414.89075	1000.0	1000.0	1690000	126.78172	27.569069	206.76573	-79.904564	-127.66657	3.6048527	14452.901051044464
339	419.6479	191.27058	553.4405	49.982105	358.14215	304.09488	779.33167	-380.35583	1000.0	1000.0	1695000	127.50226	27.599148	204.59302	-24.680017	-128.39046	3.4037395	14496.879806041718
340	387.84616	107.027374	525.71094	207.85289	557.13947	115.67953	717.1939	368.8594	1000.0	1000.0	1700000	127.94138	27.098862	202.17833	-59.752403	-128.81985	3.4909766	14540.774042367935
341	428.51767	47.81681	493.52368	368.7861	678.71924	306.02222	994.6911	-90.32019	1000.0	1000.0	1705000	127.829704	26.715708	202.57385	-58.309242	-128.70302	3.6602907	14583.450223207474
342	329.63416	224.5369	617.8517	57.32591	171.99513	496.99518	600.4207	-1206.434	885.3333	1000.0	1710000	128.1959	27.003624	205.42693	-38.118336	-129.08914	3.571207	14628.71075463295
343	464.90543	205.88449	702.2029	67.53309	601.2726	221.57576	931.9093	315.89847	848.3333	1000.0	1715000	128.16685	27.657846	207.40349	-80.648476	-129.02797	3.6683226	14672.551244735718
344	587.2286	86.308395	696.81757	471.33414	-416.13037	327.5053	549.4381	-623.32587	1000.0	1000.0	1720000	127.757195	27.724445	208.11465	-28.506285	-128.6239	3.7784438	14715.447941064835
345	280.47427	286.1191	577.47705	-256.59378	683.7795	152.70139	991.5653	476.7538	1000.0	1000.0	1725000	127.41596	27.240992	204.03358	-41.03405	-128.26097	3.4746747	14759.40861415863
346	456.43677	122.50534	614.2856	270.16354	682.5085	168.50484	1028.8684	455.03067	1000.0	1000.0	1730000	126.62462	26.521784	203.99815	-6.007059	-127.46503	3.4443586	14802.819452524185
347	412.31113	203.43361	731.7362	163.32382	301.49237	324.33618	682.03424	-579.0766	1000.0	1000.0	1735000	126.560974	26.38288	199.54938	17.939365	-127.43795	3.417325	14846.960379123688
348	452.204	167.00647	674.92096	260.3742	299.04492	418.155	771.04584	-486.52737	1000.0	1000.0	1740000	126.84135	26.59764	209.96596	-28.496696	-127.711525	3.267793	14891.290036201477
349	433.18423	183.50069	644.6872	185.69452	686.33093	92.57011	784.9733	454.8318	1000.0	1000.0	1745000	127.3651	27.15841	208.91603	-64.56366	-128.25684	3.5143077	14935.279912471771
350	360.93732	156.43822	576.1277	192.87433	604.14	67.22768	752.3912	511.4605	1000.0	1000.0	1750000	127.228195	27.33085	202.50891	-34.665398	-128.07704	3.557091	14978.240514755249
351	391.77435	190.13521	504.52463	13.775282	634.7623	157.57886	835.1605	266.26965	1000.0	949.7	1755000	126.76925	27.497042	209.80966	-55.625957	-127.61231	3.5357718	15020.300466299057
352	310.0665	207.37627	563.6352	17.479427	19.790243	422.56564	696.7809	-486.5399	1000.0	906.8	1760000	126.405464	28.185535	209.67291	-25.911474	-127.27688	3.596536	15063.53028345108
353	493.81696	157.68571	697.44696	250.73993	123.03794	320.78925	580.83057	-445.00336	1000.0	1000.0	1765000	126.19765	28.966112	207.4357	-76.43263	-127.0564	3.8482707	15107.916537761688
354	532.6416	161.97107	768.91046	332.27408	567.9143	203.25891	821.7144	221.7564	1000.0	936.0	1770000	125.77553	29.11691	207.40012	-26.065132	-126.6212	3.7870734	15151.395080804825
355	575.7316	165.26479	887.6592	414.54135	807.8241	264.38913	1133.5885	358.21124	1000.0	1000.0	1775000	125.376175	28.86392	203.14809	-23.148201	-126.20689	3.6123493	15195.504724025726
356	385.81354	222.22516	808.7704	176.74226	499.13315	229.81541	772.0468	72.00431	1000.0	1000.0	1780000	125.24894	28.56855	204.41364	-108.61039	-126.120026	3.7438	15238.90124464035
357	479.40454	150.94771	595.7957	188.3598	667.79425	141.24593	877.0896	386.02094	1000.0	1000.0	1785000	125.14884	28.077396	203.10185	-85.78147	-125.99518	3.608374	15282.367218017578
358	499.194	84.32907	575.4234	364.30872	500.90274	121.77853	652.4709	293.0331	1000.0	1000.0	1790000	125.031334	27.880732	203.16443	-142.1162	-125.88355	3.6338851	15326.675484418869
359	524.43445	47.57594	614.87585	477.9441	683.73914	100.60649	866.2574	555.4771	1000.0	1000.0	1795000	124.685974	27.63245	203.4475	-65.22869	-125.51817	3.5154116	15371.021474838257
360	414.62262	153.44925	637.7734	160.51718	468.9676	393.99625	849.72314	-68.21746	1000.0	1000.0	1800000	123.971634	27.255503	202.00287	-42.432236	-124.79966	3.5447507	15415.069194793701
361	486.1325	181.1405	668.3852	172.01492	726.93835	124.639114	1010.5425	546.8867	1000.0	1000.0	1805000	123.83759	27.301086	205.29805	-75.71231	-124.67435	3.4399953	15458.405743598938
362	484.38028	151.89574	657.2633	277.67444	662.8462	111.71296	790.8809	449.82092	1000.0	1000.0	1810000	123.61844	27.250557	200.31598	-59.824417	-124.43648	3.3501906	15501.934312582016
363	415.2088	148.75868	624.0682	191.76878	515.4921	208.96552	769.5716	117.33644	1000.0	1000.0	1815000	123.520706	27.368113	201.3257	-118.80212	-124.38902	3.550187	15545.570327043533
364	497.02426	182.24573	732.3027	192.2901	223.68613	101.971245	359.8398	74.8315	1000.0	1000.0	1820000	123.97264	27.919386	202.26132	-77.06952	-124.81798	3.6329892	15589.416155338287
365	300.4634	116.983376	423.10843	101.68741	713.7	197.67816	818.9551	128.59512	1000.0	905.7	1825000	124.25483	28.553673	207.11256	-56.467457	-125.12772	3.8512719	15632.838475942612
366	451.7268	121.37005	673.9449	336.24298	460.30835	169.47035	621.68054	135.10815	1000.0	1000.0	1830000	124.85743	28.944117	212.63606	-74.13341	-125.7453	3.9743235	15678.452229976654
367	489.82208	128.13152	725.88995	338.7739	248.30867	162.21931	612.8615	-4.106484	1000.0	1000.0	1835000	124.76413	29.500484	215.71306	-0.7943058	-125.6023	3.8962915	15722.297335624695
368	367.48578	105.83129	503.69974	198.24277	372.63043	209.89018	711.973	82.35371	1000.0	1000.0	1840000	124.68023	30.121458	216.34946	-46.889427	-125.54872	4.082149	15766.674238443375
369	406.60367	121.17111	565.7753	214.69997	221.7458	91.927666	442.97607	111.67123	1000.0	1000.0	1845000	124.22232	30.66139	213.74586	-56.622246	-125.04831	4.176583	15810.966269016266
370	435.50253	68.61693	538.30597	331.5427	537.40295	190.81683	840.6811	241.36514	1000.0	1000.0	1850000	123.65456	30.738665	216.83336	-12.634239	-124.492935	3.8261628	15854.802621364594
371	375.31342	118.595184	496.39005	151.1412	433.42862	109.48273	660.46045	264.17374	1000.0	1000.0	1855000	123.05155	31.085596	258.50073	-30.441658	-123.878265	3.951489	15899.489057302475
372	514.05597	82.44053	661.23615	443.59647	481.7877	142.26408	659.59357	198.88547	1000.0	1000.0	1860000	122.45722	31.837324	213.42767	-83.41002	-123.26412	3.97586	15943.911737203598
373	464.34195	101.88794	623.52313	336.04172	332.96017	345.51996	661.2189	-388.2023	1000.0	1000.0	1865000	121.74687	32.628185	269.41922	-21.151022	-122.570366	4.0536056	15989.569595098495
374	406.09775	136.53246	523.4169	149.32893	708.22626	208.11284	1054.6371	360.6568	1000.0	1000.0	1870000	121.11784	33.54397	231.87804	-61.426655	-121.90492	3.9897218	16032.857204675674
375	387.84283	239.32135	563.79645	-81.07954	120.03268	287.1235	482.69534	-437.63214	1000.0	1000.0	1875000	120.2164	33.841183	269.72937	-40.255814	-121.01089	4.332983	16077.829743385315
376	231.06253	199.385	487.1629	-20.536036	115.5079	271.50427	530.1763	-234.03809	1000.0	1000.0	1880000	119.17839	33.48608	226.68967	-37.54916	-119.94927	4.0894017	16122.019201517105
377	219.68913	216.95811	473.86826	-63.985447	203.25014	393.07715	839.7097	-404.76996	1000.0	1000.0	1885000	118.09274	33.17619	272.78595	-45.963142	-118.851875	3.8866038	16165.255158901215
378	238.13708	282.70233	655.11914	-231.53577	633.56335	166.15884	808.9375	321.126	1000.0	1000.0	1890000	117.1965	32.95842	265.78778	-4.2265387	-117.95365	3.872435	16209.010813236237
379	414.01065	167.61795	646.71704	197.18839	523.3329	198.16096	670.40247	-47.104362	1000.0	1000.0	1895000	116.24141	32.879005	256.5406	-21.320766	-116.994385	3.740273	16253.69142484665
380	274.7642	204.35388	505.66263	-80.87494	375.45917	239.5542	717.522	-112.70661	1000.0	937.9	1900000	115.73438	33.066456	241.898	-81.482216	-116.51163	3.841155	16298.449429035187
381	220.6838	213.4195	473.7807	-89.14229	222.06491	187.63959	457.43304	-105.95658	1000.0	1000.0	1905000	115.50185	33.339836	266.62924	0.2499075	-116.29589	3.8821027	16342.5815346241
382	68.449936	63.84146	191.15288	13.21023	469.11066	182.12044	950.97394	219.1453	1000.0	1000.0	1910000	115.737465	33.290005	238.5597	-106.57648	-116.53995	4.066544	16387.671669721603
383	181.89897	72.53762	289.18076	64.71384	538.3612	218.04689	733.79376	107.165436	1000.0	914.4	1915000	115.85634	33.10772	197.58904	-27.965899	-116.66224	3.9460485	16431.045951604843
384	266.96542	159.23386	493.55936	42.385723	225.83896	106.316864	400.94186	67.45639	853.5	1000.0	1920000	116.091606	33.08789	208.07489	-37.505085	-116.88296	3.7872584	16477.10633301735
385	262.79144	82.05711	340.47226	144.3136	-60.927773	102.230545	161.36212	-205.22949	1000.0	1000.0	1925000	116.08761	33.357887	205.77635	-56.12491	-116.8998	4.1300473	16522.6097779274
386	233.6799	186.46814	402.61755	-8.407583	277.98224	235.8691	642.709	-206.08932	1000.0	1000.0	1930000	116.85639	33.91307	210.83035	-70.22568	-117.70105	4.017887	16566.51341843605
387	260.47534	94.59626	378.39233	102.94528	430.85635	325.1772	874.39886	-219.35576	1000.0	1000.0	1935000	117.81652	34.53819	211.58676	-74.264755	-118.680466	4.3516564	16611.681878328323
388	41.81534	203.69205	281.96188	-274.14316	203.99399	161.72592	433.7801	-14.597507	1000.0	1000.0	1940000	118.40254	34.552856	210.7104	-41.070705	-119.2366	4.001674	16655.33337879181
389	310.97052	191.36125	658.95416	138.29848	456.85483	243.13754	932.2781	61.300663	1000.0	1000.0	1945000	118.81473	34.366653	209.62688	-19.389456	-119.676674	4.0566826	16700.328151464462
390	459.3271	176.56113	747.42096	267.79175	193.99557	89.68659	330.72028	37.8625	1000.0	1000.0	1950000	119.12341	34.68371	215.7171	-71.297485	-119.958176	4.34759	16745.63032245636
391	407.37103	410.49304	1001.0597	-131.09541	397.82538	218.8646	773.38385	138.53386	1000.0	1000.0	1955000	118.614105	35.261093	210.17775	-68.76602	-119.43613	4.5181346	16790.452170610428
392	411.35406	252.84203	868.29645	105.55437	450.8456	272.35907	943.75464	102.05998	1000.0	1000.0	1960000	118.45822	36.200005	214.02914	-31.511084	-119.32337	4.4824057	16834.691388368607
393	381.87558	287.56668	729.9848	71.79999	307.28012	110.86555	548.2841	113.21762	1000.0	1000.0	1965000	119.00036	37.120506	215.06442	-41.66664	-119.86341	4.6126094	16879.061515569687
394	277.3067	219.29391	632.2294	-53.797657	325.5969	229.06006	629.58203	-64.865814	1000.0	1000.0	1970000	119.009865	37.71956	216.17126	13.549472	-119.85517	4.563205	16924.998091459274
395	180.24454	99.44311	339.05997	55.66909	396.99725	136.45262	577.7958	48.504272	1000.0	1000.0	1975000	118.57024	37.95716	213.11487	-34.80004	-119.39918	4.410062	16970.150537729263
396	247.76978	154.86826	549.4567	118.67166	302.4503	113.5768	503.22354	164.293	1000.0	1000.0	1980000	118.49418	38.01917	212.32132	-61.97292	-119.376625	4.6233153	17016.38357925415
397	158.23901	273.6981	458.00583	-338.4247	631.4099	190.58318	872.6998	374.0706	1000.0	1000.0	1985000	118.469604	37.9218	215.81021	-31.034431	-119.31594	4.6432657	17061.64201426506
398	292.1923	134.57884	473.39807	155.02016	507.96783	256.28467	778.0905	52.69775	1000.0	1000.0	1990000	118.14296	37.27846	216.10997	-63.699192	-119.00928	4.5870805	17106.38320159912
399	173.62842	80.83417	292.36758	63.559555	228.31192	330.89587	707.10394	-568.48236	1000.0	1000.0	1995000	118.362976	37.494774	215.6138	-55.82824	-119.22499	4.863143	17150.91193675995
400	294.87018	99.15541	431.3958	205.31139	-39.3332	238.20807	491.82	-249.97003	1000.0	1000.0	2000000	117.61838	37.505165	216.76277	-29.713251	-118.4279	4.9237075	17196.158460617065
401	88.32833	153.3952	319.5655	-79.866425	-259.67038	209.50964	99.31549	-570.16656	1000.0	1000.0	2005000	116.62556	37.822094	214.11214	-76.78519	-117.46258	4.87446	17241.319796085358
402	240.05362	64.26888	344.18463	164.2295	367.9069	290.04837	769.7701	-133.54227	1000.0	1000.0	2010000	116.587	38.29994	217.60661	-46.718773	-117.43043	4.9655786	17286.569685935974
403	-21.474773	154.72336	139.40698	-277.22922	26.877087	122.13946	276.40244	-174.62706	1000.0	1000.0	2015000	116.43605	38.335297	222.06596	-126.41379	-117.28068	5.044107	17330.900208711624
404	28.924952	142.11032	218.02554	-173.25482	197.52438	377.4166	716.3885	-415.81702	1000.0	1000.0	2020000	116.1892	38.250908	262.9427	-63.286568	-117.031	5.197603	17375.675627470016
405	50.07379	209.59807	343.10382	-178.69716	368.80466	98.09517	615.65845	264.67865	1000.0	1000.0	2025000	115.379074	38.037445	226.97804	-40.80786	-116.1697	4.9172673	17421.472724199295
406	192.27824	89.624504	345.9028	100.26258	103.00625	133.82195	264.05057	-187.63988	1000.0	1000.0	2030000	114.218506	38.024483	236.35455	-93.175095	-115.00664	4.7042236	17465.959152936935
407	147.05983	127.78441	337.50873	-35.31687	-48.053276	204.0648	239.13205	-436.23212	1000.0	1000.0	2035000	112.822655	37.848743	208.35316	-83.10933	-113.591286	4.674739	17511.455451011658
408	170.91159	173.10425	385.4407	-108.74168	-111.55601	412.45294	462.4019	-719.2849	1000.0	1000.0	2040000	111.914764	37.215374	211.73795	-37.17174	-112.73312	5.022779	17557.561635255814
409	67.96989	155.84752	237.57507	-210.93169	278.61258	379.47125	643.5466	-352.30676	1000.0	1000.0	2045000	112.047005	36.932636	219.41289	-45.98755	-112.86385	5.128874	17602.953060626984
410	67.428444	286.31897	536.301	-332.1723	3.6583838	144.33765	348.3004	-213.34454	1000.0	942.8	2050000	111.85231	36.830116	248.89438	-26.72755	-112.640816	5.038626	17648.35103917122
411	-44.654808	52.384857	57.19831	-85.04338	88.08368	215.94778	359.5467	-465.71826	1000.0	1000.0	2055000	110.80434	36.52527	225.67732	-85.46994	-111.581566	4.9349637	17693.885321855545
412	-17.698065	276.538	411.736	-452.73474	18.017895	307.98743	556.0948	-358.1623	1000.0	1000.0	2060000	110.02953	36.726864	217.82535	-37.97748	-110.830414	5.023434	17737.663539886475
413	41.51844	157.00783	176.19934	-237.09738	20.24461	149.61981	300.4027	-156.90018	1000.0	1000.0	2065000	109.52442	36.710995	213.1721	-54.414715	-110.313385	4.9638815	17782.41207742691
414	72.99345	186.3453	295.82642	-255.48479	331.58536	174.27873	525.58466	-104.21165	1000.0	1000.0	2070000	109.41148	36.66491	208.68637	-52.790295	-110.210434	4.9663243	17827.868748664856
415	71.68251	209.3968	326.68085	-242.01683	129.3591	124.21496	315.46576	-135.33675	1000.0	1000.0	2075000	108.54601	36.484394	210.19884	-44.96144	-109.3048	4.902264	17873.212068796158
416	136.76376	195.06717	382.4133	-127.373024	328.74924	99.779785	554.3134	143.54425	1000.0	1000.0	2080000	107.89513	36.665913	209.62573	-24.89096	-108.69892	5.1380286	17917.807298898697
417	215.77193	227.85786	523.7307	-174.96101	268.11383	203.82169	709.0209	-74.51483	1000.0	1000.0	2085000	108.33917	37.00465	210.98145	-3.6964788	-109.16334	5.241653	17962.67848086357
418	77.70685	157.2272	347.56876	-105.74905	-73.964645	288.83615	256.94482	-776.90497	1000.0	1000.0	2090000	109.24015	36.797535	213.31256	-80.67412	-110.1021	5.565377	18008.254500865936
419	80.0591	319.61893	597.4827	-354.02808	17.525482	240.24706	417.5815	-330.97882	1000.0	1000.0	2095000	109.84258	36.633213	213.72385	-26.292282	-110.703476	5.4110456	18053.32447361946
420	190.32559	281.70886	538.49426	-183.51704	180.06061	322.72845	563.6352	-399.43274	1000.0	902.7	2100000	110.305786	36.93905	211.77371	-8.449148	-111.14991	5.5935345	18097.98325896263
421	234.09517	81.018555	331.25394	125.10676	143.33377	343.5254	642.98865	-591.3845	1000.0	1000.0	2105000	110.43786	36.80905	216.57	-34.476784	-111.305	5.3795886	18143.477836370468
422	39.817482	201.63911	409.32846	-202.22408	319.11148	282.86124	636.37555	-211.07137	1000.0	1000.0	2110000	110.64452	36.82046	216.52734	-34.346977	-111.48531	5.4103475	18188.877470254898
423	153.64346	166.83664	405.24908	-64.66431	236.86824	265.68158	571.14685	-320.16528	1000.0	1000.0	2115000	110.33952	36.472286	214.37521	-9.473576	-111.18194	5.2829404	18234.4458630085
424	226.54483	145.38911	390.4485	15.083757	329.15567	203.61636	601.58484	-29.142408	1000.0	1000.0	2120000	110.711784	36.35638	219.53	-36.02999	-111.59921	5.44236	18280.21570634842
425	213.17722	201.23486	424.5243	-158.49353	393.3907	349.13458	775.18884	-44.22005	1000.0	1000.0	2125000	111.3795	36.15711	215.07649	-37.444706	-112.23864	5.7048626	18326.212161540985
426	-19.619701	209.36954	323.65125	-328.972	229.10335	372.71167	869.0027	-256.207	1000.0	1000.0	2130000	110.96497	35.465984	209.48123	-2.7037592	-111.82775	5.4771233	18371.743564128876
427	170.56061	201.28004	463.6474	-134.00916	-129.3027	638.72595	597.2699	-1148.0684	1000.0	914.3	2135000	111.17388	35.652447	217.76546	-11.539046	-112.04746	5.6338515	18416.66171169281
428	78.02528	265.00565	435.93845	-372.2598	8.053804	501.99344	586.22516	-870.7685	892.6	1000.0	2140000	111.22183	35.68459	213.52887	-30.293802	-112.07852	5.628369	18461.579752206802
429	61.764538	222.6405	340.34235	-382.55618	-11.334743	284.59973	485.82962	-375.46063	867.0	1000.0	2145000	111.29417	35.734657	217.0867	-16.551214	-112.189964	5.915501	18507.57419371605
430	177.90909	206.38281	387.35245	-165.21599	431.55292	140.06487	634.698	167.85312	1000.0	1000.0	2150000	111.0586	35.794254	214.40442	-61.274628	-111.89199	5.767842	18555.999449253082
431	232.59042	24.606647	263.67603	195.64513	327.27625	254.99623	676.64984	-142.89265	1000.0	1000.0	2155000	109.46815	35.908978	214.66582	-29.620277	-110.279	5.567366	18602.583854675293
432	1.8690084	165.76978	165.31584	-344.6358	147.16898	181.2246	502.22568	-215.69969	885.6667	905.9	2160000	108.833725	36.083733	211.64313	-37.614265	-109.68952	5.6811934	18648.139098882675
433	139.77084	172.49658	431.35574	-84.8133	118.66785	316.66248	650.95215	-354.58682	1000.0	1000.0	2165000	107.682014	36.567776	215.03755	-43.86994	-108.4788	5.7438	18694.24733901024
434	11.475092	199.14247	295.07437	-320.33066	252.45117	294.68756	700.8957	-301.62958	1000.0	1000.0	2170000	107.491615	37.303173	214.23611	-86.98205	-108.38207	6.0937834	18739.7086853981
435	173.38045	130.19734	321.84695	9.55012	100.66604	241.12816	399.834	-452.55988	1000.0	1000.0	2175000	107.43639	38.24873	212.92868	-37.705086	-108.299065	6.0988607	18786.33988547325
436	297.1775	62.097176	347.98615	189.8123	371.11765	178.26959	626.0878	28.061348	1000.0	1000.0	2180000	108.00792	38.94029	217.87505	-29.535385	-108.90433	6.219722	18831.848529338837
437	176.91277	93.67586	306.35986	52.54948	71.60728	135.3154	394.89975	-86.580666	1000.0	1000.0	2185000	107.98476	39.42457	219.84949	-34.239952	-108.85182	6.1870975	18877.97287607193
438	82.27	169.79613	399.22464	-68.01642	128.49945	114.90341	262.34528	-94.239105	1000.0	1000.0	2190000	107.58018	39.46421	220.2651	-76.535164	-108.42841	6.1929564	18924.182210683823
439	150.25034	193.00562	455.507	-146.37103	332.40805	296.2048	826.1574	-327.80154	1000.0	912.2	2195000	106.77061	39.382347	212.93141	-66.51819	-107.59342	5.9697824	18969.36612534523
440	207.9561	138.14337	441.11615	85.850006	204.68835	200.87	633.0411	-133.44716	1000.0	1000.0	2200000	105.62484	39.079906	211.82715	-109.47765	-106.4352	6.2478557	19015.22343635559
441	120.243675	157.4614	307.2623	-94.571724	220.79196	338.4551	693.40094	-284.10034	1000.0	902.3	2205000	104.0002	38.524487	217.32787	-60.688038	-104.782715	6.137057	19060.54711484909
442	-9.001455	140.59982	216.84656	-172.87076	220.7662	309.95572	645.1364	-167.19102	1000.0	1000.0	2210000	103.04105	38.454403	225.45479	-78.713066	-103.832214	5.953853	19106.95902490616
443	150.9115	198.01622	418.88135	-156.05138	69.30003	216.72734	473.51645	-218.3611	1000.0	1000.0	2215000	101.64356	38.096085	220.50775	-43.12097	-102.4187	5.8466973	19153.04951119423
444	285.14346	239.75754	699.86676	-48.06367	268.36417	174.34444	662.6968	88.71292	1000.0	1000.0	2220000	100.05058	38.085793	222.91077	-65.180405	-100.774765	5.604031	19198.410809755325
445	197.07173	214.05309	447.09717	-99.97779	541.7714	288.37802	988.2319	111.39811	1000.0	1000.0	2225000	98.58306	38.143097	208.48476	-8.787589	-99.34442	5.5316076	19243.60203719139
446	219.29721	191.59323	420.41766	-104.43462	197.0013	137.27351	553.76355	37.73777	1000.0	917.7	2230000	97.66537	38.256203	220.67342	-27.386156	-98.42418	5.456031	19288.319293022156
447	24.542593	217.97456	235.37215	-366.09393	117.360825	325.6163	713.9263	-319.78677	1000.0	1000.0	2235000	96.6336	37.92348	207.79628	-25.132942	-97.36558	5.338674	19334.186815738678
448	73.50466	369.42062	655.4534	-414.88443	155.67558	220.80406	416.07935	-195.35555	1000.0	1000.0	2240000	95.97689	37.326862	217.32115	-92.154396	-96.72806	5.4538245	19380.781658172607
449	48.259777	132.34203	183.19089	-156.19543	47.664703	148.46231	305.50745	-252.28658	1000.0	1000.0	2245000	94.8917	36.37644	220.77176	-25.71241	-95.59661	5.1668186	19426.930084705353
450	-53.010212	140.95107	172.83405	-260.2446	189.37338	179.57874	450.77533	-94.832085	855.6667	1000.0	2250000	94.07177	36.553944	215.26953	-5.979124	-94.80572	5.298513	19473.758835554123
451	-8.896048	187.48201	158.36595	-244.40279	92.49556	189.52873	283.25803	-419.51486	1000.0	1000.0	2255000	93.17624	37.215416	242.10934	-1.1794462	-93.89631	5.697297	19519.07302069664
452	43.28815	222.82108	286.23788	-326.8459	-285.48407	201.21404	142.74443	-528.0235	1000.0	930.1	2260000	92.719955	37.6708	226.06532	-2.3697042	-93.4622	5.526279	19564.19261789322
453	78.48302	311.0375	592.81165	-350.4349	284.5304	240.19363	613.5688	-157.22218	1000.0	1000.0	2265000	93.09348	37.868202	225.54016	-21.148357	-93.85813	5.715485	19609.90477013588
454	110.53009	52.948925	179.81508	34.73806	74.61537	140.72186	344.78027	-141.18166	868.3333	1000.0	2270000	92.94086	37.514812	210.5675	-78.67556	-93.66689	5.7888618	19656.905617952347
455	-138.8518	207.03447	149.59137	-442.97787	-93.29658	160.59425	86.19688	-444.34836	1000.0	1000.0	2275000	91.88523	36.506233	204.96866	-49.17812	-92.57176	5.460043	19704.344175100327
456	-202.71078	52.83483	-138.71608	-270.10797	-171.8077	254.16194	100.57629	-701.4078	1000.0	1000.0	2280000	90.38465	35.371796	209.15825	6.5206165	-91.07383	5.2356615	19751.960728168488
457	-315.0048	128.88101	-98.54619	-493.1225	-65.55393	216.46295	410.79022	-370.47272	1000.0	1000.0	2285000	89.42238	34.81532	207.20427	-36.039177	-90.09787	4.9568443	19798.43259382248
458	-256.2155	307.97076	263.33154	-573.0452	19.65507	296.83292	435.66818	-468.642	1000.0	1000.0	2290000	88.38797	34.14613	190.05385	-78.42479	-89.07804	5.127982	19844.452325820923
459	-141.20836	254.3723	165.24176	-534.01904	9.498808	222.56856	223.54472	-549.7432	1000.0	914.8	2295000	87.797035	34.08386	195.44635	-28.98462	-88.46715	5.099711	19890.154705524445
460	-106.53125	235.8444	303.37097	-425.6239	-180.15689	309.6794	219.34116	-663.7933	1000.0	908.3	2300000	87.11578	33.900772	186.89601	-68.269936	-87.813896	5.0512266	19934.802750825882
461	89.75496	51.78914	151.81805	-1.351992	0.48519593	197.07578	281.45306	-322.12012	1000.0	1000.0	2305000	87.05045	34.01273	191.93608	-56.795753	-87.75429	5.204069	19980.99725651741
462	-117.24229	143.90935	88.57176	-281.17584	-339.07098	173.16235	-204.96198	-728.3971	1000.0	1000.0	2310000	86.92171	34.298496	199.20828	-87.48431	-87.62731	5.220216	20029.24240374565
463	-88.064735	134.07144	120.16938	-230.58493	74.45683	166.44052	370.06207	-139.35683	1000.0	1000.0	2315000	87.550095	34.68432	196.90665	17.449787	-88.295685	5.4493747	20075.59716486931
464	123.24449	140.71358	236.37534	-136.98929	234.88217	188.69572	550.1355	5.1406417	1000.0	917.9	2320000	88.04229	34.443203	197.75389	11.850126	-88.761635	5.639599	20122.089130163193
465	-275.38007	361.34314	18.886534	-912.7339	92.23372	122.8032	256.04425	-115.41867	1000.0	956.5	2325000	88.04348	34.148422	194.51724	-18.995625	-88.75981	5.196192	20168.011688232422
466	14.857837	232.12032	434.10764	-214.52625	-252.09033	307.78772	189.00047	-742.74774	826.0	1000.0	2330000	87.8233	33.911198	193.11147	-0.16290379	-88.53324	4.986508	20212.022455453873
467	52.68139	98.88945	206.66338	-75.269554	1.7318436	181.8259	394.27716	-221.59476	1000.0	1000.0	2335000	87.74022	33.678947	195.4113	-9.685499	-88.45598	5.2305613	20259.144565582275
468	-17.430622	283.71558	262.00632	-406.67856	-21.788647	323.24542	469.53177	-759.46277	1000.0	1000.0	2340000	87.9293	33.445724	195.42464	21.888935	-88.66373	5.8537407	20307.302967071533
469	125.3149	191.68205	283.66504	-241.79327	45.065903	265.75546	485.4212	-396.186	1000.0	1000.0	2345000	88.38129	33.4424	195.15977	26.79131	-89.14174	5.8225384	20354.409102916718
470	102.17308	277.78726	398.12683	-424.5002	419.62958	204.17436	784.1192	89.35748	1000.0	1000.0	2350000	88.43372	32.992462	191.2516	-38.113403	-89.1592	5.513787	20401.597768068314
471	159.57697	148.62677	377.70035	-69.20518	46.85276	324.06848	593.769	-409.10498	844.0	1000.0	2355000	88.305084	32.001053	186.589	-31.234987	-89.04121	5.4081507	20448.698097229004
472	71.85625	225.43236	363.695	-247.49826	147.20717	216.39044	482.67276	-284.145	1000.0	1000.0	2360000	88.55668	32.085613	187.53934	2.1972075	-89.29532	5.1760845	20496.36733365059
473	-16.89613	171.19202	246.04916	-233.99599	585.0805	144.10464	766.7152	207.58813	1000.0	1000.0	2365000	88.447495	31.856373	191.28178	6.6079884	-89.184265	5.264833	20542.619375228882
474	97.37856	264.05246	531.5131	-209.88945	265.6959	230.49416	619.6998	-213.56496	1000.0	1000.0	2370000	89.00703	31.961788	197.20593	-11.194693	-89.77027	5.2954526	20589.76474046707
475	88.285355	192.90639	429.63168	-137.37456	-161.78001	277.8433	314.16385	-607.95856	1000.0	1000.0	2375000	89.25204	31.671946	201.61113	3.758236	-90.01905	5.141702	20637.75641465187
476	69.50282	221.78603	243.1119	-338.9053	-59.282696	240.35197	147.91893	-704.9597	1000.0	1000.0	2380000	89.980095	31.450846	196.04968	12.103638	-90.74139	5.3506007	20685.544212818146
477	139.80594	259.50333	576.1721	-225.70679	-93.33995	360.9752	333.40448	-840.3271	1000.0	1000.0	2385000	90.29857	31.366621	192.78918	1.0682487	-91.068726	5.4038734	20732.732407569885
478	-16.509918	100.09879	154.75595	-147.58	77.486206	326.09473	464.7657	-695.18054	1000.0	1000.0	2390000	91.01272	31.943739	199.036	-6.4958687	-91.79683	5.3527174	20780.34370803833
479	59.669605	127.86815	214.6494	-125.98154	34.27702	253.90184	373.01462	-541.00415	1000.0	1000.0	2395000	91.34604	31.989878	201.1352	1.1874218	-92.107994	5.3076024	20827.311487674713
480	-69.42659	244.57257	164.06583	-507.88907	284.8504	273.26443	633.0569	-183.32643	1000.0	883.3	2400000	90.9363	32.013638	192.7551	-0.21923256	-91.68767	5.3930287	20873.477905750275
481	100.159424	289.33725	405.90036	-434.0796	40.38899	178.48566	332.11954	-232.34038	1000.0	1000.0	2405000	90.8057	31.742699	198.2419	-14.644225	-91.55085	5.0938444	20921.710826396942
482	-36.290188	111.48753	98.11054	-218.56252	-6.1700377	132.82645	176.92406	-214.16847	1000.0	903.8	2410000	90.76213	32.30093	195.01314	-14.994683	-91.53665	5.4836955	20968.83230996132
483	-136.59036	107.545555	11.716989	-287.6331	261.3217	82.82122	420.0058	154.1591	1000.0	1000.0	2415000	91.01285	32.738136	195.048	-37.723206	-91.78433	5.6667247	21015.578060626984
484	11.509209	205.92719	297.93823	-290.16983	62.48751	290.8317	649.94006	-312.44937	1000.0	1000.0	2420000	91.67688	32.610363	196.09888	-12.584887	-92.48186	5.6780524	21062.239890813828
485	80.19462	85.864265	203.94292	-32.472404	60.755516	239.03342	349.84244	-355.24777	1000.0	914.3	2425000	92.32319	32.474342	204.75499	3.8164396	-93.13359	5.765603	21108.866505861282
486	-69.70963	77.78876	31.039068	-200.09705	85.72249	267.87622	461.12564	-348.7811	1000.0	1000.0	2430000	92.64028	32.42582	194.0354	-32.139862	-93.42893	5.5825214	21156.634654045105
487	-172.2456	239.8222	191.98816	-562.46356	-185.28325	135.4924	29.33985	-416.3775	1000.0	906.1	2435000	92.212326	32.33409	200.49606	-20.614923	-92.96475	5.611611	21203.565102815628
488	-236.15665	170.82343	-62.840805	-465.2585	-31.025757	220.0296	472.4787	-398.2643	1000.0	915.0	2440000	91.5586	31.74917	196.91275	-37.3992	-92.320786	5.2755866	21249.96875500679
489	15.026041	212.35144	262.69022	-241.35806	119.40193	245.46179	344.22626	-429.5126	1000.0	1000.0	2445000	91.443985	31.933527	200.2752	-2.7112055	-92.244225	5.5037193	21296.822068691254
490	-16.93242	220.12347	366.12576	-226.07582	84.59236	165.57005	397.4462	-205.70952	1000.0	1000.0	2450000	91.960655	32.288685	197.66898	-10.781544	-92.76958	5.44287	21344.617908477783
491	52.521362	189.30836	303.99667	-224.4733	150.88261	363.68372	656.77124	-331.18594	1000.0	1000.0	2455000	92.56196	32.40775	197.96855	19.207993	-93.40106	5.602808	21391.925997257233
492	66.802086	214.72896	344.60315	-304.84467	98.422165	290.0651	569.69025	-418.90234	1000.0	1000.0	2460000	93.199234	32.79843	198.1693	-28.696085	-94.02156	5.4450607	21437.969370126724
493	87.56467	157.36865	397.126	-35.980553	347.0797	190.72833	686.7436	73.38572	1000.0	1000.0	2465000	93.18013	32.784348	196.88115	-21.46521	-93.972015	5.593415	21486.168938159943
494	66.30137	95.22759	254.17914	-2.3490922	-245.35925	220.64561	11.588858	-615.22736	1000.0	1000.0	2470000	92.82302	32.59754	197.4263	18.571302	-93.62123	5.3588157	21532.43467760086
495	85.36878	204.23201	295.752	-300.313	223.52841	344.35617	577.5636	-576.537	848.8333	1000.0	2475000	93.330215	32.5225	198.17262	-5.612301	-94.16828	5.650209	21581.51359152794
496	5.389351	137.28676	183.63942	-186.81866	86.566605	278.33496	479.7084	-340.53632	1000.0	1000.0	2480000	93.45872	31.999985	201.73465	-37.994972	-94.26904	5.812204	21627.245707273483
497	-77.047714	236.23845	324.38882	-309.83432	28.201483	132.25984	334.03058	-172.3094	1000.0	1000.0	2485000	93.04942	32.203667	196.05304	-74.227585	-93.826584	5.552191	21671.675892591476
498	-125.343765	91.46605	-6.9280396	-257.96356	-235.11499	105.91682	-59.24082	-373.24304	1000.0	1000.0	2490000	92.13669	32.196117	193.25034	-46.855244	-92.91718	5.568956	21714.332682847977
499	-37.332726	115.28826	149.14398	-207.17892	57.577766	76.305786	198.91106	-46.20904	1000.0	1000.0	2495000	91.5251	32.674797	198.27933	-54.188015	-92.31653	5.515472	21759.612048864365
