Epoch	AverageEpRet	StdEpRet	MaxEpRet	MinEpRet	AverageTestEpRet	StdTestEpRet	MaxTestEpRet	MinTestEpRet	EpLen	TestEpLen	TotalEnvInteracts	AverageQVals	StdQVals	MaxQVals	MinQVals	LossPi	LossQ	Time
1	4668.86	51.51372	4777.792	4590.4985	4462.4243	1.9357842	4465.4653	4459.2764	1000.0	1000.0	10000	104.91991	52.43353	333.97223	-111.77715	-105.087524	7.186933	81.2039635181427
2	4618.8047	56.10211	4674.7637	4477.4365	4602.7544	3.2360756	4610.7485	4598.333	1000.0	1000.0	20000	245.63951	33.177174	424.45532	92.430756	-245.80298	4.8845844	166.67406964302063
3	4605.1377	46.299824	4670.558	4539.764	4602.4087	4.658828	4609.9204	4594.387	1000.0	1000.0	30000	333.0114	22.856783	662.8847	97.34312	-333.15826	4.932612	252.30619478225708
4	4622.585	35.563232	4673.0513	4565.897	4604.241	2.7872431	4608.2944	4599.7993	1000.0	1000.0	40000	388.10626	17.995882	534.73627	87.033005	-388.2618	4.995421	337.9975800514221
5	4628.732	34.817616	4676.977	4573.472	4603.039	3.263739	4608.414	4599.2646	1000.0	1000.0	50000	421.62653	14.683122	659.6904	152.71399	-421.7334	5.376282	424.42708444595337
6	4598.332	37.188118	4652.4565	4546.2363	4601.721	2.8648243	4608.95	4597.423	1000.0	1000.0	60000	441.70892	13.169337	643.07404	128.92865	-441.81375	4.9373975	510.05950450897217
7	4598.581	47.91198	4653.519	4507.8896	4604.229	4.3338404	4610.658	4598.561	1000.0	1000.0	70000	453.21603	12.253492	690.915	120.21104	-453.293	5.1600585	597.0447978973389
8	4594.0728	42.72281	4673.231	4545.309	4604.766	3.9644365	4612.096	4600.179	1000.0	1000.0	80000	459.46893	11.586601	696.4432	123.27408	-459.53775	4.2081766	683.2374436855316
9	4586.1484	93.136185	4667.959	4329.7363	4604.322	4.1085505	4610.6	4597.858	1000.0	1000.0	90000	463.32025	11.28615	761.0011	222.4752	-463.39865	4.2129064	770.1115357875824
10	4589.09	36.663918	4639.5186	4538.688	4604.3403	3.5771322	4610.5986	4597.817	1000.0	1000.0	100000	465.81354	11.04759	695.4702	91.49367	-465.90054	4.4252563	856.1127028465271
11	4621.483	43.927723	4673.7334	4548.8154	4604.706	5.0413675	4610.7715	4595.8535	1000.0	1000.0	110000	468.2984	10.355214	756.08374	257.26657	-468.40054	3.8039887	942.8291923999786
12	4622.914	39.018295	4675.5703	4553.327	4605.637	5.1467333	4611.791	4597.0864	1000.0	1000.0	120000	470.21503	9.735946	738.4077	245.58325	-470.32736	3.4871314	1029.9608941078186
13	4589.2866	44.558773	4660.4062	4528.7095	4603.8975	3.7961226	4609.3306	4597.744	1000.0	1000.0	130000	472.27948	9.081786	746.5488	204.32358	-472.40976	3.7648504	1116.688444852829
14	4620.001	39.25484	4664.7153	4565.313	4605.425	4.1848083	4611.2827	4600.1133	1000.0	1000.0	140000	473.69107	8.721421	701.53766	108.9997	-473.81744	2.9507177	1203.6986060142517
15	4624.083	35.695255	4660.3022	4565.117	4605.0693	5.034258	4611.6294	4599.142	1000.0	1000.0	150000	474.5154	8.849373	752.5924	274.25513	-474.6502	2.8407972	1292.387936115265
16	4646.6494	22.68569	4676.7705	4591.4873	4605.3164	3.6128478	4611.3887	4600.89	1000.0	1000.0	160000	475.59	9.011332	669.59595	215.37389	-475.729	2.8576376	1380.6394307613373
17	4608.26	46.248535	4667.227	4542.5566	4602.283	4.188921	4610.354	4595.0063	1000.0	1000.0	170000	476.42935	9.181493	598.4503	126.905205	-476.5653	2.5875542	1468.30260014534
18	4629.96	33.775787	4658.0474	4563.7246	4604.5005	5.1204495	4610.8564	4595.3604	1000.0	1000.0	180000	475.8268	9.157968	665.3502	297.24893	-475.9345	2.3488848	1556.3596346378326
19	4620.6157	50.71336	4672.056	4536.3433	4605.204	5.4164395	4611.085	4594.769	1000.0	1000.0	190000	475.37695	9.397645	748.0236	252.06541	-475.50244	2.4155388	1644.2425928115845
20	4605.943	40.800064	4659.514	4550.8965	4604.1094	5.7099323	4610.8164	4594.125	1000.0	1000.0	200000	475.48923	9.337632	738.8301	304.4087	-475.60724	2.2615921	1731.70024228096
21	4602.219	43.653763	4674.081	4548.889	4602.667	3.8689508	4609.2964	4596.067	1000.0	1000.0	210000	475.6634	9.270339	573.02704	306.69434	-475.795	2.106858	1821.6576309204102
22	4619.554	42.60029	4665.932	4540.184	4604.257	5.074274	4610.6187	4592.647	1000.0	1000.0	220000	475.79526	9.834606	662.5668	245.59467	-475.9206	2.432659	1922.9212744235992
23	4625.8174	37.634747	4668.756	4557.5317	4603.651	4.6705575	4611.465	4594.1772	1000.0	1000.0	230000	475.90735	10.729525	684.84753	298.37408	-476.0342	2.1682653	2023.0287866592407
24	4623.155	41.462254	4670.774	4532.826	4605.0093	4.198212	4610.389	4599.924	1000.0	1000.0	240000	476.1211	11.858854	572.9788	280.21295	-476.24445	2.5616903	2122.6976103782654
25	4616.037	41.119274	4667.7837	4544.559	4604.9854	4.751516	4611.5254	4598.8022	1000.0	1000.0	250000	476.4717	12.967998	649.71545	191.98401	-476.61746	2.6003985	2223.7761087417603
26	4622.362	36.92836	4662.0464	4550.862	4604.0938	5.492704	4610.059	4591.5938	1000.0	1000.0	260000	476.9959	13.576095	602.3938	211.90465	-477.1198	2.5423372	2326.5463242530823
27	4628.802	49.868526	4676.4927	4497.583	4602.7373	4.1199703	4609.4507	4594.0522	1000.0	1000.0	270000	476.22537	12.807221	710.0949	237.15926	-476.32986	2.5493157	2429.408889770508
28	4620.7593	44.3667	4668.0103	4553.9707	4603.3203	4.9246554	4609.8677	4593.587	1000.0	1000.0	280000	475.31052	12.331914	589.8971	169.37102	-475.41086	2.3884628	2531.895541906357
29	4610.0605	47.030014	4661.1562	4535.6763	4603.19	3.8365493	4609.7925	4597.2603	1000.0	1000.0	290000	474.50092	11.956849	759.71893	113.72514	-474.59875	2.81918	2633.022259235382
30	4607.876	68.83583	4662.2544	4428.3823	4604.3433	4.7417645	4610.026	4595.0166	1000.0	1000.0	300000	473.9363	11.429824	676.4815	157.31091	-474.0341	2.483134	2733.807408809662
31	4601.505	41.722694	4666.3687	4548.007	4606.04	4.687469	4610.852	4596.5957	1000.0	1000.0	310000	473.61847	10.7726755	617.34064	281.45184	-473.71576	2.5689552	2834.9661197662354
32	4623.4907	38.480618	4659.9736	4547.7285	4603.4624	2.8694527	4609.6104	4599.622	1000.0	1000.0	320000	473.3323	10.552238	722.4194	248.6043	-473.43515	2.8459165	2936.5565977096558
33	4602.7695	35.32429	4645.648	4548.7144	4606.3994	4.038857	4611.347	4599.2983	1000.0	1000.0	330000	473.4852	10.259553	595.6246	288.83563	-473.6053	2.4514036	3039.487465620041
34	4611.7046	36.566433	4655.849	4554.7036	4605.553	4.101272	4609.4473	4596.832	1000.0	1000.0	340000	473.9891	9.527962	600.7758	323.41135	-474.106	2.4004576	3143.303063392639
35	4614.273	44.383472	4671.172	4547.9644	4602.547	5.6978564	4610.124	4593.0225	1000.0	1000.0	350000	474.24365	8.937211	576.03687	286.97208	-474.36816	2.172392	3245.723479747772
36	4596.59	43.454372	4654.4814	4546.934	4602.473	4.733196	4609.837	4595.346	1000.0	1000.0	360000	474.54327	8.298238	691.56195	345.3796	-474.66486	2.1307638	3347.3205938339233
37	4596.4297	43.650757	4654.361	4527.4956	4604.318	3.678737	4611.482	4599.78	1000.0	1000.0	370000	474.78308	7.958942	604.63837	270.85522	-474.9077	2.131923	3446.536116838455
38	4613.39	34.065132	4666.2476	4552.884	4604.458	4.1504426	4610.2935	4595.476	1000.0	1000.0	380000	474.6613	7.9810243	582.19086	326.91953	-474.77744	1.73354	3539.6778898239136
39	4604.9517	45.82153	4660.2764	4539.203	4603.694	3.458373	4610.003	4598.934	1000.0	1000.0	390000	474.4571	7.842406	719.80145	276.91025	-474.5705	1.9636527	3627.8743658065796
40	4621.9307	35.408314	4679.3423	4557.688	4603.42	4.8744574	4609.305	4596.7964	1000.0	1000.0	400000	474.38586	7.658475	648.66534	278.0767	-474.50406	1.6900227	3717.7410311698914
41	4624.2407	39.239994	4692.367	4548.129	4604.9795	4.1645727	4610.427	4596.7627	1000.0	1000.0	410000	474.44617	7.6408653	595.6435	332.51138	-474.5652	1.791227	3806.9095392227173
42	4581.8857	59.207924	4665.7324	4469.015	4604.4087	3.7483435	4610.928	4599.219	1000.0	1000.0	420000	474.3136	7.5231586	831.4646	340.07278	-474.42526	1.7137656	3895.377419948578
43	4609.935	34.87296	4653.3066	4563.7456	4604.793	3.8383102	4610.1187	4599.0405	1000.0	1000.0	430000	474.03156	7.0663667	598.29596	268.22873	-474.13635	1.6117687	3983.733190536499
44	4578.343	38.773827	4652.036	4516.911	4604.4395	4.594432	4611.271	4596.2485	1000.0	1000.0	440000	473.9008	6.708423	618.9625	297.08887	-474.01376	1.6116275	4073.136085987091
45	4626.863	43.915928	4660.528	4509.7046	4606.3057	3.4671876	4610.885	4599.8374	1000.0	1000.0	450000	473.85446	6.3845067	658.52814	315.2446	-473.96313	1.4913803	4162.37037396431
46	4608.269	45.686237	4672.755	4542.448	4599.5635	5.748761	4611.044	4592.0625	1000.0	1000.0	460000	473.6566	6.305389	619.4739	253.77058	-473.769	1.6043153	4250.998715877533
47	4624.5923	43.515465	4663.2617	4540.668	4601.8735	2.8884714	4606.5747	4594.9775	1000.0	1000.0	470000	473.68103	6.168072	573.7553	381.72995	-473.7874	1.3788369	4341.88574719429
48	4616.907	51.00605	4684.0264	4503.1133	4606.618	3.9364238	4611.804	4598.553	1000.0	1000.0	480000	473.6976	5.918904	636.7105	328.28503	-473.8193	1.7757412	4431.929725408554
49	4604.6943	38.39982	4656.9526	4534.3584	4603.2285	4.9894576	4608.61	4591.109	1000.0	1000.0	490000	473.96793	5.735259	614.75323	296.0257	-474.0907	1.5434378	4522.161968231201
50	4609.6196	43.907127	4679.147	4541.4185	4603.564	3.7463093	4609.564	4599.125	1000.0	1000.0	500000	474.30475	5.3528094	724.7323	285.9546	-474.4297	1.6195989	4612.747917413712
51	4604.76	50.61476	4664.9336	4514.014	4603.723	5.0413313	4610.471	4596.5396	1000.0	1000.0	510000	474.43292	5.230699	619.71497	348.58267	-474.553	1.4964421	4705.985659122467
52	4617.0273	45.4504	4667.35	4536.1772	4601.477	5.1922812	4610.0894	4593.2437	1000.0	1000.0	520000	474.26962	5.130911	567.98914	259.9709	-474.3813	1.3204709	4798.525629997253
53	4618.359	47.171234	4672.004	4547.3955	4604.1235	4.2552505	4611.219	4595.6226	1000.0	1000.0	530000	474.0351	5.0643873	624.98865	345.396	-474.14655	1.3491911	4892.3100066185
54	4618.1455	41.677425	4670.395	4563.448	4604.8228	5.026749	4610.251	4594.785	1000.0	1000.0	540000	473.9776	4.979574	649.8389	339.50314	-474.0939	1.3449429	4990.9153842926025
55	4607.505	45.38132	4665.6616	4519.168	4601.8774	6.0595956	4610.646	4592.917	1000.0	1000.0	550000	473.8712	5.118409	567.7708	334.89084	-473.98566	1.3621398	5089.677219629288
56	4600.4927	42.28042	4667.4517	4539.8403	4602.7246	4.3435493	4610.1284	4594.02	1000.0	1000.0	560000	473.6848	5.0351954	573.84503	291.7641	-473.7931	1.2900907	5188.385497570038
57	4609.3613	46.967766	4667.276	4545.26	4602.85	5.3550606	4609.632	4591.6235	1000.0	1000.0	570000	473.64926	5.0328274	556.91565	360.93414	-473.7599	1.3582807	5288.74293422699
58	4616.735	40.309483	4657.6934	4542.1504	4605.007	3.1086159	4610.334	4600.656	1000.0	1000.0	580000	473.3849	5.1883135	590.1786	340.46484	-473.492	1.3978984	5387.937431573868
59	4630.118	42.049416	4666.8086	4554.394	4602.5977	4.70886	4609.138	4593.4653	1000.0	1000.0	590000	473.461	5.063141	644.24084	340.2053	-473.5721	1.4592732	5487.8698036670685
60	4601.5635	43.03945	4661.772	4546.267	4606.8906	3.638195	4611.3564	4599.9106	1000.0	1000.0	600000	473.21622	4.8933654	616.0854	323.2295	-473.31876	1.2212427	5587.073172330856
61	4618.71	63.754505	4657.4106	4433.6323	4604.1396	5.104217	4610.373	4595.1484	1000.0	1000.0	610000	473.0228	4.9427204	614.2958	361.5943	-473.1286	1.2150639	5686.323709726334
62	4601.917	41.87355	4650.415	4544.091	4603.173	4.581481	4610.9326	4597.033	1000.0	1000.0	620000	472.7743	5.143334	617.0807	354.04114	-472.8743	1.3490965	5784.825182914734
63	4591.4106	30.44205	4659.238	4548.2495	4602.656	4.82753	4608.9263	4595.5444	1000.0	1000.0	630000	472.65027	5.3554263	590.97504	346.41107	-472.7558	1.4056426	5888.555267095566
64	4624.729	31.060192	4661.0137	4551.8237	4603.6865	4.882372	4611.1284	4597.7544	1000.0	1000.0	640000	472.67545	5.55979	658.25665	299.8913	-472.77234	1.4942135	5994.856629371643
65	4623.6807	42.92631	4666.553	4537.5913	4603.5337	5.397337	4610.0347	4593.8994	1000.0	1000.0	650000	472.31268	5.750857	627.4836	305.077	-472.4091	1.4297894	6099.80525970459
66	4612.6665	42.60693	4667.894	4554.6133	4603.1787	5.4566684	4609.9604	4593.0967	1000.0	1000.0	660000	472.32016	5.3542247	549.09863	291.17365	-472.42276	1.2464036	6207.320908784866
67	4597.718	44.81724	4658.988	4534.6616	4602.4585	6.0615506	4610.671	4593.4033	1000.0	1000.0	670000	472.37695	4.999775	684.8389	335.08014	-472.4749	1.3676246	6313.11803483963
68	4585.5693	38.24351	4649.305	4532.9893	4605.078	4.175788	4610.3975	4597.0835	1000.0	1000.0	680000	472.20593	4.8220453	566.5669	345.02734	-472.3005	1.2586881	6419.284721851349
69	4582.096	34.314167	4647.4526	4531.445	4604.7407	4.9724803	4609.6426	4595.3237	1000.0	1000.0	690000	471.98285	4.854962	553.59467	370.3117	-472.08234	1.1566427	6534.939287662506
70	4611.2	39.165115	4665.268	4548.536	4602.7583	4.758325	4609.66	4594.8706	1000.0	1000.0	700000	472.0194	4.8857074	553.5716	216.39293	-472.1126	1.2231456	6648.42903137207
71	4617.262	41.790493	4661.555	4548.8013	4603.8877	4.3372025	4611.302	4596.7007	1000.0	1000.0	710000	471.75476	4.8268995	668.3584	315.61298	-471.84674	1.23038	6763.253059148788
72	4618.097	35.527245	4664.601	4557.464	4605.9756	5.096653	4610.889	4592.9263	1000.0	1000.0	720000	471.80524	4.6469746	610.3098	334.23666	-471.897	1.1441506	6879.095785140991
73	4608.1025	41.08379	4663.983	4547.147	4603.2227	3.5394099	4609.4814	4599.425	1000.0	1000.0	730000	471.5698	4.690702	545.35913	303.70102	-471.6545	1.1202416	6992.755979776382
74	4621.749	46.057926	4672.5903	4551.088	4605.107	4.9526224	4611.8716	4597.8955	1000.0	1000.0	740000	470.99786	4.899901	641.52454	368.8018	-471.0734	1.1975743	7105.667115449905
75	4621.473	41.556328	4668.574	4557.7476	4601.602	4.6414704	4610.3003	4592.687	1000.0	1000.0	750000	470.49396	5.1953936	589.994	326.3075	-470.5686	1.2223387	7218.700172424316
76	4607.8257	41.518124	4666.2036	4552.024	4605.246	4.07347	4609.994	4600.032	1000.0	1000.0	760000	470.14615	5.544548	606.3774	347.7522	-470.21756	1.211384	7332.823061466217
77	4600.8467	47.85593	4674.1455	4532.2886	4604.9883	4.8229365	4609.9375	4594.77	1000.0	1000.0	770000	469.44318	5.5626693	583.7802	346.01685	-469.50284	1.1754209	7449.49317240715
78	4611.098	38.830894	4660.881	4551.6606	4603.613	5.3451734	4610.421	4596.2456	1000.0	1000.0	780000	469.14902	5.00712	560.489	317.36792	-469.2188	1.049035	7564.841770410538
79	4608.954	40.478096	4657.4604	4544.7603	4605.2197	2.9009676	4609.3164	4600.395	1000.0	1000.0	790000	469.10712	4.7617855	561.06775	369.98337	-469.1784	1.1063224	7672.482122421265
80	4637.4634	28.492905	4670.917	4562.333	4605.0337	3.88816	4610.544	4600.3154	1000.0	1000.0	800000	469.21243	4.8487716	546.12244	407.4448	-469.28464	1.0174861	7780.711941003799
81	4579.1045	51.406246	4668.0776	4481.398	4606.007	3.5597796	4610.2886	4600.4155	1000.0	1000.0	810000	469.39114	4.814068	639.24554	293.657	-469.46616	1.1118346	7887.242940664291
82	4616.452	42.4791	4668.4556	4547.279	4603.6445	4.3904943	4610.7563	4597.849	1000.0	1000.0	820000	469.51965	4.8205605	548.8266	250.97572	-469.59976	1.2324686	7995.441792964935
83	4625.657	43.8879	4684.255	4544.163	4605.607	6.14559	4610.613	4593.575	1000.0	1000.0	830000	469.51425	5.2028985	643.66016	262.31198	-469.583	1.1761278	8108.953364133835
84	4590.826	35.166874	4657.917	4542.0977	4605.7456	4.7527885	4612.5723	4600.5205	1000.0	1000.0	840000	469.40768	5.1525173	546.6363	381.43832	-469.4779	1.0629721	8221.869002580643
85	4610.924	57.762386	4683.8706	4525.1978	4603.0273	3.918213	4610.379	4598.6475	1000.0	1000.0	850000	469.3567	5.063251	555.62744	393.54385	-469.4271	1.0988392	8327.546992301941
86	4598.511	44.100185	4663.5435	4535.354	4603.343	2.685381	4606.246	4598.7466	1000.0	1000.0	860000	469.28232	5.1003866	560.9882	320.15112	-469.35184	1.1932052	8432.584102630615
87	4595.575	47.2714	4665.351	4549.768	4604.6577	3.0845888	4609.1753	4599.262	1000.0	1000.0	870000	469.23444	4.9847174	547.37085	324.85855	-469.30164	1.0663741	8537.259447574615
88	4601.868	40.998634	4656.584	4542.298	4604.7207	4.6639752	4610.7734	4597.278	1000.0	1000.0	880000	469.15936	5.034521	634.7826	276.60297	-469.23016	1.1509267	8641.369983911514
89	4613.1655	43.74592	4670.824	4558.7563	4604.679	5.3219147	4610.9277	4595.2104	1000.0	1000.0	890000	469.02942	5.077021	562.9268	377.5087	-469.0947	1.1207975	8746.736645936966
90	4599.6694	46.409363	4654.797	4522.073	4605.5005	4.015617	4610.59	4598.4023	1000.0	1000.0	900000	468.8972	5.0900373	582.5287	326.18823	-468.9596	1.1068884	8852.583680868149
91	4629.2773	30.170572	4661.354	4580.81	4603.9585	3.9170706	4610.849	4598.7964	1000.0	1000.0	910000	468.7638	5.030684	542.4062	368.63058	-468.8269	0.9978374	8958.52245926857
92	4636.374	40.92671	4673.9116	4556.65	4604.118	5.4742465	4610.083	4594.489	1000.0	1000.0	920000	468.87158	4.902107	571.5479	395.20337	-468.9401	0.9830417	9064.16515135765
93	4601.6006	32.853134	4655.5967	4554.8623	4605.9375	4.5747004	4610.6533	4596.635	1000.0	1000.0	930000	469.0644	4.877405	586.8299	314.21375	-469.1333	1.0524987	9170.38403916359
94	4621.492	42.161846	4665.3184	4537.988	4602.3955	3.7533774	4608.753	4597.6084	1000.0	1000.0	940000	469.10974	4.884215	562.4231	292.3719	-469.17584	1.0318204	9276.074734210968
95	4583.374	28.327297	4638.1597	4545.5366	4603.112	6.3172297	4611.0454	4592.251	1000.0	1000.0	950000	469.0363	5.025276	577.6045	261.99374	-469.09894	0.9856462	9382.310212135315
96	4610.9653	39.711243	4672.9937	4554.182	4606.9814	4.3119893	4611.4883	4600.9224	1000.0	1000.0	960000	468.83228	4.961824	538.5236	392.17014	-468.8942	0.91575295	9489.193029165268
97	4619.352	41.568592	4663.2876	4545.765	4604.009	5.150803	4611.009	4596.303	1000.0	1000.0	970000	468.90826	5.005318	527.9693	366.58994	-468.97595	0.8980415	9596.514928340912
98	4619.9795	30.128693	4661.443	4550.4893	4603.586	4.5565977	4609.277	4596.9565	1000.0	1000.0	980000	468.79688	5.0966034	543.11444	342.35898	-468.8551	0.9252619	9703.416115999222
99	4603.697	38.517345	4653.3145	4557.4263	4605.1978	4.9259663	4610.752	4595.969	1000.0	1000.0	990000	468.54205	5.0832644	719.9636	354.0907	-468.607	1.094817	9809.954683303833
100	4630.731	30.815874	4673.85	4575.7935	4600.9365	4.343205	4609.438	4592.7026	1000.0	1000.0	1000000	468.66553	4.8815045	528.9489	374.93707	-468.7314	0.8892836	9917.881145477295
101	4587.191	40.944386	4643.1577	4528.7446	4602.1943	4.6898465	4610.414	4593.3066	1000.0	1000.0	1010000	468.6359	4.527932	537.51843	383.28735	-468.6987	0.81671154	10025.022525548935
102	4607.652	52.997677	4672.765	4485.599	4605.402	5.1165857	4612.192	4594.037	1000.0	1000.0	1020000	468.6951	4.3107963	561.8886	381.57257	-468.76443	0.8050001	10131.901682376862
103	4610.8164	46.694557	4664.065	4530.5547	4601.659	4.0372496	4608.278	4594.7153	1000.0	1000.0	1030000	468.88605	4.262171	609.4393	300.18414	-468.95334	0.76132894	10240.128107309341
104	4588.9326	39.276344	4647.545	4529.745	4604.5186	6.6199255	4610.7275	4592.7466	1000.0	1000.0	1040000	468.8314	4.4489207	532.0223	390.19513	-468.89536	0.74382967	10353.64900970459
105	4622.4805	49.40847	4679.0693	4526.2183	4603.747	3.8468034	4609.5415	4597.0635	1000.0	1000.0	1050000	468.65182	4.3583875	584.6701	369.70367	-468.71384	0.7547477	10470.59112071991
106	4604.333	36.74006	4655.9663	4553.2935	4606.034	4.4448347	4611.654	4599.6875	1000.0	1000.0	1060000	468.71182	4.3008904	591.89233	318.86325	-468.77756	0.785267	10586.181408405304
107	4612.4126	42.69669	4672.328	4547.02	4605.712	5.5427704	4611.7876	4595.5615	1000.0	1000.0	1070000	468.6173	4.421418	541.13684	387.03577	-468.6823	0.7938368	10701.242001771927
108	4593.827	41.399372	4666.738	4536.872	4606.561	4.839368	4610.669	4594.9663	1000.0	1000.0	1080000	468.6581	4.2573304	521.5019	373.6321	-468.7222	0.6947285	10816.772703170776
109	4597.1055	37.93432	4661.0225	4562.114	4603.749	6.543099	4610.716	4593.6353	1000.0	1000.0	1090000	468.78696	4.1855373	517.805	338.6831	-468.8574	0.735525	10932.431516885757
110	4607.958	36.69025	4647.871	4553.442	4605.956	3.937867	4611.182	4601.2563	1000.0	1000.0	1100000	468.934	4.146253	541.789	399.063	-469.00244	0.7081466	11048.683060407639
111	4609.933	42.165894	4676.718	4553.863	4601.6357	5.1602483	4609.942	4594.2964	1000.0	1000.0	1110000	469.0631	4.1583476	573.81555	383.461	-469.1335	0.67778283	11165.182416439056
112	4598.909	42.351276	4655.628	4539.8906	4605.409	5.1029067	4610.8486	4596.693	1000.0	1000.0	1120000	468.9138	4.204553	533.1506	413.42468	-468.97336	0.6564712	11280.699417114258
113	4593.097	43.29468	4661.404	4535.4004	4603.336	4.661795	4611.305	4596.8364	1000.0	1000.0	1130000	468.55988	4.288792	587.57465	358.12787	-468.62186	0.79422706	11401.563559770584
114	4588.395	44.065067	4663.737	4546.944	4604.2466	3.2182844	4609.4414	4600.365	1000.0	1000.0	1140000	468.46463	4.110625	531.8209	393.31134	-468.5263	0.6895799	11526.06354188919
115	4617.5127	39.352	4660.737	4541.8706	4602.3994	6.2695837	4610.9766	4593.2183	1000.0	1000.0	1150000	468.42065	4.1204815	524.58765	361.39465	-468.4839	0.65188974	11650.396354675293
116	4613.149	33.14604	4661.6074	4551.1216	4604.5293	3.7125797	4608.8833	4598.553	1000.0	1000.0	1160000	468.41486	4.119634	528.2446	373.46735	-468.4794	0.72079045	11775.80727148056
117	4577.968	39.36067	4646.63	4526.3066	4607.1313	3.564617	4610.539	4600.2554	1000.0	1000.0	1170000	468.45984	4.0166497	539.8407	414.3912	-468.526	0.649418	11898.853419303894
118	4617.8096	36.362385	4668.5996	4553.8765	4604.42	4.5833797	4610.6226	4596.0913	1000.0	1000.0	1180000	468.4573	4.12806	596.3284	373.62805	-468.52124	0.6823562	12025.305416345596
119	4598.9233	47.329674	4663.435	4536.099	4605.0186	4.2703233	4611.1826	4598.0547	1000.0	1000.0	1190000	468.47757	4.0907664	535.9432	413.8973	-468.5419	0.6728403	12149.62328696251
120	4606.1133	41.77465	4666.0117	4552.3325	4604.5327	5.367124	4609.826	4592.304	1000.0	1000.0	1200000	468.30634	4.069374	548.7603	387.83054	-468.3668	0.68823487	12266.485386371613
121	4592.384	44.677917	4666.731	4554.3994	4604.008	5.409885	4610.7197	4592.197	1000.0	1000.0	1210000	468.2469	4.1196694	528.1946	394.35034	-468.31216	0.6865004	12382.565777301788
122	4599.917	65.02724	4653.2915	4440.9946	4603.1533	4.9326234	4609.618	4595.1353	1000.0	1000.0	1220000	468.36044	4.1144643	532.013	393.14264	-468.42856	0.7043922	12497.75107717514
123	4604.64	39.470234	4660.4907	4554.492	4603.4463	6.056686	4611.091	4594.147	1000.0	1000.0	1230000	468.4622	4.049747	543.69116	401.7612	-468.53015	0.64780194	12613.538896799088
124	4629.73	44.363823	4683.0635	4552.4844	4606.9517	3.336442	4610.6616	4600.48	1000.0	1000.0	1240000	468.42813	4.1339607	554.99603	271.06522	-468.49176	0.6935604	12730.93500328064
125	4586.031	32.766243	4636.3384	4545.973	4604.1147	5.1034575	4609.788	4594.343	1000.0	1000.0	1250000	468.51273	4.2463427	539.9211	406.27258	-468.58456	0.6411098	12847.180522918701
126	4602.58	39.610203	4655.125	4541.081	4604.923	5.0185504	4610.834	4594.5454	1000.0	1000.0	1260000	468.70978	4.27438	556.1443	269.842	-468.78336	0.70024186	12962.163745641708
127	4594.217	46.913277	4662.0684	4526.382	4604.9033	3.9238448	4610.455	4600.241	1000.0	1000.0	1270000	468.876	4.3214793	555.6254	381.6775	-468.9495	0.75534666	13078.342850208282
128	4621.6597	38.66241	4659.323	4540.4565	4604.493	4.525405	4610.5986	4593.3433	1000.0	1000.0	1280000	468.81287	4.2967434	564.5774	357.6315	-468.88126	0.7576675	13193.988425016403
129	4602.8975	45.32297	4660.166	4538.5645	4603.781	4.2388244	4610.3438	4600.2334	1000.0	1000.0	1290000	468.78052	4.201264	525.64655	394.575	-468.85135	0.68441594	13302.983442544937
130	4600.736	42.729618	4666.3926	4527.734	4605.049	6.1717634	4611.7183	4594.188	1000.0	1000.0	1300000	468.9478	4.16434	542.06555	398.71194	-469.0199	0.6407521	13409.239734888077
131	4611.415	43.34451	4674.099	4527.0786	4603.409	3.294799	4609.504	4600.196	1000.0	1000.0	1310000	468.8987	4.2425017	513.36273	323.38983	-468.9688	0.6325595	13515.376346349716
132	4613.653	38.541336	4659.923	4561.0825	4603.3486	4.971337	4609.61	4592.527	1000.0	1000.0	1320000	468.71756	4.286169	571.4023	389.14984	-468.7833	0.67950964	13622.39283823967
133	4598.0225	35.245235	4655.6504	4543.8623	4605.9683	3.6396418	4610.365	4598.7544	1000.0	1000.0	1330000	468.55072	4.152801	543.0038	400.97052	-468.6153	0.60991424	13729.83367061615
134	4619.2734	39.925423	4665.3584	4558.677	4603.071	4.3047366	4611.197	4597.633	1000.0	1000.0	1340000	468.53772	4.06201	512.5381	388.34796	-468.6035	0.6699024	13836.463013648987
135	4604.8296	42.807858	4660.114	4554.278	4604.5557	4.5936236	4611.667	4597.495	1000.0	1000.0	1350000	468.45636	4.1629033	648.55066	374.78436	-468.5272	0.67131346	13944.762269496918
136	4581.779	40.661934	4655.369	4534.879	4603.078	3.7317827	4610.6416	4599.738	1000.0	1000.0	1360000	468.5397	4.1680098	512.14124	416.61005	-468.6062	0.6073295	14051.965844392776
137	4608.342	42.991013	4658.2583	4541.471	4603.224	4.9577036	4611.2437	4595.2246	1000.0	1000.0	1370000	468.49524	4.128017	538.8398	392.5494	-468.5619	0.62470156	14160.3486328125
138	4613.2485	46.665947	4681.761	4541.5117	4603.817	4.704768	4610.5283	4593.5776	1000.0	1000.0	1380000	468.41013	4.151001	514.7366	409.8889	-468.4777	0.60341406	14268.366390705109
139	4593.5107	37.901775	4637.5215	4527.4966	4604.9336	4.2170753	4609.619	4599.3247	1000.0	1000.0	1390000	468.61844	4.1164846	509.35605	394.7507	-468.6903	0.58670557	14375.089316129684
140	4621.374	34.776844	4659.342	4549.601	4605.8887	4.0563107	4611.7153	4599.5923	1000.0	1000.0	1400000	468.62076	4.0641446	586.0003	403.44806	-468.68774	0.57549465	14484.126462697983
141	4581.7705	40.27093	4676.095	4538.429	4606.585	3.6148496	4611.1997	4600.0796	1000.0	1000.0	1410000	468.60757	3.938684	560.121	363.1417	-468.6763	0.60020506	14592.805560112
142	4594.0625	42.354744	4673.1753	4550.6084	4603.3506	5.8892837	4610.654	4594.578	1000.0	1000.0	1420000	468.48965	3.9906073	508.85037	353.42313	-468.5553	0.6005357	14737.594789743423
143	4598.7803	39.411423	4666.7485	4549.447	4604.741	4.4224677	4609.925	4597.234	1000.0	1000.0	1430000	468.3643	4.0727735	522.3104	389.11084	-468.42715	0.5573339	14898.679980278015
144	4601.7305	40.30533	4650.273	4531.6953	4602.957	3.393181	4608.484	4597.638	1000.0	1000.0	1440000	468.23935	4.083101	526.78876	387.72992	-468.305	0.5830342	15031.68588423729
145	4617.333	40.390953	4664.6133	4538.826	4603.573	4.825015	4610.7954	4597.4116	1000.0	1000.0	1450000	468.27155	4.0311737	531.27435	391.28195	-468.33896	0.5621799	15164.247207641602
146	4598.769	46.497257	4665.355	4525.873	4603.693	4.9818897	4609.817	4593.2607	1000.0	1000.0	1460000	468.24866	4.132441	547.67523	380.69394	-468.3158	0.57487255	15299.460968494415
147	4596.507	36.489082	4636.5835	4554.9326	4604.755	3.043575	4610.115	4598.1978	1000.0	1000.0	1470000	468.24774	4.166336	569.50134	403.19354	-468.3137	0.59001535	15458.417545557022
148	4611.476	39.863255	4665.649	4551.2124	4601.657	4.206902	4609.3076	4594.928	1000.0	1000.0	1480000	468.1789	4.1705084	595.59393	344.12775	-468.24274	0.6438206	15661.098556756973
149	4616.8027	42.150444	4676.4575	4533.137	4605.282	3.1267576	4609.671	4601.485	1000.0	1000.0	1490000	468.16736	4.097035	530.89233	389.4714	-468.2327	0.5723843	15849.348219633102
150	4625.7017	33.357216	4679.5996	4555.7656	4605.022	3.3800573	4609.6787	4599.7646	1000.0	1000.0	1500000	468.10986	4.110257	514.39325	332.80832	-468.1725	0.60884595	16038.03443145752
151	4587.8975	35.130962	4663.128	4547.114	4603.841	5.3539376	4610.044	4594.2905	1000.0	1000.0	1510000	468.13278	4.022614	519.0214	401.65234	-468.2006	0.5459566	16214.951288938522
152	4632.6484	35.351936	4666.72	4559.3296	4603.88	3.9826248	4610.121	4598.4653	1000.0	1000.0	1520000	468.33023	4.0594215	512.8078	367.20694	-468.40045	0.5686695	16389.292077064514
153	4598.796	44.38043	4657.312	4538.175	4605.8066	4.866511	4610.5425	4596.196	1000.0	1000.0	1530000	468.2969	4.2216244	540.85205	391.3702	-468.36224	0.60647064	16556.90190601349
154	4605.662	34.02173	4660.1426	4553.8154	4603.7383	4.900136	4610.5444	4598.344	1000.0	1000.0	1540000	468.24756	4.167127	509.8032	401.8483	-468.3116	0.538193	16723.384135246277
155	4597.6553	34.516018	4650.1353	4563.8267	4606.068	4.42563	4611.4106	4600.3374	1000.0	1000.0	1550000	468.1326	4.1495037	558.9213	282.23526	-468.19534	0.6467948	16891.545328617096
156	4589.7915	36.070625	4641.157	4528.247	4605.034	6.6459146	4611.2466	4594.9814	1000.0	1000.0	1560000	467.83536	4.217008	527.9324	393.41916	-467.89154	0.5411089	17066.319059610367
157	4613.082	41.0932	4671.097	4549.745	4604.7295	5.153264	4611.455	4597.088	1000.0	1000.0	1570000	467.74744	4.2244368	582.21234	387.1648	-467.81064	0.61776614	17237.027214050293
158	4588.251	54.90038	4650.123	4486.327	4603.5537	5.818318	4609.3647	4593.2554	1000.0	1000.0	1580000	467.86154	4.213018	548.58356	404.8829	-467.926	0.5383814	17407.856358766556
159	4596.843	44.870922	4661.809	4543.469	4604.431	5.9090643	4610.8335	4593.478	1000.0	1000.0	1590000	467.90912	4.1932487	547.40845	386.5709	-467.96994	0.6017931	17578.83661222458
160	4627.6606	34.374123	4667.9526	4551.6436	4604.826	5.4662957	4611.4272	4594.8516	1000.0	1000.0	1600000	467.7953	4.2084284	519.40906	402.8226	-467.8597	0.5561083	17748.42935538292
161	4611.817	50.386845	4666.506	4520.8896	4605.1123	4.435981	4611.4478	4599.5337	1000.0	1000.0	1610000	467.8063	4.2518454	508.81876	409.6149	-467.8683	0.5576811	17933.676652908325
162	4594.425	42.552467	4648.6987	4544.9375	4603.06	4.697457	4609.8516	4595.5825	1000.0	1000.0	1620000	467.76822	4.1749735	524.07245	397.16666	-467.82684	0.56813097	18116.333363056183
163	4615.918	37.523144	4660.1245	4547.2324	4605.9185	3.8037918	4611.602	4601.33	1000.0	1000.0	1630000	467.5312	4.204142	517.40564	377.04953	-467.59	0.602435	18308.955686807632
164	4609.0693	44.58113	4659.2534	4545.3335	4605.2026	6.168637	4610.3774	4592.3286	1000.0	1000.0	1640000	467.5105	4.0936637	516.22723	397.51755	-467.56985	0.5511227	18496.421941518784
165	4589.7476	41.292133	4646.2236	4539.171	4604.9204	4.3793736	4610.1094	4598.92	1000.0	1000.0	1650000	467.50555	4.003486	504.38382	418.43808	-467.56406	0.52564234	18681.848379135132
166	4607.5425	44.479824	4679.712	4549.32	4599.8994	4.8649826	4606.199	4592.0996	1000.0	1000.0	1660000	467.47296	4.092304	507.57925	413.53934	-467.5327	0.5256381	18862.238216161728
167	4598.5664	28.37063	4646.2437	4563.4766	4602.2744	4.663338	4609.8896	4592.9277	1000.0	1000.0	1670000	467.56473	4.161685	525.2901	414.13763	-467.6283	0.54957354	19023.456505060196
168	4635.2764	38.067844	4672.3237	4560.41	4603.791	5.7106447	4611.641	4593.835	1000.0	1000.0	1680000	467.65634	4.1402683	516.41675	408.6643	-467.71716	0.5153116	19189.201196670532
169	4633.2603	17.654388	4657.9277	4597.118	4602.8726	4.258584	4610.314	4594.795	1000.0	1000.0	1690000	467.67877	4.16056	529.5301	378.46198	-467.73874	0.4882828	19351.636516332626
170	4609.9717	44.208416	4656.6274	4547.89	4604.3022	4.323074	4610.702	4599.2373	1000.0	1000.0	1700000	467.6935	4.118688	542.2449	386.0359	-467.75375	0.55124	19520.851967573166
171	4634.208	36.645596	4668.484	4541.9507	4605.147	4.944131	4610.6855	4596.2964	1000.0	1000.0	1710000	467.65533	4.217907	524.7885	329.38806	-467.7138	0.53740495	19684.141239643097
172	4594.6772	34.12919	4642.174	4539.783	4604.603	5.146986	4611.308	4596.876	1000.0	1000.0	1720000	467.58514	4.1813006	515.5661	394.28238	-467.6438	0.5137362	19846.96941304207
173	4596.448	44.75165	4646.5625	4509.4727	4604.8755	5.114408	4610.841	4595.8076	1000.0	1000.0	1730000	467.52942	4.094549	507.79935	407.89328	-467.5884	0.5069661	20008.55407357216
174	4589.8257	53.069798	4686.557	4507.458	4600.0845	4.6354694	4609.167	4594.492	1000.0	1000.0	1740000	467.61594	4.0522594	540.0732	375.75577	-467.67725	0.5400444	20167.716675519943
175	4608.033	41.38835	4670.211	4529.9434	4601.634	5.954987	4609.7427	4592.4487	1000.0	1000.0	1750000	467.544	4.116181	511.0417	407.40656	-467.6031	0.5145885	20331.33686542511
176	4603.921	41.220108	4691.71	4551.6377	4604.421	4.0221562	4610.604	4598.596	1000.0	1000.0	1760000	467.55017	4.115594	647.50525	365.37436	-467.61066	0.6417838	20499.456670045853
177	4635.9365	31.467821	4660.734	4574.572	4603.3765	4.974666	4610.4463	4596.72	1000.0	1000.0	1770000	467.51517	4.034561	514.93274	395.60123	-467.5711	0.4671556	20662.76996254921
178	4619.5967	33.785725	4663.217	4565.949	4604.8115	3.9598992	4611.183	4599.4956	1000.0	1000.0	1780000	467.37735	4.0827317	571.38776	352.34692	-467.4323	0.57529753	20824.190826416016
179	4594.997	39.469925	4655.497	4549.793	4606.4614	4.478579	4611.4873	4599.723	1000.0	1000.0	1790000	467.26813	4.1117396	510.30707	412.9677	-467.32065	0.486092	20987.658358097076
180	4593.6064	40.458122	4656.303	4543.347	4603.3076	4.5438566	4609.264	4592.521	1000.0	1000.0	1800000	467.29996	4.1993256	543.7043	375.96887	-467.359	0.4899234	21152.828135967255
181	4617.493	37.09422	4671.049	4550.9272	4605.3047	3.7036524	4610.9243	4601.0586	1000.0	1000.0	1810000	467.30154	4.20961	531.21625	401.9181	-467.3588	0.4992717	21315.027269601822
