Epoch	AverageEpRet	StdEpRet	MaxEpRet	MinEpRet	EpLen	AverageVVals	StdVVals	MaxVVals	MinVVals	TotalEnvInteracts	LossPi	LossV	DeltaLossPi	DeltaLossV	Entropy	KL	Time
0	4499.1904	60.941605	4562.9443	4399.6494	1000.0	-0.11230737	0.7412242	2.819114	-3.444955	5000	-0.053149547	173308.69	-0.08746067	-11745.531	16.08249	0.45928624	19.49213409423828
1	4518.74	41.01893	4557.93	4457.6934	1000.0	14.464344	1.2274127	14.796285	-9.861426	10000	-0.0031866394	163333.55	-0.04810312	-5220.547	16.077003	0.44985956	29.901623249053955
2	4486.3174	28.723684	4524.094	4448.6895	1000.0	20.840563	2.6982229	21.17404	-19.836458	15000	0.05477467	155545.77	-0.033254646	-4567.8906	16.038235	0.45652184	40.839351415634155
3	4502.0225	44.468967	4583.3047	4452.1113	1000.0	26.758793	1.0839628	26.853848	-5.270357	20000	0.019834194	152862.58	-0.030289285	-4192.0938	16.069984	0.45092285	51.70581674575806
4	4500.015	66.6722	4606.6963	4423.178	1000.0	32.246098	1.0902336	32.33097	-10.099102	25000	-0.00028728333	147937.03	-0.026427262	-4019.7344	15.970649	0.37733817	62.2484929561615
5	4537.9077	81.12826	4676.1494	4439.444	1000.0	37.53608	1.8049722	37.664318	-31.188747	30000	-0.021446079	146896.75	-0.024541803	-3962.8594	16.04561	0.40073377	72.80961418151855
6	4476.4697	36.160336	4507.8887	4413.646	1000.0	42.856144	1.7590964	42.929565	-41.66194	35000	0.0023410004	138686.19	-0.020902744	-3718.7969	16.018326	0.4024034	83.21535277366638
7	4527.768	30.288128	4547.898	4467.6597	1000.0	48.031845	0.713675	48.061443	7.6169477	40000	0.032939635	138535.19	-0.019344553	-3704.625	15.952816	0.39425153	93.79550099372864
8	4489.882	90.49545	4666.5396	4408.458	1000.0	53.168575	0.6594798	53.195827	21.323904	45000	0.030387798	132270.4	-0.015813394	-3553.3984	16.098015	0.42309278	104.48259615898132
9	4496.323	65.78889	4587.1035	4410.9507	1000.0	58.156826	1.9708335	58.24205	-33.53429	50000	0.045661017	129729.086	-0.015989369	-3530.5469	16.084005	0.4157021	115.60686111450195
10	4553.3447	125.47641	4787.9004	4414.0996	1000.0	63.178226	1.5176358	63.24721	-0.88075405	55000	-0.04180936	129690.805	-0.017247766	-3510.7344	16.041737	0.43159518	127.16977262496948
11	4481.4736	43.286278	4560.0	4429.8413	1000.0	68.23165	0.7530571	68.262474	35.881336	60000	-0.042039815	121634.85	-0.015742168	-3317.9453	16.100328	0.43606642	137.86313652992249
12	4528.4863	81.79814	4649.5405	4404.014	1000.0	73.105385	1.7260221	73.17872	-16.10025	65000	-0.018981555	120016.38	-0.014272833	-3303.5156	16.05726	0.42457247	148.87069153785706
13	4499.6553	63.35689	4623.032	4450.4463	1000.0	78.045265	0.7916536	78.071846	29.941046	70000	0.005645477	115626.52	-0.013709082	-3165.4531	15.937299	0.40871733	159.88169074058533
14	4469.1406	50.89767	4520.5137	4375.0522	1000.0	82.86435	1.119241	82.911285	28.949965	75000	-0.07339316	110653.86	-0.014388278	-3079.664	16.084572	0.49772006	170.9480903148651
15	4471.003	60.068363	4581.1094	4420.3716	1000.0	87.66366	1.118718	87.69322	16.647987	80000	0.0048984513	108289.91	-0.012471702	-3014.7266	16.025469	0.4105419	181.83856177330017
16	4579.9424	39.833096	4614.494	4507.9155	1000.0	92.41577	0.9923305	92.45289	46.35595	85000	0.059335582	112793.6	-0.015417196	-3160.2812	16.054731	0.44390845	192.86115503311157
17	4486.728	22.72589	4508.5103	4445.654	1000.0	97.304726	1.1405376	97.33102	19.545483	90000	-0.026343893	102753.58	-0.012031522	-2890.4375	16.127867	0.49482787	204.03757429122925
18	4493.0894	31.326422	4527.9355	4454.5874	1000.0	102.00226	1.286978	102.04513	42.19955	95000	0.045268793	99388.21	-0.014976904	-2844.2031	16.011309	0.43785143	214.9699821472168
19	4511.7603	45.89433	4585.9424	4460.691	1000.0	106.6942	1.1327399	106.721664	31.386969	100000	0.012762954	98207.836	-0.014233484	-2802.539	15.986867	0.4004069	226.13323402404785
20	4514.0806	51.146194	4573.561	4428.9062	1000.0	111.359726	1.1278677	111.39403	51.084095	105000	-0.07897651	95716.64	-0.01624965	-2766.836	16.133762	0.50331736	238.00902605056763
21	4487.5005	61.0275	4567.4604	4378.807	1000.0	116.00258	2.4888916	116.05964	-39.12397	110000	0.064996034	91532.125	-0.015756637	-2677.5078	16.001856	0.43399966	248.9840247631073
22	4498.74	53.407333	4596.1304	4435.056	1000.0	120.64005	0.44812328	120.65225	94.08581	115000	0.054353066	89212.02	-0.012146123	-2605.4922	16.057247	0.43138143	260.0188534259796
23	4546.3657	26.420795	4571.9106	4506.719	1000.0	125.22952	0.20459443	125.23556	111.71151	120000	0.036327995	89784.69	-0.013554009	-2628.039	16.031605	0.40686688	271.0472617149353
24	4536.698	58.463364	4638.085	4462.4487	1000.0	129.85664	0.21705365	129.86249	119.3743	125000	-0.0011326477	86366.45	-0.012107178	-2556.1094	16.027512	0.39967456	282.12904953956604
25	4529.663	63.664745	4632.658	4452.895	1000.0	134.3798	2.635325	134.45421	5.7536488	130000	-0.076210216	83311.17	-0.015099376	-2509.625	16.121927	0.4711755	293.28562784194946
26	4563.3994	79.722145	4690.179	4484.1606	1000.0	138.95712	0.8765405	138.98996	88.95231	135000	-0.02398916	82809.19	-0.011978041	-2503.0	16.087788	0.5102287	304.39486169815063
27	4492.259	6.3848724	4503.5117	4485.705	1000.0	143.43695	4.7138157	143.5623	-117.09928	140000	0.022124091	76827.95	-0.014566306	-2396.2188	16.007828	0.38822767	315.57521080970764
28	4518.5938	46.72772	4582.197	4459.4907	1000.0	147.99197	0.5565907	148.00374	109.23713	145000	-0.00912237	75145.15	-0.013997009	-2282.8438	16.073103	0.41610023	326.76594591140747
29	4490.2944	60.812263	4569.6235	4427.7593	1000.0	152.41562	0.80422837	152.4386	102.78245	150000	-0.04910874	71949.66	-0.013117433	-2227.6406	16.138882	0.42632672	337.8526909351349
30	4496.8716	58.88579	4595.887	4422.4463	1000.0	156.83603	0.12554072	156.84146	151.79716	155000	-0.020011347	70287.64	-0.01337713	-2168.0703	16.074266	0.48677987	349.9224054813385
31	4475.8677	77.11806	4624.8325	4412.723	1000.0	161.19853	1.2768544	161.22156	71.363815	160000	-0.015679296	65977.93	-0.011854075	-2087.7227	16.186737	0.5093258	361.45795798301697
32	4473.222	31.90635	4511.3853	4431.5405	1000.0	165.52718	0.5331112	165.53983	128.90697	165000	-0.01899368	64500.914	-0.014040232	-2039.2305	16.115938	0.47342065	372.3549335002899
33	4505.4834	30.009851	4539.251	4459.81	1000.0	169.83775	0.15575697	169.84293	161.82906	170000	0.017699702	64027.57	-0.013277192	-2043.5898	15.973752	0.41198447	383.1867890357971
34	4494.005	33.96553	4538.141	4452.758	1000.0	174.1687	0.41120207	174.17921	147.38002	175000	0.018354334	62602.855	-0.010984903	-2012.3672	16.016197	0.3996989	394.38828921318054
35	4492.2104	20.914164	4522.9263	4457.153	1000.0	178.50299	0.30952808	178.5102	158.05473	180000	-0.01636001	59410.484	-0.0148087405	-1937.2539	16.022436	0.4072663	405.44964599609375
36	4468.1064	38.495827	4499.285	4401.1284	1000.0	182.75642	2.3816135	182.79314	14.511799	185000	-0.004221527	57178.008	-0.009837805	-1890.4961	16.039644	0.43718433	416.83944058418274
37	4527.665	37.96884	4581.045	4477.3394	1000.0	186.91043	5.0137863	187.03125	-79.56835	190000	-0.13481829	57079.117	-0.012407526	-1972.9336	16.036436	0.43433243	427.9800353050232
38	4473.2197	47.200012	4531.3174	4388.49	1000.0	191.29214	1.3578682	191.32417	108.5531	195000	-0.017542752	53124.33	-0.012330841	-1787.9961	16.100847	0.44617975	438.9892382621765
39	4534.0186	41.910957	4579.313	4470.221	1000.0	195.51237	0.12792215	195.51506	186.52478	200000	-0.04007266	54050.062	-0.014343094	-1814.7969	16.033104	0.44102284	449.97741770744324
40	4473.866	46.18851	4539.1074	4415.5513	1000.0	199.7411	0.8848429	199.77002	146.33241	205000	0.008177093	49931.145	-0.010403473	-1697.082	16.043175	0.44789374	461.50357699394226
41	4512.372	43.26363	4545.955	4430.083	1000.0	203.88268	1.1843843	203.9147	141.43541	210000	-0.049668785	49192.75	-0.015001368	-1688.6289	16.095709	0.43136224	472.50981521606445
42	4518.1187	62.245533	4580.8374	4417.4565	1000.0	208.03522	1.4415126	208.07149	128.61632	215000	-0.049480658	47529.105	-0.010675531	-1673.9375	16.058702	0.47398692	483.88010573387146
43	4509.168	54.577034	4568.7783	4419.0723	1000.0	212.22227	0.54890853	212.23717	177.39485	220000	-0.042958558	45501.336	-0.01476869	-1604.3633	16.057562	0.45362055	494.8016781806946
44	4522.3027	52.987015	4598.265	4467.163	1000.0	216.14565	5.386493	216.35207	-25.045107	225000	-0.033817407	44669.22	-0.010519009	-1681.4648	16.076538	0.46903253	505.90320658683777
45	4490.9346	13.807806	4514.4336	4477.0674	1000.0	220.4389	0.5870078	220.46487	187.76263	230000	0.03975344	41989.066	-0.010751933	-1495.1289	16.098974	0.39839962	517.060052394867
46	4546.544	50.21616	4599.3467	4476.5693	1000.0	224.38315	4.3392897	224.50636	-2.0534148	235000	0.07750786	42932.312	-0.009062529	-1586.75	16.036484	0.43738925	528.0928058624268
47	4543.4453	74.41318	4640.3066	4458.569	1000.0	228.50995	2.784741	228.61131	69.97627	240000	0.045225933	40899.133	-0.012178563	-1500.8125	16.110676	0.43612412	538.9542291164398
48	4487.986	40.016754	4555.1104	4439.5625	1000.0	232.644	2.381359	232.68309	64.92513	245000	0.01634454	37855.21	-0.012111275	-1361.6953	16.019762	0.4195663	549.9710876941681
49	4535.188	89.80478	4617.323	4412.107	1000.0	236.63486	0.29313275	236.64755	223.49474	250000	-0.010157623	37992.93	-0.010481165	-1384.4023	16.027452	0.42336836	561.2463703155518
50	4549.056	103.59902	4749.6045	4466.495	1000.0	240.64615	0.92710245	240.66588	179.40213	255000	-0.08851291	36221.105	-0.013140924	-1343.8984	16.089602	0.43837008	572.8217206001282
51	4506.5366	61.053955	4609.674	4446.2544	1000.0	244.65405	0.20488323	244.65965	232.40295	260000	-0.019331988	34156.574	-0.011257989	-1255.3633	16.026163	0.41301364	583.9788675308228
52	4484.9	43.7089	4560.07	4431.3193	1000.0	248.49554	3.0889344	248.56549	65.80888	265000	-0.036377802	32549.678	-0.011336125	-1231.6484	16.116697	0.44901577	595.1396102905273
53	4530.285	32.56354	4575.1665	4495.803	1000.0	252.31485	6.557313	252.41779	-210.70723	270000	-0.08447807	32903.1	-0.015943386	-1286.6914	16.033983	0.48331925	606.2616820335388
54	4509.5405	59.322548	4572.9434	4431.789	1000.0	256.27225	1.7360388	256.3133	166.73032	275000	0.04167755	31243.793	-0.011717048	-1172.5859	16.044964	0.4351775	617.1362993717194
55	4480.1025	50.694286	4548.49	4405.5522	1000.0	260.13278	2.0874555	260.16846	113.88659	280000	0.024805471	28463.818	-0.01336524	-1074.6719	16.005178	0.42935157	628.0886249542236
56	4477.191	27.72212	4512.865	4431.581	1000.0	263.8341	2.723676	263.8976	82.12999	285000	0.0012743713	27054.215	-0.010932382	-1053.3203	16.067822	0.41714296	639.2380859851837
57	4522.1553	28.15508	4552.389	4472.2676	1000.0	267.57355	1.0102426	267.59723	200.06963	290000	0.013414538	27730.957	-0.0132933045	-1068.3281	16.116522	0.45749873	650.5444383621216
58	4498.833	59.009125	4573.241	4395.965	1000.0	271.385	0.09110403	271.3889	267.04688	295000	0.024715167	26532.72	-0.010980044	-1004.83203	16.138603	0.49993515	662.1075382232666
59	4516.21	42.171425	4597.7065	4484.6294	1000.0	275.1054	0.2512601	275.11685	264.40753	300000	0.0017421234	25734.768	-0.011571814	-979.7871	16.052168	0.4615744	673.6981129646301
60	4547.995	64.68672	4646.0854	4457.4355	1000.0	278.6278	5.694919	278.8174	-38.042534	305000	0.001376239	25932.13	-0.016286578	-1062.3398	16.078156	0.45141396	685.4225127696991
61	4482.686	41.978645	4530.6553	4432.2817	1000.0	282.54395	0.4166175	282.5625	260.92593	310000	0.015129419	22703.5	-0.01177883	-876.85156	16.159357	0.4922938	696.3643746376038
62	4495.806	31.285799	4532.771	4451.3965	1000.0	286.12964	0.9967158	286.15457	226.28233	315000	0.068392664	21742.385	-0.011798646	-837.7168	16.05444	0.4281206	707.3596725463867
63	4532.8926	80.29749	4660.432	4423.7456	1000.0	289.5534	5.763813	289.69104	-81.7457	320000	-0.0004930481	22526.055	-0.011467764	-945.3887	16.046242	0.44045988	718.6965539455414
64	4525.725	79.42579	4624.3	4398.2715	1000.0	293.2081	7.8463564	293.33383	-260.32935	325000	0.034762952	20952.773	-0.009562269	-906.5293	16.152739	0.48866022	730.3448388576508
65	4530.086	33.623257	4576.265	4478.298	1000.0	296.9207	0.20450585	296.9271	284.04202	330000	0.07387379	20469.283	-0.0100894645	-780.6426	16.114939	0.4658061	741.3777720928192
66	4506.0684	87.62428	4646.1284	4373.085	1000.0	300.39133	3.2106674	300.46368	81.887505	335000	0.0068849092	19171.885	-0.011854526	-737.7051	16.049206	0.48848027	752.4690299034119
67	4549.3203	44.20375	4620.702	4482.384	1000.0	303.9029	0.5320309	303.91937	277.63144	340000	-0.03939437	19090.225	-0.010534827	-738.47656	16.084166	0.46818408	763.661111831665
68	4547.1733	51.27271	4625.9497	4493.467	1000.0	307.32315	3.2167447	307.42313	151.52766	345000	-0.021261493	18858.553	-0.011181464	-761.18164	16.133293	0.46526894	774.7740049362183
69	4496.1494	21.466473	4525.5386	4467.049	1000.0	310.8783	2.8148685	310.9294	114.21189	350000	0.12246972	17170.66	-0.011165082	-644.50586	16.035965	0.44229922	785.729469537735
70	4528.0273	58.214977	4642.92	4481.965	1000.0	314.23126	1.3725528	314.2656	230.33496	355000	0.018843137	16942.057	-0.010485251	-631.7178	16.066214	0.37959716	797.6792387962341
71	4542.163	35.989414	4608.4644	4499.7993	1000.0	317.5417	2.2961106	317.59967	162.62424	360000	-0.044452675	16566.982	-0.012353562	-650.7461	16.129723	0.4194624	808.9543948173523
72	4516.78	41.622246	4574.2554	4466.5693	1000.0	320.8434	3.2364912	320.95984	192.99608	365000	-0.010183162	15475.296	-0.013064484	-588.1885	16.073336	0.46808642	820.0876870155334
73	4481.348	35.501766	4539.479	4443.6245	1000.0	324.1413	3.6928551	324.2103	68.76863	370000	0.025282461	13905.123	-0.011687975	-522.08496	16.13639	0.47641176	831.1298394203186
74	4466.017	29.9347	4507.2725	4416.52	1000.0	327.28952	0.3162794	327.29834	309.47067	375000	0.00297605	13336.346	-0.012683536	-453.19727	16.035149	0.39575875	842.1338818073273
75	4544.5835	41.412785	4611.218	4493.863	1000.0	330.24002	2.9787993	330.29733	125.46154	380000	-0.05453762	14667.895	-0.011247296	-530.0381	16.047132	0.4392627	853.0006251335144
76	4515.8896	62.300426	4604.7144	4417.912	1000.0	333.4711	0.94786775	333.49597	276.33832	385000	0.043934636	13006.136	-0.011051215	-454.19043	16.046307	0.46938077	863.7976670265198
77	4517.007	75.55964	4601.733	4401.001	1000.0	336.5547	0.41222644	336.56516	308.73822	390000	-0.050585408	13451.115	-0.012793411	-432.16016	16.021273	0.42876846	874.9078528881073
78	4545.539	40.13012	4609.3174	4497.7886	1000.0	339.59103	0.59671926	339.60153	297.5822	395000	0.07159494	13052.904	-0.011780839	-453.52832	16.076687	0.43651563	886.0581064224243
79	4453.7544	51.17669	4528.702	4378.223	1000.0	342.3784	5.9592323	342.64645	103.22717	400000	-0.012486638	11355.477	-0.015206491	-458.90234	16.132904	0.47682065	897.2711114883423
80	4502.4673	61.018837	4562.875	4420.1055	1000.0	345.2791	2.2627015	345.39288	270.38965	405000	-0.04482213	11609.11	-0.014193714	-442.8545	16.022135	0.41045812	909.4346950054169
81	4493.3755	50.728493	4559.572	4426.4453	1000.0	347.5439	12.634792	348.20767	-253.93245	410000	0.045082085	11621.753	-0.012293991	-885.2363	16.111307	0.5116459	920.8643982410431
82	4485.8984	60.844994	4538.9653	4376.9307	1000.0	348.6315	8.935735	350.9989	237.88622	415000	-0.0541442	11020.777	-0.0104344	-898.5322	16.014053	0.48654076	932.242475271225
83	4486.767	82.08968	4614.115	4397.838	1000.0	352.0912	8.304834	353.68823	256.3129	420000	-0.025800964	10930.026	-0.011582287	-1034.5771	16.057238	0.4692328	943.5466446876526
84	4485.753	40.966034	4535.7104	4427.396	1000.0	353.9064	10.32303	356.38907	253.0728	425000	-0.012459236	10280.308	-0.0130566945	-1232.3457	16.090046	0.46581334	954.5979645252228
85	4556.6484	98.91092	4681.468	4417.2793	1000.0	353.1613	18.031786	359.01865	259.68115	430000	-0.07599969	11315.608	-0.013559826	-1493.5352	15.978012	0.45505768	965.6528122425079
86	4518.47	52.72147	4578.137	4443.038	1000.0	358.3156	15.832682	361.86417	36.313297	435000	-0.02682702	10345.09	-0.015746808	-1148.0889	16.059963	0.39880073	977.1271924972534
87	4517.156	57.88522	4601.612	4425.5776	1000.0	363.43744	8.032934	364.4325	-24.148283	440000	0.10986056	10295.71	-0.012164056	-465.58398	16.128582	0.4799086	988.214245557785
88	4522.812	34.383167	4551.6562	4458.1797	1000.0	366.35422	5.1042852	366.91592	252.6542	445000	-0.012785095	9412.616	-0.013360304	-366.04785	16.08747	0.47197774	999.2380969524384
89	4498.2344	22.186184	4535.9556	4469.02	1000.0	367.98224	7.413542	369.36484	204.47075	450000	0.009541034	9144.285	-0.015043307	-1253.2754	16.103468	0.4744252	1010.1543688774109
90	4484.551	45.72246	4558.9824	4434.3154	1000.0	367.06796	14.671715	371.78915	268.0645	455000	-0.062559634	9893.091	-0.011606954	-1610.4385	16.042072	0.48607793	1021.731680393219
91	4494.353	27.468287	4532.5234	4455.009	1000.0	367.98218	18.488457	373.9982	248.48317	460000	0.019927662	9386.436	-0.010099067	-1430.4229	16.017323	0.45622745	1033.0014352798462
92	4563.1436	117.810135	4717.4336	4447.5347	1000.0	372.8808	12.534278	376.20105	125.72033	465000	0.08140287	10523.795	-0.015511535	-918.1289	16.074207	0.44527853	1044.2002491950989
93	4491.4834	45.865955	4540.885	4417.644	1000.0	377.78244	4.9514613	378.5926	253.16911	470000	-0.004777243	8467.135	-0.01154978	-707.12695	16.123894	0.5037653	1055.4708936214447
94	4481.5317	48.973457	4544.6675	4404.59	1000.0	376.15662	16.055702	380.60074	-133.74751	475000	0.035082445	8576.83	-0.015121061	-2124.3384	16.008116	0.43840536	1066.67707157135
95	4470.5376	39.833923	4527.921	4423.487	1000.0	369.99335	26.048656	382.68158	149.43034	480000	0.008648523	9447.167	-0.0138794985	-2687.4639	16.115725	0.44646037	1077.4679400920868
96	4519.1543	97.406456	4698.0737	4406.4233	1000.0	379.84723	19.117496	384.82523	-178.57628	485000	-0.038256425	9004.162	-0.01524974	-1298.0532	16.146803	0.51941866	1088.5636217594147
97	4504.719	60.208702	4597.934	4438.063	1000.0	379.30066	19.564867	386.71567	102.999306	490000	0.06861752	8482.462	-0.016583983	-2046.0908	16.047052	0.46209708	1099.592937707901
98	4514.618	61.80388	4582.7124	4435.621	1000.0	373.816	31.46786	388.89423	-220.2146	495000	0.02186963	9341.715	-0.015716188	-2822.3765	16.117395	0.49703994	1110.61754322052
99	4548.147	30.653065	4583.0723	4500.7	1000.0	380.3598	24.753181	390.91882	93.50699	500000	-0.063782856	8814.257	-0.0119832605	-2585.1025	16.07761	0.4154455	1121.7004516124725
100	4527.0674	83.46706	4671.1836	4424.779	1000.0	376.18835	33.409164	393.27124	148.7242	505000	0.0400102	9275.106	-0.013696203	-3009.415	16.069607	0.42793024	1133.6721875667572
101	4513.6914	40.301517	4572.816	4455.582	1000.0	386.05215	24.0334	395.6237	144.65518	510000	0.002130493	8278.657	-0.016953852	-2447.7925	16.010235	0.41588354	1144.6431257724762
102	4468.621	65.30435	4597.9263	4422.8467	1000.0	386.7294	27.372438	397.74554	123.601074	515000	-0.06474243	7795.4688	-0.011956319	-3033.3394	16.105087	0.44815615	1155.7205078601837
103	4524.016	55.239223	4603.427	4444.6	1000.0	375.8904	45.03349	399.47134	-96.64114	520000	0.01885525	9814.101	-0.013259107	-3682.4893	16.062176	0.4512317	1166.572788476944
104	4548.2134	53.758263	4632.2627	4492.9985	1000.0	382.8098	36.780552	401.25504	44.907925	525000	-0.038257606	9396.559	-0.013448808	-3215.0386	16.058191	0.48941332	1177.491931438446
105	4480.3374	20.372665	4500.448	4448.892	1000.0	390.26196	32.322598	403.3104	-87.54949	530000	0.010709961	7915.824	-0.017894857	-2806.4214	16.161213	0.46322837	1188.8818497657776
106	4530.384	89.314606	4689.6313	4444.972	1000.0	378.6697	48.233902	404.9039	37.3298	535000	0.0003753418	10986.79	-0.014622583	-4529.7334	16.056675	0.40570235	1199.8902778625488
107	4514.876	31.07954	4573.104	4485.3213	1000.0	395.69553	26.789078	406.35162	122.35156	540000	0.009241693	7238.288	-0.016880939	-2584.4263	15.981862	0.4349555	1211.222223520279
108	4512.8135	66.50563	4636.298	4450.6143	1000.0	391.1103	35.368137	408.0046	76.32592	545000	0.049439527	8637.374	-0.014477845	-3454.458	16.102919	0.47996992	1222.1734781265259
109	4541.366	43.719906	4616.699	4496.668	1000.0	385.2352	44.153397	409.50598	92.03345	550000	-0.0147548495	9269.298	-0.01680496	-3799.8403	16.017603	0.4705413	1233.2478609085083
110	4499.032	25.3907	4547.411	4476.5884	1000.0	390.7437	38.398026	411.1109	71.2546	555000	-0.029499995	8731.92	-0.0122615155	-3298.4072	16.042706	0.3836064	1245.229427099228
111	4522.353	65.366714	4608.6396	4436.927	1000.0	392.09097	37.49567	412.31638	120.7274	560000	0.04795174	9246.699	-0.012507636	-3037.4722	16.085	0.4651584	1256.3205008506775
112	4491.8	31.589432	4548.8687	4454.1685	1000.0	401.782	27.840235	412.9488	151.08888	565000	-0.069552414	8231.367	-0.015078284	-2378.605	16.055922	0.47103545	1267.2889249324799
113	4542.081	66.007065	4635.528	4464.6245	1000.0	390.8611	37.224056	413.52548	152.43947	570000	-0.011566367	9862.032	-0.012362119	-3221.08	16.095682	0.43661562	1278.7319169044495
114	4510.8384	52.443382	4577.712	4417.213	1000.0	396.48386	33.01408	414.3413	136.92786	575000	0.12861423	8551.298	-0.013722837	-3194.4395	16.057102	0.45208046	1290.5505809783936
115	4510.583	53.682243	4591.5127	4450.74	1000.0	390.1736	41.47716	415.2116	-175.27585	580000	-0.009619467	9269.591	-0.013722312	-3630.6958	15.979555	0.39005792	1301.8145968914032
116	4520.9263	38.896374	4572.496	4474.804	1000.0	401.31375	30.118477	416.20917	149.33946	585000	0.0654675	7779.475	-0.010662105	-2515.9717	16.069841	0.4624129	1312.6419672966003
117	4494.993	55.826633	4574.0537	4419.2393	1000.0	398.4606	33.782646	416.85275	123.60854	590000	-0.006768518	8459.768	-0.012278815	-2870.9282	16.038122	0.48416772	1323.6580984592438
118	4483.9556	36.479412	4528.7876	4448.2812	1000.0	397.5648	37.651028	417.50745	62.689327	595000	0.01502872	9171.896	-0.011396408	-3159.6963	16.067001	0.49154347	1334.4483377933502
119	4522.94	54.312836	4629.1675	4480.989	1000.0	390.53955	41.607758	417.9017	-276.12894	600000	-0.01773211	9334.709	-0.014660858	-3635.3745	16.189129	0.49485272	1345.640522480011
120	4476.832	80.46261	4619.135	4386.0293	1000.0	397.90683	35.674488	418.89337	154.55574	605000	-0.02695752	8471.037	-0.013818141	-2833.933	16.066391	0.42669594	1357.677626132965
121	4484.3877	32.229286	4538.8887	4440.368	1000.0	396.75195	35.556824	419.20883	23.365341	610000	-0.07668851	8553.041	-0.013127297	-3143.3306	16.023834	0.40777084	1369.0108351707458
122	4506.4204	66.11862	4602.8013	4429.3755	1000.0	395.1591	38.879208	419.61746	7.2893076	615000	-0.0014042573	8618.972	-0.013105627	-3065.2935	16.093176	0.47534132	1380.205290555954
123	4517.9663	33.159676	4569.6157	4480.2812	1000.0	394.7573	39.77016	420.4085	95.75278	620000	-0.07114899	9165.311	-0.01168675	-3376.5537	16.04604	0.44451338	1391.3715217113495
124	4520.9175	34.617702	4568.4688	4466.734	1000.0	398.67813	35.507412	421.0523	-161.57112	625000	0.03141885	8329.202	-0.012370314	-2820.6787	16.124971	0.49861652	1402.536427974701
125	4512.755	60.774918	4581.6904	4432.3164	1000.0	404.4894	30.343496	421.54413	172.80933	630000	-0.046707787	8825.3955	-0.012702625	-2679.359	16.026676	0.43844908	1413.680676460266
126	4470.2295	41.69253	4521.2656	4401.0903	1000.0	394.4824	38.717304	421.6411	112.734085	635000	0.060300767	8448.675	-0.014259327	-3080.7554	16.17414	0.54018205	1424.5216686725616
127	4537.3496	62.627724	4645.397	4471.952	1000.0	393.3249	42.53183	422.28107	112.944244	640000	0.009099463	9917.915	-0.01177168	-3872.6592	16.021187	0.41745704	1435.8511469364166
128	4532.416	43.493633	4579.846	4467.9565	1000.0	397.29004	37.36621	422.80045	52.78937	645000	-0.025149366	9904.842	-0.012160668	-3308.6592	16.029655	0.41986778	1447.1677696704865
129	4498.8286	67.54003	4591.265	4382.125	1000.0	405.69785	28.478796	422.8264	89.84786	650000	0.10567618	7878.304	-0.010150768	-2175.9937	16.13875	0.49485263	1458.4008157253265
130	4558.686	83.12523	4707.165	4477.4106	1000.0	398.5689	33.71324	422.77698	121.44944	655000	-0.101056	9746.136	-0.011433192	-3010.8188	16.133743	0.491587	1470.5010175704956
131	4494.2065	20.811329	4511.8647	4463.6475	1000.0	404.3726	30.191385	423.25867	142.84888	660000	-0.013714343	8586.584	-0.01070971	-2667.5127	16.06455	0.414511	1482.1035854816437
132	4490.376	38.560448	4558.679	4442.4463	1000.0	398.84848	33.251743	423.2817	190.6899	665000	0.06910148	8815.11	-0.012735553	-2812.8374	16.112175	0.47454062	1493.1458103656769
133	4533.9624	45.84732	4594.49	4472.626	1000.0	392.1518	37.995712	423.87576	153.47942	670000	0.055738512	9455.787	-0.010944203	-3007.7197	15.94344	0.473103	1504.1576371192932
134	4464.124	29.756298	4494.5933	4412.825	1000.0	408.03635	28.67841	423.92615	72.920044	675000	-0.016819268	8697.067	-0.012542145	-2439.5894	16.12963	0.40699923	1515.2453062534332
135	4476.2744	37.797558	4546.0576	4435.6875	1000.0	397.59155	32.849724	423.8582	106.62812	680000	-0.033299506	8007.0474	-0.01316103	-2881.02	16.045975	0.4574331	1526.6031703948975
136	4526.202	74.16286	4644.3896	4421.859	1000.0	392.86996	40.36308	424.45062	68.288765	685000	-0.1205456	9508.872	-0.018985055	-3444.4048	16.007254	0.4030241	1537.6803004741669
137	4486.36	49.94149	4569.823	4439.602	1000.0	401.3858	33.06473	425.48383	140.30165	690000	-0.020886524	8403.468	-0.011797899	-2323.6108	16.133406	0.5165547	1548.480323791504
138	4528.3857	58.32115	4632.9717	4479.777	1000.0	398.33246	35.252083	425.3779	-36.738873	695000	-0.050815154	8651.294	-0.013916921	-2397.709	15.982697	0.3921742	1559.5389983654022
139	4521.9116	55.97131	4600.338	4464.395	1000.0	399.57364	35.26024	425.44638	105.5941	700000	-0.11668769	8115.301	-0.01603333	-3007.9028	16.059353	0.47553104	1570.8158750534058
140	4507.345	45.313354	4554.83	4423.165	1000.0	402.1269	35.856148	426.4041	145.10194	705000	-0.009311176	8930.28	-0.012601319	-2533.4854	16.066141	0.47573906	1582.4442641735077
141	4507.675	88.01427	4663.513	4404.12	1000.0	400.79358	34.789013	426.34625	126.39483	710000	-0.0003057251	8334.0205	-0.01089104	-2704.0361	16.105516	0.4974867	1594.3284575939178
142	4509.257	33.19749	4544.191	4449.0923	1000.0	393.68182	39.04555	427.08878	90.267105	715000	0.0010976837	8237.606	-0.013160758	-3107.724	16.08245	0.5137646	1605.649585723877
143	4531.638	76.42211	4666.4697	4437.0063	1000.0	403.35504	36.34606	428.51358	106.95389	720000	0.030014703	9013.453	-0.013338702	-2889.9365	16.110882	0.49928388	1616.9988996982574
144	4500.9546	15.170492	4520.25	4475.505	1000.0	404.03903	33.94259	428.38556	179.19574	725000	-0.0016534821	8170.4326	-0.0104181245	-2275.504	16.063812	0.52365416	1628.1063840389252
145	4473.434	22.602076	4507.3076	4453.5938	1000.0	401.2223	33.55099	427.84247	112.49832	730000	-0.08963185	8109.964	-0.012081906	-2875.6606	16.14186	0.50823027	1639.1863176822662
146	4553.712	36.87819	4620.939	4514.4497	1000.0	398.42197	39.418804	427.8144	118.04724	735000	0.09596209	8541.586	-0.016940303	-2936.503	16.095268	0.46168056	1650.644903421402
147	4481.2656	31.080805	4517.251	4426.798	1000.0	407.5468	31.723545	428.82782	178.53748	740000	-0.03497131	7846.7886	-0.011635702	-2515.2612	16.14511	0.5077374	1661.5141243934631
148	4507.441	48.874493	4596.486	4459.151	1000.0	394.96603	40.15643	428.3666	93.561646	745000	0.04956516	8283.013	-0.012640197	-3094.122	16.015106	0.4434185	1672.43057513237
149	4485.3384	48.719944	4562.0127	4439.9043	1000.0	396.3559	42.61298	429.49994	119.15651	750000	-0.03351977	7958.2817	-0.013353519	-2766.1836	16.076853	0.47328764	1683.6453883647919
150	4516.6494	50.971283	4577.7236	4438.3145	1000.0	402.9608	35.9274	429.26556	172.91429	755000	-0.018169336	9460.892	-0.012569178	-2646.4194	16.03986	0.43403566	1696.1168608665466
151	4501.2314	20.949236	4528.2803	4467.843	1000.0	404.0321	31.09435	427.9268	165.51141	760000	0.042138647	8586.71	-0.013241436	-2405.5093	16.101973	0.5146342	1707.1277282238007
152	4485.9165	62.426746	4592.2783	4396.087	1000.0	399.50372	36.955578	427.57806	115.76066	765000	-0.059492603	7819.426	-0.012835085	-2615.3394	16.081985	0.5045611	1718.016222000122
153	4517.0103	24.170095	4561.832	4489.954	1000.0	395.90717	42.626083	427.78726	131.55951	770000	-0.0076615843	9509.046	-0.014862439	-3224.1973	16.049513	0.46164852	1728.9864733219147
154	4494.763	30.809319	4544.5684	4456.818	1000.0	406.26138	29.178787	426.86096	92.78681	775000	0.006559601	7321.3345	-0.012674176	-2799.0015	16.081022	0.44501606	1739.685784816742
155	4511.052	22.543089	4536.5815	4480.8687	1000.0	394.91687	45.60002	427.94775	11.938738	780000	0.009433618	8034.9463	-0.013212731	-3206.5254	16.08118	0.4698672	1750.1587889194489
156	4482.2124	81.80843	4580.1963	4351.931	1000.0	403.05045	40.191525	429.91684	124.261375	785000	0.05058738	8225.973	-0.014381185	-2577.9668	16.133915	0.49944687	1760.920978307724
157	4526.3716	39.303703	4564.0728	4457.3735	1000.0	393.13425	46.01528	429.42108	133.37856	790000	-0.05053089	9747.603	-0.012164958	-3399.3667	16.17727	0.5046469	1771.6775960922241
158	4546.9116	67.000145	4633.6357	4442.8853	1000.0	406.90723	34.839172	429.52124	-53.94572	795000	0.033968266	7938.7505	-0.012563115	-2194.4668	15.985141	0.43975464	1782.4387238025665
159	4465.88	48.62789	4538.123	4397.572	1000.0	415.04514	23.44504	430.0207	189.47133	800000	-0.028811382	8388.868	-0.010028029	-1878.9824	16.00347	0.42322558	1792.9505236148834
160	4508.085	62.345173	4599.865	4421.293	1000.0	394.19608	34.851364	427.91617	184.25485	805000	-0.04400667	8797.591	-0.013981346	-2388.855	16.000105	0.42451525	1804.6955118179321
161	4520.6045	43.71646	4575.9067	4459.763	1000.0	401.05908	31.347637	428.2084	75.14993	810000	0.033145044	8664.249	-0.013127947	-2204.9316	16.11829	0.48229092	1815.5898010730743
162	4512.537	43.715004	4556.715	4453.957	1000.0	404.33853	27.584345	428.60962	160.23355	815000	0.019091738	7656.749	-0.012831859	-2136.3076	16.089468	0.47267276	1826.1882319450378
163	4505.405	31.998247	4544.222	4453.027	1000.0	398.61716	36.836346	429.00528	129.31154	820000	-0.0032314574	6697.748	-0.010064685	-2905.574	15.971293	0.4403166	1836.5615272521973
164	4469.186	36.790134	4516.0073	4424.2744	1000.0	406.6132	37.705395	432.09625	87.78231	825000	-0.03427891	7022.6934	-0.012013514	-2541.5815	16.1631	0.57437444	1847.2987985610962
165	4498.458	45.524563	4554.22	4442.6157	1000.0	401.70786	46.119656	432.04636	23.898224	830000	-0.03467623	8187.9233	-0.013902545	-2692.8535	16.134502	0.52538943	1858.157630443573
166	4492.1294	77.70333	4589.332	4424.6333	1000.0	383.96854	55.085526	432.01138	99.307106	835000	-0.003096814	9123.819	-0.0130545525	-3838.8096	16.068674	0.4727852	1868.8563141822815
167	4476.8076	36.53463	4519.088	4415.2573	1000.0	401.37436	41.501698	432.78867	83.2975	840000	0.038767554	7554.634	-0.011255091	-2790.0815	16.131447	0.4937983	1879.6239261627197
168	4544.414	57.95387	4618.1772	4476.296	1000.0	407.4993	38.867607	432.02994	172.77655	845000	0.015542456	9296.803	-0.01067804	-2517.4556	16.033493	0.4247878	1890.2818462848663
169	4493.5454	46.051544	4575.607	4440.603	1000.0	407.92065	27.180948	429.30145	194.528	850000	-0.028216308	7906.7007	-0.011263622	-2048.457	16.13258	0.50202864	1900.9694020748138
170	4560.2476	57.967903	4653.042	4479.2666	1000.0	383.97815	49.940666	429.46692	52.535606	855000	0.023747455	9184.128	-0.012768665	-4553.052	16.10309	0.48148304	1912.915474653244
171	4522.269	38.8337	4591.842	4490.9272	1000.0	418.55573	32.67695	435.53592	135.65805	860000	0.0063818484	7475.189	-0.01605791	-2250.017	16.120596	0.4871202	1923.6588985919952
172	4517.9966	77.46594	4643.821	4410.705	1000.0	399.77225	44.412746	433.56213	137.15045	865000	-0.027865771	9356.301	-0.011574071	-3178.226	16.140009	0.47426367	1934.6769862174988
173	4491.1387	18.837044	4507.057	4467.364	1000.0	407.8576	30.206917	431.9293	128.96342	870000	-0.0043860045	7966.3257	-0.013318598	-2612.7847	16.060106	0.4380806	1945.2998161315918
174	4474.6157	39.36039	4539.4497	4422.882	1000.0	398.71948	38.08764	432.3685	139.63203	875000	-0.03899632	7679.362	-0.012856599	-2418.7407	16.215336	0.5200439	1956.0640668869019
175	4486.9917	73.69002	4607.563	4392.735	1000.0	399.5704	38.01426	433.09586	125.57698	880000	0.01680757	7568.8784	-0.01135641	-2333.7314	16.207645	0.5662357	1966.5709257125854
176	4493.139	43.88953	4546.363	4431.506	1000.0	398.79745	40.76586	433.59018	-80.10061	885000	0.017014239	9088.654	-0.011726422	-2702.4688	16.145353	0.50037724	1977.2933130264282
177	4513.1934	47.214134	4565.251	4436.9106	1000.0	399.72937	36.92644	432.54565	136.10268	890000	0.01488111	7945.3306	-0.01439192	-2680.545	16.1154	0.5079852	1987.7350652217865
178	4561.3438	44.36905	4617.3936	4486.7256	1000.0	403.2304	41.761562	434.54694	126.20816	895000	-0.06338422	8309.027	-0.01053267	-3236.2402	16.061237	0.45905465	1998.3335959911346
179	4503.4966	29.786203	4542.5327	4454.811	1000.0	402.73056	47.363205	436.72427	-50.82528	900000	0.060974397	8873.747	-0.011712421	-2814.0522	16.092976	0.46961835	2009.0390937328339
180	4493.9976	46.420677	4558.4077	4444.8193	1000.0	411.4908	26.80087	436.0405	152.04027	905000	0.023032442	8603.564	-0.014052988	-1737.0015	16.06893	0.48307997	2020.9049739837646
181	4492.1133	13.715504	4510.115	4472.0063	1000.0	398.55292	29.399397	434.73492	176.87863	910000	0.041563373	8393.87	-0.010514963	-1939.2124	16.063917	0.5056088	2031.2815532684326
182	4475.636	56.747543	4539.1177	4391.1514	1000.0	405.32184	27.395916	436.0329	116.10758	915000	-0.017097607	8503.328	-0.012195434	-1985.0928	16.14574	0.560534	2041.8822312355042
183	4479.7666	47.402874	4558.8394	4415.363	1000.0	400.9768	33.33208	437.12476	190.34813	920000	-0.0484972	7747.986	-0.011252519	-2237.6455	16.151272	0.50317264	2052.651049375534
184	4499.164	59.80144	4591.351	4412.8394	1000.0	393.3867	45.573723	438.07904	134.00545	925000	-0.032800667	8409.878	-0.010273546	-2832.8345	16.031557	0.40122902	2063.2308638095856
185	4509.4907	42.480503	4562.829	4451.041	1000.0	394.3948	41.253532	437.92725	133.9289	930000	-0.04216537	8303.492	-0.013402503	-3105.9712	16.075663	0.48356503	2073.6474187374115
186	4528.712	45.6279	4600.9883	4472.97	1000.0	402.74136	44.934162	438.11176	163.08043	935000	0.04424462	9401.504	-0.014987739	-2960.3306	16.127563	0.4827721	2084.4453999996185
187	4532.7344	102.70546	4634.41	4358.2437	1000.0	406.75565	30.993109	437.22238	156.78622	940000	0.013276361	9212.608	-0.017352529	-2371.2754	16.023624	0.40985587	2095.693726539612
188	4528.1865	27.408785	4564.0835	4497.029	1000.0	399.82956	34.76196	437.84708	167.42024	945000	-0.035211064	8630.191	-0.010972302	-2556.5684	16.121756	0.5460051	2106.126513004303
189	4483.953	35.712654	4521.6816	4439.511	1000.0	395.6429	38.387547	437.3464	186.12883	950000	0.09548851	7899.5767	-0.012096316	-2680.56	16.166487	0.5398109	2116.5415148735046
190	4496.137	40.419594	4543.276	4424.61	1000.0	406.5883	33.999954	435.31433	159.97119	955000	0.072083175	7816.189	-0.014322769	-2143.6504	16.207048	0.5852441	2128.4009354114532
191	4501.2666	34.75375	4551.189	4464.9688	1000.0	400.90518	35.64562	436.0332	162.37624	960000	0.020662928	7697.258	-0.013369813	-2337.0479	16.062576	0.43103418	2139.1204221248627
192	4509.728	42.04676	4585.5884	4457.628	1000.0	398.63318	40.98451	435.9572	114.80272	965000	-0.07399469	6674.37	-0.0121912435	-3495.833	16.165157	0.5449713	2149.741630554199
193	4519.724	31.062262	4546.8564	4462.0527	1000.0	403.31442	54.1303	438.18295	88.806145	970000	-0.019106902	7878.5903	-0.013480164	-2921.5063	16.065357	0.4830141	2160.3914415836334
194	4503.673	82.031876	4608.602	4425.911	1000.0	413.14316	39.728966	436.1841	119.51057	975000	0.005027637	7741.984	-0.011950811	-2294.0508	16.196766	0.5732131	2171.1141459941864
195	4515.2705	33.563026	4554.063	4474.6787	1000.0	398.43005	47.919796	435.8901	93.82048	980000	0.04337749	7769.3174	-0.011071179	-2701.7246	16.167963	0.4967129	2182.0320839881897
196	4466.615	27.534826	4490.141	4427.6797	1000.0	400.5396	41.70349	438.0865	140.67403	985000	-0.03163801	6948.2695	-0.012101259	-2724.876	16.13665	0.5090795	2192.4788584709167
197	4477.2827	39.55893	4534.353	4420.0723	1000.0	401.76474	45.911476	438.8456	123.54347	990000	-0.083239675	8181.488	-0.013169907	-2572.6748	16.115162	0.52786	2203.2454104423523
198	4528.732	62.185093	4620.4824	4468.01	1000.0	384.50134	62.25447	438.90048	106.78682	995000	-0.011937713	10061.953	-0.012148639	-4049.391	16.140673	0.5531833	2214.6653299331665
199	4486.449	46.369236	4540.9062	4416.205	1000.0	406.2615	37.37741	439.88632	109.62299	1000000	-0.12281619	8227.828	-0.014781117	-2257.4316	16.119925	0.5453155	2225.3408722877502
200	4567.7305	103.968124	4728.092	4432.802	1000.0	404.30548	38.04205	438.56323	146.83397	1005000	0.052599084	8766.392	-0.011986095	-1961.7109	16.158436	0.5642431	2236.7212097644806
201	4494.5586	62.79839	4554.919	4392.9116	1000.0	414.3498	23.990326	439.79614	243.38641	1010000	0.11041008	7227.069	-0.011767931	-1984.7378	16.093573	0.50886786	2247.4200344085693
202	4487.477	21.954971	4521.973	4467.4087	1000.0	407.62796	28.356737	439.5157	182.61974	1015000	-0.0037460357	7762.381	-0.01272642	-2310.189	16.048925	0.49327335	2258.4552340507507
203	4480.472	85.234024	4560.729	4326.512	1000.0	394.69748	43.075813	439.9949	120.51251	1020000	0.024532879	6987.9985	-0.012615045	-2732.8486	16.191128	0.6106609	2268.8888244628906
204	4515.1914	57.58159	4606.664	4437.914	1000.0	407.7915	36.048706	440.79138	132.73618	1025000	-0.022591047	8977.326	-0.011630487	-2532.084	16.179531	0.53156215	2279.452290534973
205	4508.3174	51.296455	4546.9536	4412.8315	1000.0	397.5852	48.840027	439.49347	79.340996	1030000	0.027263217	7871.5176	-0.012547363	-3252.5366	16.076275	0.4605966	2290.1449344158173
206	4525.546	31.530436	4565.063	4477.427	1000.0	394.50845	58.94856	439.2314	129.73137	1035000	0.014451938	9906.539	-0.012353256	-3919.2144	16.208832	0.5548135	2300.936499118805
207	4491.7393	27.405813	4539.5483	4464.39	1000.0	405.80725	40.62131	436.0632	123.26019	1040000	0.008877939	7457.048	-0.012584878	-2754.1006	16.09715	0.52199656	2311.422661781311
208	4501.476	43.652786	4546.959	4431.6924	1000.0	408.4486	42.76044	435.712	160.9644	1045000	-0.08851268	6030.318	-0.011219166	-2199.2158	16.163263	0.5166539	2321.992117166519
209	4493.884	29.185484	4514.953	4436.757	1000.0	406.9012	50.79986	436.90012	143.20927	1050000	-0.07628029	7074.1904	-0.011321045	-2200.9497	16.166183	0.5344169	2333.0124320983887
210	4469.38	59.26182	4572.1016	4391.742	1000.0	413.88647	31.167498	434.34738	177.2038	1055000	0.021093829	7419.568	-0.012045226	-2630.1426	16.075096	0.4969057	2344.9005427360535
211	4555.591	41.776226	4591.0864	4480.7812	1000.0	375.77286	69.79503	434.18948	72.86296	1060000	-0.034085717	10804.756	-0.012493938	-5370.771	16.073547	0.507821	2355.312695503235
212	4495.557	34.767662	4543.656	4449.214	1000.0	403.2959	49.71655	434.82724	145.79294	1065000	-0.0036927795	7061.331	-0.012790542	-2845.755	16.061579	0.47049662	2365.9514577388763
213	4513.095	61.535404	4563.7427	4392.149	1000.0	405.51654	50.509926	436.03845	144.68152	1070000	-0.014556531	9029.198	-0.010860961	-2296.0332	16.114065	0.49295765	2376.782994747162
214	4515.577	69.14723	4646.2227	4451.4277	1000.0	408.52026	30.072014	428.96143	215.96532	1075000	0.122043885	7709.0786	-0.011244848	-1371.4834	16.2007	0.6193487	2387.3583040237427
215	4505.3154	45.672607	4559.243	4438.578	1000.0	403.87933	33.595192	428.0489	186.8597	1080000	0.05286592	6398.8374	-0.013258971	-2435.2407	16.119547	0.5600467	2397.898376941681
216	4496.048	55.676865	4575.8535	4408.43	1000.0	403.06985	50.56487	434.39038	-2.5199938	1085000	0.032458514	9017.423	-0.0127712805	-2858.1895	16.119923	0.5166493	2408.492031812668
217	4569.043	46.554085	4635.9243	4502.8037	1000.0	405.8331	37.166492	429.90286	54.777153	1090000	-0.01578263	8368.98	-0.015187036	-1552.7075	16.0081	0.47161832	2419.5741777420044
218	4486.0454	28.835651	4522.0347	4455.7466	1000.0	417.47318	17.807995	430.51276	231.65353	1095000	0.09540766	8540.91	-0.010550953	-1268.3823	16.12365	0.5559091	2430.798820734024
219	4447.6006	36.529602	4489.7163	4403.397	1000.0	402.08246	17.856356	428.07336	16.358322	1100000	-0.008788806	8122.9326	-0.012553875	-1419.3989	16.168568	0.54551226	2441.3163380622864
220	4466.024	46.726208	4536.393	4412.3887	1000.0	396.27744	25.67071	429.38834	207.87411	1105000	0.043365918	7402.36	-0.011048235	-2415.4253	16.103033	0.5215051	2453.3019382953644
221	4504.035	49.076485	4586.8794	4433.2466	1000.0	402.2163	36.226913	433.02917	143.94537	1110000	0.01840088	7458.7305	-0.009897364	-2244.6675	16.193222	0.5714296	2463.9063222408295
222	4517.553	57.185143	4623.857	4455.838	1000.0	397.85028	46.381126	435.00162	-120.9704	1115000	0.006865918	8087.787	-0.015274355	-2778.1719	16.12697	0.53874177	2474.6175751686096
223	4450.4062	48.0552	4507.379	4382.8765	1000.0	408.74487	38.197803	437.34283	106.9662	1120000	-0.03651957	6764.989	-0.0124047585	-2004.563	16.150154	0.5313524	2484.928651332855
224	4490.906	28.22107	4546.422	4468.1084	1000.0	383.11246	62.214737	437.32782	54.49122	1125000	-0.0022194213	9339.219	-0.0146794915	-3906.9922	16.192575	0.59139854	2495.6844766139984
225	4501.4194	54.338524	4586.318	4448.4043	1000.0	398.0101	49.754982	436.81238	121.32235	1130000	0.02459931	8582.819	-0.010383009	-2665.8872	16.157312	0.52925545	2506.4493288993835
226	4492.348	23.5054	4538.8037	4475.71	1000.0	411.85168	27.658518	433.55222	171.45334	1135000	0.009808545	6392.3594	-0.016461523	-1538.001	16.218754	0.5393999	2516.7221505641937
227	4448.8306	87.14748	4574.2354	4370.273	1000.0	398.049	40.613567	433.49857	125.330086	1140000	0.042784333	7799.723	-0.012231147	-2262.0938	16.211119	0.57920027	2527.7732870578766
228	4468.2173	29.236378	4513.9443	4441.9014	1000.0	407.5581	28.517212	432.66388	180.92195	1145000	-0.0017231446	7471.664	-0.011264002	-1836.1143	16.127598	0.4960942	2538.251959323883
229	4495.9165	52.82113	4575.6846	4415.182	1000.0	387.23166	48.780697	433.43848	67.516945	1150000	0.0242406	8458.963	-0.012536456	-3026.8804	16.272007	0.5947979	2548.93106007576
230	4460.2837	37.278645	4501.701	4395.961	1000.0	414.43967	25.597593	434.16464	217.13402	1155000	-0.05807805	6961.6055	-0.011237182	-2322.9565	16.214294	0.5937885	2561.0200006961823
231	4518.171	58.881645	4594.234	4425.649	1000.0	374.23676	61.992065	435.64792	48.47844	1160000	0.098286144	10412.064	-0.012959339	-4529.1045	16.16613	0.5599384	2571.5973122119904
232	4472.9014	65.71174	4569.6675	4370.636	1000.0	413.89645	27.098734	432.67563	177.48392	1165000	-0.0068969117	7619.288	-0.010600971	-2312.4302	16.07119	0.52669483	2582.425051212311
233	4493.2407	42.0211	4552.1006	4445.9946	1000.0	398.6699	46.45822	431.43912	130.94424	1170000	0.027114281	9992.592	-0.011818175	-2722.4092	16.260368	0.5505109	2593.302759170532
234	4506.508	92.20668	4680.9976	4409.843	1000.0	407.4359	21.936285	424.93802	201.85275	1175000	-0.069244534	8530.246	-0.009419955	-1117.7124	16.11094	0.53477055	2603.8169145584106
235	4555.784	62.657513	4665.8784	4485.367	1000.0	409.03818	13.561593	423.8047	223.76176	1180000	0.032987166	8311.269	-0.013634432	-847.81396	16.225937	0.5978452	2614.5650560855865
236	4482.7676	59.567417	4579.101	4392.608	1000.0	400.1506	22.757849	426.42148	208.05649	1185000	-0.02169372	7453.0977	-0.011706429	-1353.0796	16.139587	0.52933615	2625.4300894737244
237	4533.8115	80.88933	4627.927	4428.4824	1000.0	393.6126	37.015682	428.32285	96.2339	1190000	0.008042517	9282.584	-0.012166729	-2848.0518	16.154486	0.5263917	2635.9494581222534
238	4499.3115	45.188103	4574.7505	4449.091	1000.0	414.75186	23.54895	429.7192	190.44832	1195000	0.06002256	7092.192	-0.0107208565	-1597.7197	16.262976	0.59291786	2646.5373599529266
239	4504.842	50.691414	4570.44	4434.285	1000.0	400.58414	37.603474	429.2902	131.92769	1200000	-0.020466268	6542.16	-0.011339117	-2133.7617	16.172743	0.56745	2657.2294170856476
240	4501.704	81.57016	4641.0254	4431.401	1000.0	398.38614	48.497143	432.48666	139.43744	1205000	0.04462832	6828.2383	-0.012102868	-1702.544	16.19777	0.5633722	2669.5569603443146
241	4498.138	29.129826	4532.6553	4454.915	1000.0	411.9098	33.137665	432.3747	-48.716953	1210000	0.06952553	8225.732	-0.0131244585	-2352.9526	16.154488	0.5283367	2680.246639728546
242	4541.0356	102.12163	4714.4873	4444.7383	1000.0	385.44412	62.31447	432.18686	105.88463	1215000	0.01135708	10902.687	-0.0118511235	-4212.2217	16.153204	0.521942	2691.139009475708
243	4500.4756	55.820087	4585.526	4430.3286	1000.0	412.5633	26.8342	428.71268	192.99113	1220000	-0.016363459	6844.043	-0.009519467	-1849.2456	16.1451	0.5111513	2701.684837579727
244	4494.896	48.407185	4583.887	4447.938	1000.0	411.3689	28.171057	430.14987	166.37906	1225000	0.002138861	7220.024	-0.012739368	-1573.835	16.032543	0.49337265	2712.7822363376617
245	4510.2144	35.461563	4564.4043	4457.8027	1000.0	397.21756	39.02876	429.21234	60.55857	1230000	-0.18011868	7999.892	-0.013849318	-2248.0137	16.151709	0.5297096	2723.9129688739777
246	4502.0557	47.692017	4560.7725	4453.5024	1000.0	396.5581	43.3875	431.634	133.1544	1235000	-0.0776593	8442.041	-0.011103049	-2659.539	16.16814	0.5190231	2734.3392786979675
247	4536.6064	84.84573	4687.0337	4450.807	1000.0	404.0891	38.09667	430.60352	193.02074	1240000	-0.010830246	7434.2974	-0.011824537	-2036.706	16.165249	0.49207562	2745.1948857307434
248	4509.794	40.245464	4575.46	4450.091	1000.0	407.9792	38.618973	431.8635	116.53017	1245000	-0.092521876	6243.344	-0.012897901	-2224.7341	16.22102	0.5413456	2755.613573074341
249	4476.6772	92.736855	4643.7173	4362.822	1000.0	404.8055	50.56965	435.28143	152.61795	1250000	-0.00026108397	8944.033	-0.0153426025	-2951.6138	16.193275	0.5567702	2766.2103514671326
250	4575.6787	72.349945	4695.369	4475.2476	1000.0	400.02057	44.117867	433.88168	140.21753	1255000	-0.009981299	8247.306	-0.011841973	-2126.401	16.2206	0.5811634	2778.3426480293274
251	4470.662	23.663458	4497.781	4439.3696	1000.0	411.8677	36.25809	434.11905	195.84018	1260000	0.06590379	9340.575	-0.013058856	-2164.895	16.103308	0.47066328	2788.8927023410797
252	4505.3657	56.58051	4591.314	4436.345	1000.0	409.5504	15.266718	427.71075	256.3031	1265000	-0.09142214	7674.281	-0.014867291	-702.14795	16.253614	0.5738899	2799.7321178913116
253	4491.9307	84.38484	4655.9487	4425.7715	1000.0	403.9203	18.984959	426.58658	174.86125	1270000	-0.048999988	7242.7744	-0.012309648	-1495.9595	16.133875	0.51450217	2810.3047075271606
254	4494.528	46.820698	4573.211	4428.43	1000.0	403.80325	29.287228	429.17743	56.585335	1275000	-0.07275643	6989.3423	-0.012416698	-1428.1201	16.21115	0.5602717	2820.9586234092712
255	4500.629	67.595215	4588.165	4418.7686	1000.0	399.38028	33.61634	431.85693	-25.13167	1280000	-0.01886372	8704.493	-0.013719967	-1802.314	16.170235	0.51279914	2831.9906146526337
256	4540.559	43.618916	4603.068	4492.454	1000.0	407.3034	29.056545	430.1011	167.2114	1285000	0.0066433107	6656.96	-0.011544416	-2117.0361	16.009907	0.48525888	2842.9664285182953
257	4568.83	74.54659	4690.3003	4491.3184	1000.0	406.6843	32.614456	433.35385	155.61902	1290000	0.04561479	7738.0728	-0.016672157	-3441.8384	16.027256	0.49814698	2853.59694814682
258	4508.499	60.5399	4588.5073	4414.299	1000.0	398.00378	71.87292	438.1488	32.005836	1295000	0.009833216	14422.774	-0.011242099	-6817.584	16.055538	0.48060215	2864.2322964668274
259	4504.498	33.210213	4548.705	4472.6133	1000.0	407.57535	14.279071	431.67892	248.73091	1300000	-0.06172179	7679.136	-0.01176272	-555.12646	16.171894	0.51935667	2875.1104543209076
260	4553.134	64.24781	4655.6274	4456.5	1000.0	405.7847	16.873264	431.64273	198.5239	1305000	-0.03926229	8424.427	-0.012387861	-922.66504	16.174156	0.49934125	2887.078854084015
261	4504.4326	59.910675	4622.511	4456.9043	1000.0	410.8781	15.701874	433.93924	196.54706	1310000	-0.0376236	7647.6914	-0.012833238	-1079.6226	16.122232	0.5567861	2897.62433886528
262	4537.502	51.33371	4616.5034	4463.554	1000.0	400.3246	29.27763	433.82248	86.81646	1315000	0.10894739	7448.936	-0.0136512	-1737.4199	16.260653	0.5512144	2908.436548948288
263	4541.325	65.357735	4641.0796	4451.6235	1000.0	409.57846	23.01071	436.94577	121.38691	1320000	0.00045692443	8364.604	-0.015079201	-1157.918	16.116123	0.5100277	2919.043710708618
264	4545.1562	110.71385	4691.4595	4392.91	1000.0	389.8078	52.88944	438.21503	172.5661	1325000	-0.12223319	10105.285	-0.014302082	-3073.85	16.084463	0.5627417	2929.802262067795
265	4468.745	68.08545	4549.101	4347.184	1000.0	413.266	20.161083	436.49054	176.10442	1330000	0.005156848	8023.416	-0.012877027	-1106.3218	16.137009	0.55465686	2940.537954568863
266	4474.3843	31.847147	4531.192	4447.985	1000.0	405.1461	18.805882	435.4897	195.9675	1335000	-0.042604346	7648.807	-0.009054698	-1153.0288	16.149591	0.5215865	2951.1328830718994
267	4492.9946	41.517025	4574.439	4462.833	1000.0	404.7227	21.436821	435.19717	168.13573	1340000	0.008312417	8085.167	-0.014896093	-1131.7812	16.161007	0.580329	2962.0146033763885
268	4501.8296	55.73946	4595.1465	4444.251	1000.0	395.60654	37.469246	435.90405	153.59424	1345000	0.07163281	9321.348	-0.012736626	-2137.6787	16.2177	0.58474696	2972.6128392219543
269	4501.3154	24.82988	4550.0005	4482.0215	1000.0	401.47623	27.230232	434.52713	162.1461	1350000	-0.008125599	7575.321	-0.012747618	-1424.5664	16.130219	0.5226082	2983.264917373657
270	4466.667	51.359837	4546.4116	4415.573	1000.0	405.7957	27.478241	436.248	179.03847	1355000	0.04475362	7378.072	-0.011700526	-1426.3872	16.235334	0.54002446	2995.149394273758
271	4485.5483	2.909547	4489.9785	4482.563	1000.0	403.78464	28.868279	436.17096	-183.45337	1360000	-0.12124048	8308.363	-0.014316112	-1289.0273	16.130241	0.5706572	3005.9223458766937
272	4498.2534	53.329212	4567.765	4418.149	1000.0	398.23206	36.629498	437.02692	127.5665	1365000	-0.014153442	7581.515	-0.01666538	-1635.5942	16.234085	0.57181555	3016.5100572109222
273	4471.071	32.915443	4508.97	4417.2544	1000.0	404.09094	30.01119	437.17358	64.967896	1370000	-0.009818067	7709.183	-0.0137899285	-1637.9517	16.112038	0.53963614	3027.017285346985
274	4436.138	40.85957	4499.88	4384.019	1000.0	405.78186	25.47636	436.88806	145.72377	1375000	-0.02757576	7585.505	-0.017004577	-1822.916	16.113081	0.570882	3037.6638522148132
275	4476.126	59.433014	4580.606	4397.5444	1000.0	394.6869	46.914825	438.22284	142.33371	1380000	0.0056388946	7754.736	-0.012229074	-2280.9868	16.231712	0.5630076	3048.2792224884033
276	4478.8657	50.928772	4550.664	4406.3994	1000.0	395.43045	42.46422	438.43442	45.280952	1385000	-0.022613568	8447.625	-0.014795082	-2373.912	16.134264	0.5147872	3058.974040746689
277	4492.706	57.615757	4561.0073	4405.136	1000.0	399.6792	37.084717	435.8246	176.28104	1390000	0.017083133	7852.6006	-0.010982245	-1471.9346	16.101894	0.53818923	3069.5439941883087
278	4494.9326	36.754707	4552.5073	4437.4756	1000.0	409.4724	22.929739	434.87668	163.52376	1395000	0.04741435	6903.103	-0.012785263	-1715.9824	16.134928	0.5089329	3079.920923471451
279	4455.89	11.955357	4471.321	4442.6274	1000.0	402.5852	32.200504	436.83337	174.79306	1400000	-0.08115299	6740.1016	-0.012590773	-2108.0967	16.134726	0.5682563	3090.5100152492523
280	4477.9893	69.14729	4609.449	4411.847	1000.0	398.40714	43.76872	438.92618	84.30888	1405000	-0.08152492	8857.232	-0.012497082	-2929.746	16.134928	0.5767543	3102.2898242473602
281	4503.6475	56.640034	4582.079	4410.3145	1000.0	392.68494	49.1665	438.711	142.94716	1410000	-0.023899969	9247.326	-0.012753334	-3251.6152	16.032377	0.48396066	3112.9028866291046
282	4479.7485	21.327425	4510.397	4459.569	1000.0	407.70694	28.906286	438.7324	235.95767	1415000	0.040881258	7570.2114	-0.010838825	-1576.5762	16.084427	0.4926484	3123.6379477977753
283	4510.014	26.795368	4542.166	4471.156	1000.0	394.89224	42.16531	440.19476	120.77015	1420000	0.058342066	7956.7266	-0.011906143	-2904.6978	16.192024	0.57053304	3134.379303216934
284	4465.71	54.432526	4532.4683	4390.4346	1000.0	396.1387	59.21845	441.15268	61.255207	1425000	0.020446276	10075.897	-0.012159143	-3236.5967	16.092165	0.50174856	3145.657190799713
285	4485.1865	35.40644	4525.4595	4438.881	1000.0	404.52243	25.562428	436.25735	205.95111	1430000	-0.07365343	6741.2305	-0.01457236	-1973.749	16.197727	0.6160667	3156.688711643219
286	4439.567	27.294535	4480.7773	4400.545	1000.0	409.74323	31.055637	437.64993	163.92635	1435000	0.004010529	6966.1826	-0.012262713	-1720.8853	16.159609	0.53668016	3167.5360963344574
287	4482.6216	41.276566	4540.4424	4433.704	1000.0	393.04477	57.12891	436.571	121.8267	1440000	0.10553378	9802.063	-0.011854358	-3677.5771	16.250809	0.6650685	3178.2879955768585
288	4524.9634	44.064747	4589.0386	4452.458	1000.0	399.06924	38.18833	436.9359	181.7206	1445000	0.082161814	6775.187	-0.0111260265	-2686.1934	16.114939	0.5590491	3188.6385419368744
289	4475.8	50.029373	4575.3516	4442.95	1000.0	399.35675	57.461693	438.33246	137.85551	1450000	0.0544438	7380.6514	-0.012855895	-1689.4409	16.221443	0.53933966	3199.178007364273
290	4502.6357	51.70091	4566.429	4440.5664	1000.0	396.101	53.498108	436.056	163.87563	1455000	-0.02075962	8361.649	-0.014183942	-2211.9614	16.056395	0.48852453	3211.663489341736
291	4566.056	35.47877	4619.114	4513.6885	1000.0	406.88998	40.67736	434.52786	197.29092	1460000	0.044768408	7397.0674	-0.014509698	-1488.502	16.087206	0.54446924	3222.4158186912537
292	4512.1094	66.467735	4634.042	4434.094	1000.0	415.30026	30.535778	435.9245	211.05956	1465000	-0.0002206543	8056.395	-0.012897973	-1395.5063	16.194685	0.55984455	3232.9438512325287
293	4480.6445	28.792747	4519.1436	4448.2383	1000.0	402.168	27.848354	434.26025	231.3034	1470000	0.057881806	7668.4546	-0.010588128	-1288.874	16.291483	0.6866617	3243.49711561203
294	4534.161	51.087738	4607.0586	4466.014	1000.0	401.2273	36.861687	434.51736	199.4201	1475000	-0.092826985	7653.722	-0.013879336	-1516.4448	16.155245	0.52650654	3254.182048559189
295	4486.27	49.76882	4571.8433	4417.2314	1000.0	413.1577	23.506453	436.9183	226.55368	1480000	0.09256055	7604.8706	-0.011660248	-1882.977	16.15461	0.5716606	3264.6632475852966
296	4475.7744	51.914497	4574.047	4425.9434	1000.0	395.91006	33.86856	438.8558	-15.10515	1485000	0.11496516	7242.075	-0.0115338415	-2045.395	16.045706	0.51405	3275.3242411613464
297	4506.0146	54.959503	4563.2275	4433.014	1000.0	393.50296	57.504387	440.0735	165.6233	1490000	-0.03550049	8959.16	-0.0126444325	-2580.8994	16.188274	0.5797774	3285.915910243988
298	4531.9663	87.75842	4632.962	4388.141	1000.0	408.01865	29.67909	438.31323	229.05334	1495000	-0.04953169	7759.4097	-0.014248848	-1293.8882	16.138708	0.5521155	3296.8535220623016
299	4534.508	93.02775	4712.2617	4442.404	1000.0	405.679	38.406563	438.87415	-230.49623	1500000	-0.024902845	7980.061	-0.0155997295	-1603.7676	16.117027	0.5750164	3307.688304901123
300	4482.1846	24.209614	4517.9595	4450.4844	1000.0	415.75125	18.921745	437.63202	135.51122	1505000	0.035962556	7686.638	-0.0119256005	-1731.2476	16.103603	0.54819024	3319.459079027176
301	4541.084	57.04202	4610.183	4459.2437	1000.0	409.9101	24.653654	435.62878	213.3396	1510000	-0.0010521362	8578.328	-0.012562491	-1334.0376	16.225288	0.5164915	3330.062520503998
302	4499.7	41.73949	4540.7188	4426.2617	1000.0	397.1804	33.60582	437.89658	193.3406	1515000	-0.14549938	7493.6274	-0.0133699775	-3262.3027	16.212206	0.5551674	3340.6248462200165
303	4481.688	37.113064	4536.109	4434.854	1000.0	415.4296	29.813925	440.79684	187.1072	1520000	0.05463987	7140.114	-0.011808045	-1569.3818	16.275154	0.5755365	3351.2541029453278
304	4539.949	58.014423	4626.5547	4450.276	1000.0	390.02017	55.112152	439.42072	105.37392	1525000	0.020643393	6892.9536	-0.013851572	-2665.6904	16.21286	0.57874364	3361.959599018097
305	4541.5	31.661388	4569.2334	4494.743	1000.0	398.201	67.18255	440.89383	131.46323	1530000	-0.0014800156	8386.984	-0.014340513	-3059.58	16.119247	0.5449571	3372.687164783478
306	4494.8564	71.84754	4618.063	4416.858	1000.0	410.42578	42.986767	437.6352	182.34743	1535000	0.05723246	8137.8384	-0.010252301	-1968.4116	16.168753	0.5468668	3383.3931810855865
307	4504.7354	53.9135	4585.5957	4437.8306	1000.0	404.50677	37.090954	434.86908	144.42336	1540000	0.0033004028	7985.1353	-0.012464972	-2317.8896	16.17393	0.52512735	3393.8639295101166
308	4531.094	58.775593	4618.1406	4444.073	1000.0	411.88876	28.342575	435.08862	255.95284	1545000	-0.15908319	7085.4785	-0.014324948	-1499.0171	16.177635	0.5958127	3404.3375277519226
309	4528.1206	34.64975	4572.471	4465.8906	1000.0	399.7825	43.946278	435.8848	169.51303	1550000	0.034150057	6503.376	-0.012924105	-1837.332	16.195309	0.5445867	3414.84636592865
310	4485.3457	40.814915	4549.5483	4421.9287	1000.0	415.4812	39.72896	437.53445	177.82373	1555000	-0.044212084	5879.5415	-0.01131117	-1394.0161	16.170479	0.545721	3427.2223749160767
311	4553.6147	20.16432	4580.03	4526.821	1000.0	395.9266	60.802578	435.99484	135.9579	1560000	-0.040223215	6958.0215	-0.014319412	-2278.7837	16.20673	0.58315593	3437.9093770980835
312	4486.786	18.637875	4516.592	4460.527	1000.0	422.6475	28.219519	437.17322	156.89491	1565000	-0.048472747	8379.391	-0.015251249	-2143.1572	16.167946	0.576321	3448.621200323105
313	4503.51	52.995514	4583.8677	4443.4985	1000.0	389.82797	52.1147	434.34946	121.45898	1570000	-0.0005187988	6795.8496	-0.013225293	-2505.4302	16.186722	0.56757665	3460.069977283478
314	4496.5586	46.76835	4572.628	4435.869	1000.0	403.6678	51.24202	436.68634	119.77032	1575000	-0.052164003	6242.632	-0.01470577	-1941.9829	16.146204	0.50666296	3471.1216008663177
315	4498.1006	71.31222	4613.42	4404.7695	1000.0	385.22025	78.27973	438.59192	66.35892	1580000	0.048866037	9629.051	-0.011360247	-4207.7725	16.210196	0.54448557	3481.620412826538
316	4520.345	50.273224	4585.6616	4468.579	1000.0	416.2837	26.397503	434.5555	195.01128	1585000	0.012385034	6569.1577	-0.011959564	-1635.4565	16.0757	0.53732306	3492.357164144516
317	4513.2583	46.975708	4567.1655	4426.8057	1000.0	402.20682	42.86677	435.05588	165.03085	1590000	0.11208323	5293.4834	-0.012511373	-2569.8403	16.280546	0.6187569	3503.278715610504
318	4494.7344	50.062027	4570.806	4430.563	1000.0	393.53116	74.67855	437.49722	88.18436	1595000	-0.033252954	9985.719	-0.013241477	-3818.855	16.18194	0.6191406	3513.8720378875732
319	4504.8184	29.879663	4546.369	4467.7173	1000.0	412.8145	27.937588	434.3618	-44.78251	1600000	-0.030082813	7568.8896	-0.01808097	-1366.5767	16.18308	0.6606703	3524.4956092834473
320	4493.122	67.7721	4602.9224	4410.1714	1000.0	387.062	56.485535	433.9539	151.89885	1605000	-0.09621321	6403.367	-0.015396081	-2112.296	16.259266	0.6166175	3536.215609550476
321	4530.958	57.010456	4626.415	4467.9497	1000.0	404.09302	56.32077	438.11685	194.82462	1610000	0.039003186	9010.339	-0.011293381	-2537.0386	16.08183	0.50817454	3546.9771876335144
322	4559.908	97.33807	4721.9707	4424.6133	1000.0	406.70914	24.357409	436.28104	105.94414	1615000	-0.040397212	7953.2993	-0.014846433	-1561.6079	16.09532	0.5872835	3557.779568195343
323	4489.4053	78.43586	4586.354	4392.2134	1000.0	412.18304	24.64894	440.4	224.53508	1620000	0.03379532	8328.932	-0.010796867	-1379.0308	16.204245	0.61653185	3568.1427280902863
324	4531.501	47.49456	4585.8115	4471.452	1000.0	404.74408	26.12138	435.82385	97.08021	1625000	0.011745465	7337.7446	-0.014281801	-1481.728	16.187567	0.55326563	3578.852266550064
325	4493.886	27.32767	4519.9434	4443.085	1000.0	389.6693	53.230064	441.13672	92.83194	1630000	-0.04723072	5955.985	-0.013328269	-2852.9333	16.20719	0.6632919	3589.660749435425
326	4448.548	28.890398	4482.905	4403.514	1000.0	424.6445	22.255205	446.391	190.10826	1635000	0.0057824464	7571.404	-0.010889015	-3194.5405	16.071714	0.5337122	3599.7769722938538
327	4498.88	36.556084	4551.072	4442.6636	1000.0	389.77847	66.96575	439.14157	100.92532	1640000	-0.03771742	8923.322	-0.013272207	-3851.1045	16.137241	0.5680441	3610.2288982868195
328	4504.098	30.12479	4528.6855	4447.311	1000.0	408.0897	41.51688	438.89288	79.08475	1645000	-0.020020641	5981.2593	-0.010804249	-1665.7114	16.178835	0.58696455	3620.818491458893
329	4525.3975	64.529274	4622.9844	4458.4434	1000.0	399.2711	46.14813	444.88803	32.233692	1650000	0.08418765	7886.1567	-0.014999792	-2239.651	16.151054	0.67179996	3631.684666633606
330	4539.792	85.154335	4669.9346	4426.7476	1000.0	377.42853	82.08291	445.14618	127.46396	1655000	-0.033847142	13093.226	-0.010368314	-6210.848	16.177696	0.5280359	3643.510904073715
331	4511.3125	63.06644	4617.136	4445.2383	1000.0	412.6489	25.65965	443.49536	204.80289	1660000	-0.055099305	7603.1616	-0.014523324	-1589.5254	16.129957	0.5306918	3653.866468667984
332	4506.7515	32.705185	4570.6797	4478.6406	1000.0	397.95013	44.804333	445.03143	196.56131	1665000	0.03285668	6821.8906	-0.012654994	-1699.2847	16.222002	0.5771043	3664.448139190674
333	4512.4883	32.074722	4547.5996	4456.2456	1000.0	404.45264	39.02703	449.9487	209.26666	1670000	-0.124137014	6543.7935	-0.01590626	-1715.2466	16.258986	0.5970944	3675.2150406837463
334	4526.179	25.076262	4559.0103	4485.581	1000.0	408.796	44.250175	451.19318	176.8011	1675000	-0.031550862	5232.888	-0.012046196	-1375.1929	16.15541	0.55186397	3685.6317596435547
335	4483.467	71.19365	4588.019	4370.9243	1000.0	398.53696	69.664314	454.40652	155.8987	1680000	-0.06315404	9074.382	-0.014395654	-2939.2456	16.160978	0.5512481	3696.216213464737
336	4499.956	55.818073	4556.7056	4395.0938	1000.0	413.0303	28.162762	446.86	217.74252	1685000	0.02936881	7102.32	-0.010403356	-968.8042	16.132795	0.5647922	3707.135073900223
337	4527.7344	53.71066	4622.6655	4469.0557	1000.0	405.7729	30.810593	447.76736	189.33073	1690000	0.056629084	6988.6367	-0.012067825	-2274.268	16.143953	0.5441924	3717.662390232086
338	4473.1274	62.62477	4582.4404	4388.9053	1000.0	406.6921	46.437454	451.12057	192.15117	1695000	-0.078310385	8313.752	-0.012384564	-1988.1416	16.18274	0.5941633	3728.033464193344
339	4530.8433	53.22962	4607.964	4448.51	1000.0	401.09183	31.668776	445.85315	219.4416	1700000	-0.02330636	6639.8022	-0.012347778	-2306.3032	16.196394	0.63567734	3738.4934990406036
340	4468.125	71.348335	4579.298	4361.679	1000.0	407.37134	50.83335	447.10156	173.42795	1705000	-0.110162	8732.148	-0.014812529	-2254.245	16.21385	0.6123346	3750.505658864975
341	4517.708	28.122385	4560.131	4480.154	1000.0	400.54837	34.49112	449.1621	231.98013	1710000	0.0021669983	7042.4614	-0.0127943605	-1639.8887	16.182154	0.57369775	3761.3172645568848
342	4517.8486	54.18561	4581.646	4443.3867	1000.0	406.0133	46.58341	453.30472	193.17383	1715000	0.027889667	8356.554	-0.013714515	-1951.4985	16.20377	0.5815415	3772.090646982193
343	4552.048	28.064367	4597.102	4524.6763	1000.0	407.4593	29.696302	445.37332	83.46601	1720000	-0.03994531	6964.307	-0.01238507	-1240.5088	16.154291	0.5394277	3782.7805047035217
344	4443.4053	48.894325	4502.417	4380.7573	1000.0	423.90106	17.642937	448.08228	220.22324	1725000	-0.054798204	8577.395	-0.0113580115	-1863.209	16.201256	0.5620178	3793.3562409877777
345	4492.3643	42.163593	4547.5806	4420.1685	1000.0	384.05594	39.96187	438.2324	190.7048	1730000	0.021115417	7370.851	-0.011433135	-2232.8208	16.150063	0.5450133	3803.887929201126
346	4487.714	79.46131	4619.15	4413.4497	1000.0	410.39236	25.571991	442.66824	201.4121	1735000	-0.000740448	7087.771	-0.015957797	-1307.7676	16.231003	0.61605924	3814.452795982361
347	4538.1475	67.60038	4638.6353	4478.1626	1000.0	406.4095	29.454481	444.46744	197.8032	1740000	-0.10380164	7231.5127	-0.015489772	-1918.2593	16.183832	0.5916776	3824.977587223053
348	4542.9043	61.00508	4644.2153	4459.0723	1000.0	407.50354	29.790583	451.2664	164.4598	1745000	0.0014627762	7500.5054	-0.013931192	-1606.3252	16.26594	0.6254654	3836.0075902938843
349	4561.258	82.3151	4683.9126	4463.9775	1000.0	408.17746	33.096916	455.21902	185.30226	1750000	0.08132416	8913.188	-0.011846304	-1664.7422	16.177225	0.5946573	3846.7629866600037
350	4509.124	22.36394	4551.8877	4491.3486	1000.0	390.3922	55.96086	445.2371	101.65067	1755000	0.002616388	6139.247	-0.010893103	-2173.9954	16.137587	0.5529124	3858.7807579040527
351	4477.343	28.187567	4511.0215	4439.808	1000.0	411.99768	43.663803	456.26956	130.66214	1760000	-0.07469334	8434.287	-0.01259698	-2125.747	16.187422	0.6506218	3869.467524766922
352	4514.767	61.364105	4607.5527	4417.2476	1000.0	411.0389	27.013481	453.20483	182.3244	1765000	0.012279187	6786.108	-0.010547449	-2077.599	16.20854	0.6289707	3880.274109840393
353	4505.3213	28.869967	4536.75	4465.1235	1000.0	397.55447	60.818512	448.82034	157.0504	1770000	-0.044967186	7231.9023	-0.011424463	-1789.3145	16.169407	0.5938125	3890.9694471359253
354	4529.1455	49.625767	4579.165	4444.684	1000.0	413.97238	27.18087	456.6542	163.93192	1775000	-0.121301316	6978.3745	-0.01648923	-2101.4907	16.288925	0.69671065	3901.541723012924
355	4473.17	46.25211	4533.51	4424.222	1000.0	398.4053	60.410748	456.71896	111.54115	1780000	-0.037398305	9790.875	-0.014110278	-2837.5352	16.202835	0.61318916	3912.2459547519684
356	4439.1514	21.018412	4459.902	4399.051	1000.0	405.30322	21.310907	449.4035	225.23946	1785000	-0.069363326	6820.143	-0.013506673	-1716.5532	16.17279	0.59394187	3922.8634066581726
357	4515.634	88.80303	4645.883	4425.5723	1000.0	405.92264	36.826195	439.55405	188.18396	1790000	-0.0909703	7013.6206	-0.013444655	-1077.9448	16.056818	0.5339706	3933.538221359253
358	4502.7583	31.205153	4548.9956	4464.1943	1000.0	397.99924	48.856293	439.68652	133.9418	1795000	-0.18412584	8926.209	-0.014730409	-3060.106	16.16645	0.6228085	3944.1062276363373
359	4519.7	72.82062	4638.4375	4428.273	1000.0	401.30615	36.98613	448.1654	21.821556	1800000	-0.013767743	7854.1895	-0.014942939	-1877.0586	16.212498	0.6046646	3955.012507200241
360	4527.0635	26.660154	4564.837	4492.9175	1000.0	412.67102	24.494188	445.5728	219.97002	1805000	-0.10430221	7538.1567	-0.011084348	-981.2793	16.18184	0.5911899	3967.4730813503265
361	4491.3325	50.956493	4580.621	4430.4644	1000.0	393.37854	46.806618	451.5673	102.52036	1810000	0.08140899	5454.4453	-0.0145936385	-1989.6421	16.252178	0.6713935	3978.209231376648
362	4500.4697	53.213444	4581.579	4428.594	1000.0	403.9321	55.969746	444.971	117.4426	1815000	-0.14234689	9218.073	-0.013554066	-2946.3892	16.192465	0.6227131	3988.5935747623444
363	4493.7954	59.692036	4559.8516	4394.205	1000.0	393.82913	52.626896	443.46436	147.78879	1820000	-0.05336576	7314.4927	-0.011986658	-2008.4272	16.316916	0.71666855	3999.146609544754
364	4477.193	31.441044	4520.1963	4422.7817	1000.0	419.9682	21.138742	452.02283	148.23553	1825000	0.009156325	7174.886	-0.013323275	-1629.1431	16.225054	0.6254314	4009.7471034526825
365	4514.3955	23.631943	4546.8877	4475.097	1000.0	397.30878	38.989937	438.30145	128.15779	1830000	-0.060120787	6519.2373	-0.013544228	-1634.8037	16.212776	0.5902424	4020.391176700592
366	4520.6357	59.124626	4621.6323	4460.58	1000.0	386.95474	70.77185	442.0561	112.403564	1835000	-0.13038084	9624.25	-0.014024213	-3644.9082	16.212019	0.6257305	4030.94699382782
367	4513.945	39.824883	4576.673	4454.137	1000.0	410.07584	33.060413	440.0705	168.72293	1840000	-0.026108252	7205.1807	-0.013362562	-1346.2295	16.198105	0.59719986	4041.6792376041412
368	4509.7876	28.714449	4556.536	4479.059	1000.0	404.06604	39.622356	439.54846	187.8859	1845000	-0.03581702	7844.6895	-0.013959061	-1342.5688	16.180521	0.6062695	4052.3363847732544
369	4467.7666	89.161026	4607.2544	4362.301	1000.0	403.026	41.263035	450.2917	204.3136	1850000	-0.03515971	7992.0767	-0.01077931	-1809.0327	16.325727	0.72504956	4062.942108631134
370	4492.646	44.427235	4573.533	4453.234	1000.0	404.04886	33.777653	439.90787	231.48422	1855000	0.06862059	7353.072	-0.011910003	-1362.8691	16.22967	0.64583987	4075.7759461402893
371	4466.2305	33.517563	4518.3745	4420.657	1000.0	410.3408	23.429081	442.5433	94.41344	1860000	-0.03978542	7351.6616	-0.01057953	-1401.727	16.057716	0.5415553	4086.7726998329163
372	4506.958	51.530476	4554.8516	4414.569	1000.0	408.5119	26.403635	439.36087	193.4466	1865000	-0.06569062	7951.5576	-0.015398391	-1480.792	16.285234	0.70539176	4097.702737569809
373	4484.582	70.225845	4593.546	4410.98	1000.0	400.64386	34.336952	439.8802	-34.54614	1870000	0.032410406	7562.599	-0.015076298	-1723.3921	16.200241	0.6678587	4108.890050649643
374	4487.93	38.957363	4546.348	4435.9106	1000.0	394.89075	40.045616	442.684	132.83484	1875000	-0.07455857	7161.776	-0.013448328	-1760.6997	16.188488	0.6108252	4119.982669591904
375	4476.0103	25.160583	4510.0186	4446.4414	1000.0	406.39224	35.08237	445.19867	177.28842	1880000	0.0076035704	6710.684	-0.0138906855	-1004.59375	16.17391	0.5551001	4131.183422803879
376	4487.646	41.792698	4563.7036	4437.88	1000.0	397.9512	47.336025	452.05368	164.04733	1885000	-0.03970358	8434.829	-0.012162954	-1876.0586	16.238272	0.6848059	4142.842895030975
377	4523.345	57.838184	4632.4644	4470.256	1000.0	409.7057	27.51511	450.69833	223.07358	1890000	0.026334705	8676.978	-0.012543665	-1796.9263	16.15276	0.5997408	4154.172857761383
378	4456.507	30.92681	4499.272	4419.1123	1000.0	409.2066	17.92546	449.58765	235.3818	1895000	0.021626594	7491.4033	-0.010218198	-1588.7793	16.259872	0.66083974	4165.236489534378
379	4483.02	16.30611	4497.8057	4451.5327	1000.0	400.9098	36.77017	439.88187	170.61478	1900000	0.060871746	5508.114	-0.013497632	-1904.365	16.139244	0.59563833	4176.474435329437
380	4513.8623	21.809357	4545.3535	4479.5513	1000.0	379.05875	79.53437	441.6024	118.669785	1905000	0.0045016357	10494.371	-0.011225562	-5089.2544	16.057928	0.54540217	4189.791553735733
381	4509.339	51.724514	4562.337	4418.204	1000.0	424.9013	22.76017	447.70364	227.82571	1910000	0.014618916	7608.1504	-0.010138806	-1132.1118	16.21193	0.66952837	4201.447424650192
382	4489.507	57.485336	4584.6895	4408.935	1000.0	400.5833	29.641191	439.4133	196.63985	1915000	0.1190202	6418.793	-0.013312779	-1136.2114	16.223194	0.6469387	4213.582056283951
383	4488.7812	91.53312	4607.168	4361.382	1000.0	395.14285	46.54516	438.63184	136.4319	1920000	-0.019738734	7391.2114	-0.012909528	-1631.4482	16.198133	0.6437002	4226.0728058815
384	4556.3774	69.33849	4634.9395	4468.772	1000.0	412.83664	22.640718	449.05783	158.84944	1925000	0.15937234	8361.244	-0.014356554	-1184.7227	16.209415	0.59793895	4238.564575433731
385	4449.3916	51.35522	4534.2134	4395.4995	1000.0	405.87457	35.79218	450.62543	153.77654	1930000	-0.007832032	6162.7104	-0.014507446	-1203.5923	16.268974	0.7223612	4251.040333032608
386	4507.202	64.57201	4602.4697	4399.7876	1000.0	409.46298	26.000675	437.59012	148.12375	1935000	0.09929158	8410.577	-0.0122291	-1422.8604	16.228025	0.64597297	4263.622810840607
387	4472.7944	32.52042	4527.561	4436.6416	1000.0	384.16742	38.67865	445.97177	144.96355	1940000	-0.0217396	7337.791	-0.014033256	-2567.8857	16.165483	0.6119627	4276.75163435936
388	4552.5557	72.41266	4675.3853	4482.977	1000.0	389.87454	66.509735	450.9699	-149.19997	1945000	-0.040162645	9631.059	-0.016193558	-3808.438	16.214916	0.664675	4289.91745018959
389	4519.848	65.218056	4620.7417	4442.2485	1000.0	415.06042	31.687178	454.87775	192.46925	1950000	-0.110921316	7902.8984	-0.01459337	-1965.9463	16.103598	0.5628264	4303.325542926788
390	4532.7725	19.403828	4552.4995	4500.255	1000.0	407.6346	39.433098	455.94165	203.54652	1955000	-0.0046228943	6798.405	-0.012356591	-1298.4946	16.178175	0.6501091	4317.6424770355225
391	4476.064	24.259563	4522.5522	4455.18	1000.0	419.8298	23.617367	448.84824	151.75113	1960000	0.005524002	6962.0	-0.012156259	-1684.3496	16.2063	0.65731674	4330.20906996727
392	4539.9326	32.796337	4583.1807	4484.639	1000.0	387.87405	56.322453	451.84647	147.20996	1965000	0.013176001	8563.817	-0.01218341	-2599.398	16.225435	0.60675114	4342.676590204239
393	4548.3623	13.299947	4571.6895	4531.8315	1000.0	407.41364	44.897583	449.46896	212.2361	1970000	0.062287726	6372.853	-0.013985157	-1746.8218	16.176113	0.6195027	4355.7493324279785
394	4512.6064	59.348125	4594.6523	4443.864	1000.0	412.08383	52.26874	455.2931	179.54959	1975000	-0.091480516	7485.192	-0.013577029	-1569.8989	16.212719	0.68866897	4368.643882989883
395	4490.5093	27.795343	4520.784	4442.6567	1000.0	410.34235	30.414227	454.5538	226.52498	1980000	-0.07450886	6607.555	-0.010175422	-1455.5854	16.229422	0.69267756	4381.883666276932
396	4516.6465	24.375124	4555.0195	4480.953	1000.0	413.8993	20.440321	451.2549	174.85367	1985000	0.0022791808	7444.3774	-0.012523639	-1043.1094	16.191904	0.66861576	4395.554939508438
397	4546.829	57.854977	4647.4844	4478.8	1000.0	388.8804	51.79042	441.063	148.15305	1990000	0.047018413	7713.8994	-0.012970794	-3606.3276	16.298183	0.7051633	4408.9455280303955
398	4504.603	80.239944	4633.4224	4387.291	1000.0	404.5302	61.11862	444.01047	136.29514	1995000	-0.034555946	8502.4795	-0.011917613	-2178.0098	16.225756	0.6156075	4422.294615983963
399	4512.4404	55.64141	4599.5303	4464.3027	1000.0	404.14365	41.789745	441.06445	191.16035	2000000	0.036816224	6910.608	-0.012369441	-1356.5269	16.259365	0.626249	4435.802233695984
400	4463.6074	60.257736	4535.292	4392.324	1000.0	415.5134	29.698622	452.44418	216.56348	2005000	0.017278314	6491.1714	-0.012116589	-1488.1768	16.200443	0.68191683	4451.275626659393
401	4493.044	33.662212	4546.7734	4444.7485	1000.0	412.04385	26.065016	432.28647	185.70003	2010000	-0.0021917603	6788.084	-0.01500501	-1360.4326	16.16253	0.6069365	4464.841462612152
402	4508.3926	68.6012	4643.2085	4463.8887	1000.0	391.23816	45.1493	432.3833	90.55295	2015000	0.013694342	8123.6367	-0.009986621	-2043.8784	16.228987	0.6779462	4478.627938985825
403	4492.2554	62.083115	4589.576	4423.1587	1000.0	409.10544	27.258627	433.33182	10.219894	2020000	-0.11621599	7526.8105	-0.0125311315	-1032.041	16.223757	0.68135566	4492.5344977378845
404	4526.1997	55.100147	4601.803	4455.947	1000.0	410.92325	21.492794	444.67004	171.15688	2025000	0.012272748	7950.9014	-0.01232837	-1421.5029	16.215208	0.6678882	4506.3914432525635
405	4523.9717	62.051952	4579.797	4415.736	1000.0	384.65375	53.81779	445.54535	162.09668	2030000	0.018187005	8843.728	-0.014212707	-2552.497	16.220924	0.6251765	4520.145201683044
406	4520.4717	54.47958	4607.1367	4445.918	1000.0	417.92886	14.741893	454.37653	201.88246	2035000	0.008885547	8370.115	-0.013344461	-1134.9438	16.231863	0.65316874	4533.358100891113
407	4483.303	62.773624	4550.2686	4379.1533	1000.0	387.47253	50.362938	446.5111	195.16275	2040000	-0.013818906	8776.479	-0.013409008	-2212.2417	16.289244	0.70309097	4547.063802242279
408	4537.572	45.966976	4588.3926	4464.338	1000.0	404.24515	32.78572	457.3961	123.857956	2045000	-0.049628027	8145.114	-0.01695691	-1962.669	16.327997	0.73551047	4561.20504617691
409	4484.3604	30.73543	4534.9004	4438.0176	1000.0	413.67163	25.760654	464.88144	233.92178	2050000	-0.10141821	7253.114	-0.0126241	-1556.4419	16.197374	0.68478036	4575.300934553146
410	4495.831	58.530373	4591.119	4426.1553	1000.0	406.17343	30.454746	457.54858	235.7747	2055000	0.035236523	7315.892	-0.010662984	-1034.1802	16.113346	0.5317705	4591.020675897598
411	4562.437	30.159939	4600.8174	4510.3535	1000.0	405.95087	21.771852	434.5102	227.94328	2060000	-0.13127072	8147.944	-0.01306355	-1373.4336	16.227283	0.65122765	4604.546326637268
412	4504.616	39.56362	4549.837	4451.8623	1000.0	402.9146	30.329002	432.54025	191.77788	2065000	0.014644974	7030.6465	-0.012724905	-1557.4209	16.147848	0.61233157	4618.295702695847
413	4614.34	61.727257	4700.2725	4527.809	1000.0	375.7274	77.73856	445.76862	148.70216	2070000	-0.03302265	11605.947	-0.013345975	-5099.818	16.235294	0.6579232	4632.016340017319
414	4526.9897	75.73472	4648.923	4448.6587	1000.0	423.3916	30.007866	474.56717	94.92446	2075000	0.09625911	7689.684	-0.011844307	-962.10156	16.32182	0.7866544	4645.797704935074
415	4493.59	63.9058	4585.6973	4392.741	1000.0	400.26755	38.225853	463.01886	225.3735	2080000	-0.121817835	7441.7207	-0.014242299	-1630.1274	16.279129	0.68826514	4659.5220947265625
416	4472.626	60.409756	4578.6763	4411.28	1000.0	411.13205	27.888824	459.4998	228.59363	2085000	-0.038985457	6391.397	-0.011200894	-1447.77	16.239363	0.6690929	4673.529548883438
417	4538.8643	87.47334	4696.779	4454.803	1000.0	394.5825	41.670723	447.86926	216.70892	2090000	0.024469195	8588.857	-0.01583955	-2483.293	16.303127	0.71010274	4687.717972993851
418	4525.359	43.338146	4580.972	4451.7876	1000.0	411.1851	30.134146	459.795	220.44823	2095000	0.08597575	7226.9946	-0.01187592	-993.99023	16.16417	0.61223674	4702.149680376053
419	4512.217	22.990181	4540.395	4483.5186	1000.0	402.1271	37.298332	455.71774	223.7145	2100000	-0.006278503	6378.5786	-0.0143901	-1973.2749	16.221804	0.6618697	4715.399040937424
420	4475.461	38.19795	4513.2646	4407.3564	1000.0	414.0948	39.730343	475.21884	189.30957	2105000	0.020008082	7496.248	-0.01361532	-1055.0562	16.221336	0.73975384	4732.282903432846
421	4520.439	92.45076	4672.1353	4404.7334	1000.0	406.0726	30.19958	462.76965	160.66475	2110000	-0.0035512939	7354.435	-0.011646036	-1194.7749	16.248638	0.7038762	4746.5450077056885
422	4478.772	14.653878	4492.0566	4458.2144	1000.0	409.99304	26.267513	444.54257	86.595726	2115000	0.08043739	6855.7593	-0.013045043	-2539.3223	16.178984	0.6339224	4759.852406978607
423	4530.1772	113.45278	4747.4976	4439.1064	1000.0	373.35666	72.46491	436.27283	75.58071	2120000	0.07548192	10935.455	-0.015205439	-4535.377	16.089478	0.60148066	4773.381531715393
424	4481.4404	39.858368	4560.1836	4453.6187	1000.0	413.27124	32.52818	466.82654	256.76535	2125000	0.10352373	6259.301	-0.0103682205	-1180.6167	16.237297	0.6705258	4786.610191106796
425	4512.27	39.313126	4562.5396	4456.249	1000.0	419.6053	26.20337	450.06506	237.97379	2130000	-0.019726843	7466.084	-0.011405017	-2115.8105	16.185707	0.5899754	4799.693960189819
426	4469.9907	60.35277	4563.2056	4381.7817	1000.0	404.03717	39.043434	439.83475	148.50006	2135000	-0.067774355	6581.076	-0.013047077	-1582.0361	16.383322	0.6760239	4812.885093212128
427	4472.9956	64.303314	4575.0234	4375.948	1000.0	411.0047	28.299185	438.75223	203.72166	2140000	0.048769545	6746.5674	-0.015008539	-1439.064	16.113348	0.586755	4826.213948726654
428	4508.81	48.11947	4555.9717	4416.1777	1000.0	379.2491	61.07332	439.5679	147.01663	2145000	-0.0012581055	9032.822	-0.012520252	-2910.2896	16.306505	0.6706141	4840.128865242004
429	4492.681	40.369934	4535.963	4434.4014	1000.0	406.5115	39.056915	445.97467	233.72455	2150000	0.010887304	6636.509	-0.012243762	-1932.9287	16.2718	0.6977617	4853.675894975662
430	4492.4	53.481014	4592.6777	4431.301	1000.0	423.0709	17.357685	456.5969	241.3874	2155000	-0.13228616	7464.568	-0.015258625	-2040.7261	16.267117	0.6928341	4868.696119785309
431	4500.4585	23.168713	4534.7153	4469.845	1000.0	382.68564	57.785946	444.6688	137.96048	2160000	-0.054262694	7435.2793	-0.012469102	-2325.316	16.164568	0.62840354	4881.769193172455
432	4503.627	47.24162	4557.9155	4419.546	1000.0	417.41925	31.48346	442.254	176.42397	2165000	0.0008011017	6928.9775	-0.011999231	-1703.4014	16.295763	0.74705964	4894.6287586688995
433	4460.595	49.605286	4537.492	4391.04	1000.0	409.54	32.525875	446.78967	207.48322	2170000	-0.09878923	6125.621	-0.015109509	-2414.046	16.183735	0.6631962	4907.57093000412
434	4505.3975	81.35027	4641.263	4412.325	1000.0	389.3539	60.683674	443.64078	59.07829	2175000	-0.06549806	8084.6313	-0.015791535	-3338.0005	16.289724	0.70300114	4920.7418212890625
435	4499.916	66.16976	4620.7764	4438.7573	1000.0	415.75476	41.42587	467.07968	123.23564	2180000	-0.014756107	8317.283	-0.017601047	-1861.9141	16.255709	0.6760606	4933.890390396118
436	4497.869	85.985794	4605.6143	4393.2397	1000.0	382.43988	56.539814	444.28244	117.2602	2185000	0.029744547	7896.97	-0.0106606055	-2133.3232	16.346586	0.71513474	4947.130651473999
437	4470.0093	38.419163	4529.7856	4412.559	1000.0	410.818	33.395126	464.41605	206.14096	2190000	0.043975145	6567.2144	-0.016133439	-1714.6006	16.16656	0.5980896	4960.529056072235
438	4504.632	43.73515	4584.347	4465.977	1000.0	405.2135	42.20126	454.00583	205.68582	2195000	0.11694563	7439.326	-0.0117988065	-1492.957	16.238276	0.6323839	4973.73859000206
439	4470.772	40.711464	4513.8247	4416.2236	1000.0	403.56305	42.65592	449.4498	156.63206	2200000	-0.027317524	6800.183	-0.018580701	-1236.6465	16.290241	0.72065234	4986.812273025513
440	4508.995	28.679462	4537.6987	4467.9624	1000.0	393.31442	48.399765	435.80402	35.096123	2205000	0.098735616	6503.1885	-0.014804959	-1524.7373	16.232874	0.70051867	5002.08798956871
441	4523.903	39.904392	4568.83	4461.057	1000.0	408.58044	46.235195	451.07742	165.01106	2210000	0.043136515	5890.7886	-0.013873924	-1009.93994	16.228842	0.63890135	5015.435136795044
442	4495.6733	82.62281	4577.0215	4362.597	1000.0	422.17474	18.853174	449.22562	233.35878	2215000	0.0740938	7891.9985	-0.011756029	-1924.2852	16.256195	0.60952127	5028.433280467987
443	4535.3477	34.873413	4562.3447	4468.1826	1000.0	388.10715	57.9708	436.41965	171.32774	2220000	-0.023327375	9125.253	-0.0143768545	-2750.267	16.31642	0.7126368	5041.70775437355
444	4479.441	37.83403	4545.004	4437.127	1000.0	402.2606	42.0356	463.65427	-106.7557	2225000	0.025241187	5955.9727	-0.017067615	-1374.8872	16.263124	0.6525531	5054.920820713043
445	4493.11	120.22002	4713.525	4365.8843	1000.0	408.11664	47.231136	445.39053	214.53294	2230000	-0.0054204958	6757.496	-0.013654443	-1130.6572	16.089956	0.56400204	5068.0168125629425
446	4511.478	47.08903	4566.9575	4454.985	1000.0	414.52255	15.075754	449.6133	236.76874	2235000	0.003217111	7028.475	-0.01491087	-1916.5132	16.211443	0.6336551	5081.692684173584
447	4489.711	50.821095	4561.224	4418.787	1000.0	404.92978	42.483974	443.2326	177.82587	2240000	-0.15678261	7374.3423	-0.013484716	-1675.0591	16.191078	0.65470845	5095.549664735794
448	4436.0884	44.619286	4495.762	4379.6094	1000.0	389.42532	37.582462	439.94257	213.681	2245000	0.021143572	7525.386	-0.011559368	-1993.0635	16.161594	0.64060146	5109.068557500839
449	4454.7554	50.162506	4508.5107	4382.909	1000.0	401.78677	35.783215	440.9347	166.23502	2250000	0.045326464	6871.222	-0.019274956	-1756.022	16.157343	0.63244915	5122.726999759674
450	4492.701	39.401516	4547.3374	4434.0244	1000.0	396.08405	56.28393	442.49432	152.48143	2255000	0.12510031	7185.1816	-0.011118747	-1543.1025	16.210138	0.6498234	5138.25116276741
451	4492.206	46.18868	4538.51	4407.311	1000.0	386.74103	60.25661	441.9794	158.21179	2260000	0.024099126	5628.564	-0.014633447	-2149.3604	16.312872	0.7113026	5152.046859502792
452	4489.0015	27.937962	4525.1196	4454.571	1000.0	419.5338	39.691494	455.9315	227.63287	2265000	0.0055489256	6247.528	-0.015915291	-1087.606	16.24299	0.7159428	5165.5590097904205
453	4485.303	28.956938	4532.354	4444.231	1000.0	412.46494	23.002195	442.87503	175.8144	2270000	0.08950139	7282.835	-0.014355756	-1802.6357	16.064398	0.55118406	5178.673324346542
454	4502.2695	36.083416	4543.6724	4455.6104	1000.0	355.01947	74.03404	446.6862	160.97469	2275000	-0.07188576	10860.696	-0.014244065	-6699.616	16.182087	0.6419439	5191.890791416168
455	4481.6733	31.356575	4519.1157	4427.312	1000.0	422.16486	39.49391	465.76532	207.8042	2280000	-0.064312145	6745.728	-0.012917154	-1144.7002	16.371735	0.7420567	5205.628879308701
456	4476.695	20.528633	4492.5415	4436.588	1000.0	405.0795	42.599396	473.38556	129.67084	2285000	-0.019338708	5280.341	-0.013184205	-1178.772	16.193243	0.6178784	5219.293496847153
457	4490.469	44.01299	4546.638	4438.6978	1000.0	412.36688	34.682327	474.9509	187.48865	2290000	0.01087655	6621.143	-0.012017953	-1231.1831	16.300789	0.6762367	5232.692403316498
458	4497.1704	36.236614	4534.3564	4434.3584	1000.0	391.97815	51.17623	439.46082	150.33209	2295000	0.006876062	5811.9243	-0.011209875	-1892.002	16.257185	0.70541954	5245.722412347794
459	4469.964	58.93469	4579.6987	4408.1104	1000.0	417.47012	23.748734	453.5996	146.71754	2300000	-0.005554437	7493.2734	-0.014464404	-1637.2485	16.190012	0.59339696	5258.868456840515
460	4547.727	110.068344	4685.9316	4413.6436	1000.0	392.86877	40.08997	439.746	132.2604	2305000	0.08782475	8654.607	-0.014111623	-1876.7544	16.206146	0.6675927	5274.116058111191
461	4519.147	66.031685	4618.5264	4420.826	1000.0	389.80316	64.174194	453.80475	132.84299	2310000	-0.049975548	8483.392	-0.01431172	-2875.5088	16.262432	0.6184431	5287.189045906067
462	4510.97	57.343124	4587.0356	4443.709	1000.0	417.57047	22.37735	462.06097	212.18736	2315000	-0.026262518	7726.342	-0.0123368725	-1034.8203	16.130768	0.6475733	5300.5461049079895
463	4487.5063	52.39323	4589.71	4440.437	1000.0	394.37088	39.4423	454.59586	168.04062	2320000	-0.07822906	7442.395	-0.014911026	-2125.9214	16.282557	0.6736843	5314.222675085068
464	4502.6436	36.26473	4540.616	4446.253	1000.0	405.00797	33.062164	443.7893	137.25189	2325000	0.006022052	6742.8423	-0.0122250095	-2958.547	16.332775	0.7787893	5327.712473869324
465	4507.5312	28.70143	4526.003	4450.813	1000.0	382.35284	78.06316	456.9909	80.719055	2330000	0.10437149	7990.525	-0.013753906	-3415.5186	16.189688	0.63101614	5340.60462975502
466	4504.736	60.64545	4594.7676	4431.0903	1000.0	423.62076	31.514368	481.68335	191.52379	2335000	0.01969198	7178.232	-0.019051451	-1983.2915	16.273823	0.71813357	5353.861498594284
467	4484.119	67.03047	4585.099	4385.665	1000.0	401.53867	31.847437	452.11166	188.38818	2340000	-0.0395295	7431.317	-0.013181597	-2566.9966	16.124475	0.59214175	5367.076606273651
468	4490.428	51.9324	4554.1284	4410.354	1000.0	393.95816	65.889694	457.96988	148.56691	2345000	0.016669897	11497.339	-0.016229557	-4496.7915	16.25435	0.65707225	5380.45086812973
469	4505.0186	20.474623	4537.4907	4480.8545	1000.0	403.4176	29.979828	447.03818	190.32066	2350000	-0.058639795	6695.1646	-0.012967385	-2101.2676	16.201021	0.69373435	5393.1986355781555
470	4481.4297	44.0102	4531.802	4411.584	1000.0	402.97784	47.080334	461.32367	4.5879846	2355000	0.05570109	5300.2666	-0.013543777	-1085.2217	16.212093	0.6681514	5408.294478178024
471	4523.595	22.035364	4542.926	4480.6733	1000.0	415.40747	43.615017	461.10587	186.79115	2360000	-0.032955743	9863.313	-0.016301118	-2123.92	16.252731	0.69266504	5421.318855762482
472	4480.8877	69.47861	4601.7085	4392.411	1000.0	409.78876	21.017069	456.26245	275.60107	2365000	-0.011769031	6900.7905	-0.014240307	-1657.4434	16.393208	0.758588	5434.400597572327
473	4493.8423	74.46072	4619.614	4417.2715	1000.0	397.22562	41.38532	427.94815	144.75027	2370000	-0.049278874	7074.824	-0.014055137	-1870.5249	16.263348	0.6872033	5447.526701927185
474	4478.276	44.863213	4533.3545	4409.381	1000.0	403.7011	32.710514	437.22443	149.18007	2375000	0.0060672974	6976.1055	-0.011742005	-1174.2754	16.356218	0.8062457	5460.738571166992
475	4463.2876	32.546112	4521.1113	4428.9165	1000.0	405.19775	34.970554	427.54855	188.1683	2380000	-0.040180672	6907.787	-0.010819517	-772.07324	16.364416	0.8107859	5474.1149871349335
476	4494.046	38.741104	4550.319	4430.908	1000.0	398.12622	33.681023	427.59464	193.6128	2385000	-0.032356653	6986.812	-0.014135558	-1689.2671	16.287338	0.7123667	5487.300070285797
477	4486.3164	87.28352	4635.036	4374.465	1000.0	413.92554	18.657558	439.6564	212.32448	2390000	0.029687395	7427.8887	-0.018093517	-1023.3467	16.303732	0.68954766	5500.3768429756165
478	4484.8833	39.10519	4547.198	4440.215	1000.0	398.20932	36.585144	444.62207	156.57935	2395000	0.0022620116	7305.9814	-0.01081289	-1347.2769	16.234077	0.6602871	5512.936085700989
479	4501.1313	31.645433	4559.3423	4462.7783	1000.0	407.9646	25.647217	451.11346	158.16357	2400000	-0.028167872	7176.7056	-0.013064725	-1289.1768	16.197569	0.65021616	5525.627195596695
480	4504.1753	44.43152	4574.48	4450.8022	1000.0	390.94434	59.04818	431.14648	87.252945	2405000	-0.022510339	6485.7285	-0.013982277	-1739.0186	16.260742	0.68888897	5541.069504022598
481	4510.6216	36.830418	4544.459	4447.1753	1000.0	383.52267	71.196236	454.29633	105.839005	2410000	-0.032464318	6805.1665	-0.011368614	-2713.3762	16.248981	0.7260689	5553.999274492264
482	4515.694	63.75151	4592.0854	4436.048	1000.0	404.66055	59.857002	459.85373	178.63205	2415000	0.021266373	8021.6494	-0.01341705	-2528.2183	16.186155	0.7165899	5566.774742603302
483	4503.2266	64.68113	4597.5967	4396.0127	1000.0	411.63193	35.145985	465.11212	165.30344	2420000	0.05768436	7480.115	-0.010780316	-1854.7144	16.169594	0.685799	5579.570561408997
484	4484.713	97.183075	4666.9443	4392.984	1000.0	417.4012	17.172585	454.94604	112.7628	2425000	0.06802506	7671.9634	-0.012470752	-1274.5762	16.225847	0.7094047	5591.844166994095
485	4456.911	48.550995	4516.5356	4383.4663	1000.0	407.0352	27.181198	452.4586	169.74896	2430000	-0.12050751	7996.8657	-0.01441142	-1148.0752	16.273062	0.7303744	5603.725767850876
486	4521.3643	29.54279	4557.769	4479.6646	1000.0	382.0269	54.739	430.66296	178.64604	2435000	0.071518324	7018.1	-0.012240827	-2065.9902	16.2399	0.7018974	5615.767700433731
487	4531.4985	55.749104	4611.2407	4469.9272	1000.0	399.6085	54.4666	452.43802	203.04675	2440000	-0.06430399	4713.687	-0.014345162	-1133.791	16.228535	0.6963983	5628.410592079163
488	4507.343	39.169247	4558.3516	4452.8257	1000.0	408.86377	60.65555	461.24936	213.47327	2445000	0.11680464	5589.036	-0.01260934	-1239.2007	16.218904	0.6988775	5640.783825159073
489	4510.6753	64.04181	4635.5474	4464.192	1000.0	420.65784	18.51892	470.02304	181.10677	2450000	-0.020155683	7292.1255	-0.010927288	-996.89746	16.340126	0.7225868	5654.160641670227
490	4470.0747	66.22468	4567.35	4370.871	1000.0	400.71658	27.243534	459.70297	251.00108	2455000	-0.03456455	7523.273	-0.014834262	-2528.6367	16.300922	0.70637476	5668.200488090515
491	4493.0205	50.62381	4559.9385	4438.6357	1000.0	398.5292	53.794857	456.0648	161.78886	2460000	0.045557104	6416.5337	-0.010239489	-1576.4517	16.17868	0.6312715	5680.496867418289
492	4488.733	49.888435	4537.9297	4407.618	1000.0	412.4072	23.380764	438.60873	208.75444	2465000	-0.09040814	6665.56	-0.010892533	-1479.9077	16.20189	0.6676519	5692.709060430527
493	4487.78	53.635704	4589.367	4439.7725	1000.0	401.3313	37.249157	445.84952	161.47377	2470000	0.029233148	6725.7026	-0.013756781	-1900.1108	16.206604	0.7035635	5704.53853225708
494	4467.297	31.06344	4498.66	4414.95	1000.0	387.3328	72.20826	438.3606	114.84716	2475000	-0.000111901856	8016.01	-0.014272644	-2528.8477	16.135303	0.60146165	5716.685759067535
495	4488.742	49.628452	4570.6865	4431.2197	1000.0	416.24234	21.55117	436.8102	218.64229	2480000	0.01412247	7614.644	-0.014339395	-791.2051	16.247074	0.64435613	5728.97242307663
496	4546.378	61.38356	4618.899	4460.264	1000.0	391.20206	40.061703	439.93088	22.573837	2485000	0.026231732	7417.0034	-0.016450007	-2033.8291	16.289377	0.7466011	5740.909097671509
497	4496.8276	54.1256	4573.4043	4403.7725	1000.0	396.51794	53.671318	461.87152	182.42792	2490000	0.06140393	7800.377	-0.013321571	-2042.3052	16.057138	0.60290515	5752.856721878052
498	4556.7417	29.909435	4607.349	4513.8315	1000.0	417.15875	27.57516	450.28928	224.37163	2495000	-0.10126542	7516.317	-0.011678264	-524.8379	16.23793	0.6838983	5764.952162742615
499	4486.79	27.60334	4514.146	4451.3135	1000.0	412.36636	14.033252	458.06485	239.78671	2500000	-0.052341502	7375.208	-0.012637008	-1022.2363	16.237091	0.64403224	5778.997328519821
