Epoch	AverageEpRet	StdEpRet	MaxEpRet	MinEpRet	EpLen	AverageVVals	StdVVals	MaxVVals	MinVVals	TotalEnvInteracts	LossPi	LossV	DeltaLossPi	DeltaLossV	Entropy	KL	Time
0	4557.286	60.937675	4651.1797	4478.0576	1000.0	0.040712234	0.80384827	2.4726946	-2.9980524	5000	-0.0044333604	177847.56	-0.085362144	-11314.719	17.011053	1.3796334	21.74950933456421
1	4468.2446	42.35215	4518.2627	4419.1997	1000.0	13.570237	2.1932456	14.182575	-10.01243	10000	-0.106893234	161308.6	-0.04514017	-5254.5	17.129122	1.4944588	33.14339637756348
2	4588.319	72.21997	4663.779	4464.586	1000.0	20.144644	2.0230958	20.392765	-19.014729	15000	-0.07138926	162769.56	-0.04053706	-4630.5	16.99513	1.3713744	45.03783297538757
3	4509.064	40.02948	4557.048	4441.3003	1000.0	25.972351	1.6026096	26.118233	-22.736803	20000	0.043992527	153438.62	-0.028027264	-4219.578	17.082157	1.4366592	56.460612535476685
4	4570.6367	98.67474	4732.732	4438.4814	1000.0	31.353956	2.2168462	31.555191	-25.787603	25000	-0.11316907	153703.08	-0.027158864	-4208.1875	17.111574	1.4676532	68.04710626602173
5	4481.6245	57.45852	4569.393	4395.1514	1000.0	36.84347	1.0828267	36.91499	-1.0550792	30000	0.027784757	142850.66	-0.023009177	-3817.7188	17.079468	1.4837644	79.76548624038696
6	4515.7695	50.074505	4611.698	4466.259	1000.0	42.003983	1.8539253	42.091187	-38.724323	35000	-0.062191255	142465.45	-0.022399202	-3773.2344	17.085934	1.476012	91.32617211341858
7	4553.8647	97.1874	4733.157	4448.7285	1000.0	47.197105	0.7994189	47.237736	9.863117	40000	-0.08022356	141521.81	-0.020944431	-3757.5	17.12961	1.4671924	103.015127658844
8	4461.495	51.768433	4526.211	4418.4775	1000.0	52.33673	0.98944724	52.384144	10.304235	45000	-0.04870026	131032.4	-0.016330536	-3502.2578	17.147526	1.5697669	114.66606640815735
9	4492.796	61.702866	4573.2925	4427.7896	1000.0	57.333942	0.87457836	57.37349	17.972574	50000	-0.046460204	129541.51	-0.018539697	-3456.5938	17.057293	1.4612758	126.14265036582947
10	4523.3164	114.19268	4702.9272	4405.762	1000.0	62.279	1.4298494	62.33812	-0.2958622	55000	0.0055259825	128076.555	-0.019046899	-3445.1719	17.15649	1.5447385	138.7580909729004
11	4472.8135	59.22949	4587.333	4417.5713	1000.0	67.19067	2.2537334	67.30055	-37.398586	60000	0.03646385	121296.88	-0.014514841	-3331.2656	17.11631	1.4630303	150.68776416778564
12	4554.382	130.70102	4722.44	4340.749	1000.0	72.05837	2.494183	72.17627	-44.367413	65000	-0.14449331	122661.195	-0.017255053	-3392.3047	17.155035	1.6120976	162.35560059547424
13	4473.3047	29.895	4515.6035	4439.421	1000.0	77.033966	2.2138693	77.09401	-66.97474	70000	0.008174304	114833.64	-0.016383087	-3153.8672	17.143576	1.5956364	173.9648687839508
14	4515.0137	76.14318	4662.258	4457.2944	1000.0	81.887184	0.54712355	81.9034	46.034046	75000	-0.09290574	114666.85	-0.014575914	-3143.0625	17.097504	1.5216388	185.39451479911804
15	4503.4775	56.016373	4581.2812	4417.883	1000.0	86.668365	2.0685716	86.73591	-24.809137	80000	-0.04203912	110191.695	-0.014772568	-3082.9453	17.069696	1.4758961	197.2966332435608
16	4483.1406	67.5964	4617.19	4440.95	1000.0	91.47419	0.9564737	91.51872	41.395668	85000	0.02693222	106271.12	-0.01365441	-2973.5234	17.115585	1.4907743	209.38794827461243
17	4539.6367	88.46202	4689.5996	4416.5347	1000.0	96.23281	0.58942443	96.25184	59.476078	90000	-0.07663023	106116.016	-0.014050886	-2971.3516	17.084278	1.4947203	221.36747097969055
18	4514.7207	61.434917	4620.176	4428.488	1000.0	100.96845	1.2991318	101.01349	22.103638	95000	0.0383516	103237.195	-0.013804346	-2912.6094	17.011005	1.458439	233.13635087013245
19	4456.284	54.797928	4527.1055	4389.794	1000.0	105.68376	2.3530478	105.7449	-37.29712	100000	0.05022925	95792.516	-0.014191072	-2748.2812	17.229841	1.6006919	245.42947626113892
20	4500.912	57.81873	4600.287	4431.027	1000.0	110.31465	1.5254192	110.35469	16.196144	105000	-0.09663501	95902.05	-0.017375037	-2758.1484	17.262657	1.6173246	257.52704644203186
21	4579.149	64.94076	4703.8423	4517.696	1000.0	114.92902	2.7631981	114.998024	-29.457346	110000	-0.022956219	97023.18	-0.013950989	-2838.6406	17.16486	1.4838119	269.520555973053
22	4533.792	70.747925	4636.1753	4454.7676	1000.0	119.60162	2.270839	119.70861	35.096024	115000	-0.035760902	91598.414	-0.015307751	-2722.8125	17.091318	1.4728664	281.35323667526245
23	4468.3027	65.807625	4596.902	4422.0195	1000.0	124.21832	3.4838006	124.33349	-23.84699	120000	-0.052009974	86031.52	-0.014617953	-2574.8984	17.157564	1.5492234	293.0930941104889
24	4555.7354	49.58512	4626.416	4478.499	1000.0	128.73938	3.4841385	128.85294	-56.59049	125000	-0.09373037	88630.414	-0.013299882	-2655.1953	17.154984	1.6215943	304.94359159469604
25	4551.307	65.19786	4639.058	4458.0625	1000.0	133.39076	2.4927998	133.45786	5.064269	130000	-0.032107145	85061.26	-0.010393638	-2570.211	17.226385	1.5881267	317.0090367794037
26	4524.8896	70.26076	4656.593	4458.465	1000.0	138.01782	1.1160895	138.0419	61.203087	135000	-0.038572133	81717.82	-0.016718712	-2456.3516	17.1301	1.5543263	328.61251759529114
27	4593.095	91.077286	4739.1123	4516.51	1000.0	142.5288	1.8732038	142.57457	20.980528	140000	-0.10082527	82367.6	-0.014618345	-2496.8047	17.154072	1.5666362	340.1210823059082
28	4490.581	126.72558	4697.8506	4308.4756	1000.0	147.07613	2.0637121	147.14883	45.077286	145000	0.043609254	74959.27	-0.011512425	-2310.0703	17.15281	1.5303211	351.73973846435547
29	4454.6255	28.383059	4486.584	4407.976	1000.0	151.54007	1.7967769	151.57242	25.075678	150000	-0.15554214	71286.19	-0.012372389	-2196.664	17.13578	1.5915346	363.4733421802521
30	4440.8022	33.573254	4489.7417	4387.018	1000.0	155.91331	0.66560304	155.92801	111.596756	155000	-0.10832696	67636.4	-0.015655853	-2088.086	17.184315	1.5333223	375.9872634410858
31	4450.5303	61.997585	4568.6226	4394.2695	1000.0	160.17747	1.2374643	160.22028	88.97653	160000	-0.047540884	66173.15	-0.012601644	-2076.254	17.276674	1.6681367	387.69154500961304
32	4477.6543	76.676025	4542.628	4335.144	1000.0	164.49547	0.31671587	164.50728	149.28815	165000	0.05875479	65810.516	-0.014251243	-2065.0703	17.08874	1.5437036	399.35141825675964
33	4521.799	136.50159	4750.1587	4376.4673	1000.0	168.78188	1.5017561	168.82823	98.35436	170000	0.04651488	64923.57	-0.013728209	-2080.0312	17.142088	1.6215603	411.29272508621216
34	4477.4136	44.424892	4543.5186	4417.384	1000.0	173.12854	2.4015615	173.1715	4.2465706	175000	-0.08941306	61101.312	-0.011805527	-1988.8438	17.287863	1.7170031	422.7953929901123
35	4486.5444	33.744766	4546.5835	4446.929	1000.0	177.4426	0.20860693	177.44888	167.2121	180000	0.04603227	60023.055	-0.013129864	-1932.4961	17.096737	1.5049299	434.31656312942505
36	4542.9478	81.74168	4643.7686	4451.097	1000.0	181.63464	3.9165053	181.71823	-81.03819	185000	-0.0025305054	59954.688	-0.010027228	-2012.0234	17.163029	1.66211	446.1412138938904
37	4551.672	53.314667	4635.938	4472.507	1000.0	186.00206	1.1235844	186.03603	115.55331	190000	0.07638368	59239.46	-0.016287085	-1963.0078	17.175167	1.5674713	457.65048599243164
38	4538.2344	36.817078	4587.187	4500.212	1000.0	190.3605	0.6467561	190.37614	156.37097	195000	-0.048996948	56703.31	-0.011176221	-1885.7227	17.218637	1.6351024	469.19445753097534
39	4539.092	106.49706	4695.412	4412.1064	1000.0	194.65215	0.8001311	194.67596	153.51405	200000	-0.032546546	54961.082	-0.014306251	-1825.7734	17.165398	1.6045119	480.9884626865387
40	4576.7896	34.9248	4641.056	4538.539	1000.0	198.87117	1.3737742	198.91983	128.07968	205000	-0.04679186	54653.14	-0.01213859	-1845.5312	17.196163	1.5617939	493.64838099479675
41	4498.2803	70.84204	4573.813	4374.4937	1000.0	203.13527	4.2777104	203.20576	-98.837685	210000	-0.019955955	49018.84	-0.0096970145	-1720.6133	17.129438	1.5400883	505.0912787914276
42	4495.874	105.54866	4631.2373	4354.2603	1000.0	207.2618	5.590277	207.35657	-185.07227	215000	-0.031267934	48076.402	-0.011656847	-1659.6289	17.0736	1.5169423	516.8598234653473
43	4498.88	56.12455	4601.895	4444.3755	1000.0	211.46864	0.13458028	211.47395	203.90346	220000	-0.02669038	46279.29	-0.01104621	-1593.1641	17.235966	1.6860104	528.8965256214142
44	4489.9663	57.05388	4566.2754	4406.515	1000.0	215.55057	0.89220005	215.57687	165.03275	225000	-0.038850456	44408.305	-0.010754157	-1537.0586	17.233913	1.7276382	540.6841444969177
45	4490.8115	45.189125	4558.0776	4436.1562	1000.0	219.5471	3.487809	219.62808	-11.517302	230000	0.008407971	42209.723	-0.01452261	-1508.1367	17.080978	1.5658095	552.9823379516602
46	4493.4453	31.17952	4544.0625	4452.2036	1000.0	223.56384	3.494198	223.62378	-22.076263	235000	-0.019412726	40772.473	-0.015864588	-1486.1055	17.264322	1.6573642	564.853725194931
47	4468.0244	29.810509	4510.0034	4427.446	1000.0	227.61295	0.74907595	227.63542	180.24632	240000	5.119629e-05	38757.945	-0.013828223	-1385.332	17.200502	1.6138322	576.2755072116852
48	4490.369	15.838162	4516.8657	4470.072	1000.0	231.52985	2.7561898	231.58351	41.59881	245000	-0.060819604	38302.324	-0.011972792	-1393.8828	17.217297	1.6188996	587.7612335681915
49	4576.0903	47.75797	4625.0815	4499.7563	1000.0	235.5092	0.89460707	235.54292	190.7276	250000	-0.08289446	39985.477	-0.011247575	-1463.4141	17.252428	1.6014855	599.5280845165253
50	4516.4385	81.51301	4629.4277	4380.8965	1000.0	239.58232	3.825301	239.649	-28.720333	255000	-0.0014462769	36382.113	-0.011258801	-1363.207	17.23691	1.6041125	612.0989000797272
51	4507.5127	85.33002	4659.7285	4418.1763	1000.0	243.6004	0.9441767	243.62659	189.19226	260000	-0.010996912	34723.72	-0.011200696	-1280.5117	17.267117	1.6703602	624.0622222423553
52	4481.5303	63.123272	4560.793	4396.0996	1000.0	247.533	0.26208115	247.54346	235.58444	265000	-0.13992217	33164.598	-0.0123193115	-1224.1602	17.348196	1.6908106	635.8493325710297
53	4517.6416	34.49827	4578.052	4471.7812	1000.0	251.37633	1.4221362	251.40851	156.34436	270000	-0.10832532	32930.76	-0.013368651	-1218.3672	17.286303	1.6632515	647.9567279815674
54	4476.841	83.80813	4599.0977	4391.501	1000.0	254.6805	15.099517	255.29086	-234.52206	275000	-0.02154463	30602.938	-0.01405997	-1544.4961	17.259384	1.7250067	659.6747715473175
55	4512.0347	49.065033	4585.0664	4453.2344	1000.0	259.0378	1.0075742	259.06644	206.81622	280000	-0.0099813845	29772.5	-0.012849785	-1127.2578	17.170467	1.5897524	671.7002394199371
56	4535.717	75.0234	4681.515	4472.981	1000.0	262.80905	3.8857388	262.88092	-2.759591	285000	-0.0016352906	29561.328	-0.010454678	-1155.1484	17.317503	1.7464226	683.3025364875793
57	4503.7026	88.806015	4657.802	4409.714	1000.0	266.56778	4.7514443	266.70615	-12.6127615	290000	0.02233006	27382.041	-0.0142075755	-1098.9219	17.188585	1.6326561	694.932051897049
58	4510.3823	111.20879	4654.2363	4331.752	1000.0	270.4362	0.64982146	270.45987	239.72081	295000	-0.04808643	26899.408	-0.016590897	-1012.3008	17.293486	1.7118621	706.602002620697
59	4524.4033	106.896645	4731.9614	4446.6616	1000.0	274.10654	3.2901475	274.18414	60.497948	300000	0.00069109496	26179.951	-0.01912715	-1001.0586	17.36636	1.7306634	718.3819861412048
60	4520.432	49.302475	4599.6396	4467.7427	1000.0	277.8459	1.2663906	277.88406	197.58464	305000	-0.08286459	25342.098	-0.011513874	-979.8828	17.249949	1.6783882	730.892570734024
61	4510.608	76.932915	4611.385	4408.568	1000.0	281.57626	0.9105129	281.60724	224.70134	310000	-0.08450799	24155.203	-0.012401119	-916.4414	17.231277	1.6615043	742.576557636261
62	4412.956	30.74561	4457.4956	4370.499	1000.0	285.25003	0.24969855	285.2585	271.33994	315000	-0.13656648	20341.004	-0.009961382	-757.41016	17.334488	1.7693571	754.0348665714264
63	4461.206	53.859684	4545.19	4378.924	1000.0	288.61115	1.6194131	288.63998	174.80185	320000	0.030026443	21067.098	-0.012337973	-793.4297	17.3584	1.7022729	765.8962807655334
64	4485.3516	83.64856	4651.0083	4427.1597	1000.0	292.0898	0.18936042	292.09457	280.45895	325000	0.051412355	20739.68	-0.011113685	-787.4629	17.339598	1.791812	777.5206952095032
65	4515.371	69.085884	4596.618	4400.995	1000.0	295.57935	0.5760548	295.59418	258.23392	330000	0.032950696	20400.982	-0.014372718	-798.67773	17.230465	1.7394664	789.502149105072
66	4532.1807	52.232685	4633.6035	4495.0957	1000.0	299.08698	3.277778	299.1385	67.75634	335000	0.018925883	19899.953	-0.010591154	-796.71875	17.293592	1.6718175	801.0658667087555
67	4474.4414	40.47461	4513.9883	4397.6216	1000.0	302.64194	2.7658405	302.695	116.85148	340000	-0.010629052	18120.137	-0.015508899	-692.06055	17.35485	1.7984833	812.6675012111664
68	4482.991	38.9442	4544.0366	4427.717	1000.0	306.0046	2.401897	306.0633	157.95909	345000	0.053824987	17691.955	-0.008838121	-681.49414	17.343285	1.7474387	824.2141902446747
69	4534.668	80.48994	4675.681	4472.928	1000.0	309.40805	1.0130367	309.42996	242.90488	350000	-0.09901274	18319.553	-0.014126785	-687.6719	17.234177	1.6768953	835.9415183067322
70	4513.096	59.81261	4606.5576	4435.623	1000.0	312.85742	0.675476	312.8807	279.11438	355000	-0.010250708	17306.066	-0.011718066	-670.03125	17.270607	1.7449489	848.2262902259827
71	4485.919	29.66687	4538.044	4446.2207	1000.0	316.2321	1.0709685	316.2637	261.79797	360000	-0.0051339297	15481.765	-0.014064505	-585.3086	17.333876	1.7689114	860.185455083847
72	4487.733	54.677074	4546.79	4406.112	1000.0	319.4526	1.4869896	319.50696	254.73509	365000	0.07217842	15045.283	-0.011416759	-552.9697	17.197538	1.739445	871.9237534999847
73	4486.057	74.81738	4621.055	4415.6313	1000.0	322.517	6.4131174	322.69757	-23.845654	370000	0.06664477	14873.719	-0.013911631	-567.8037	17.430767	1.8222411	883.5264837741852
74	4586.5186	136.50188	4756.436	4364.888	1000.0	325.77185	1.7591367	325.81403	219.85466	375000	0.0048471713	16467.518	-0.010144232	-616.69336	17.180992	1.6083512	895.0842201709747
75	4533.523	99.41423	4633.4136	4347.3843	1000.0	329.2183	1.3994522	329.24966	248.65071	380000	0.022544714	14789.216	-0.010243005	-517.3916	17.263721	1.6704965	906.9393196105957
76	4577.1885	40.043743	4627.6406	4526.6416	1000.0	332.4497	0.68807894	332.47418	298.70016	385000	0.008197428	14649.853	-0.0169808	-522.52734	17.257914	1.731445	918.773042678833
77	4545.292	110.32914	4643.7886	4386.918	1000.0	335.71295	1.0396742	335.74045	274.55664	390000	-0.032308824	14138.789	-0.015162002	-479.06445	17.337297	1.8049546	930.9941785335541
78	4509.4893	70.683395	4635.2236	4420.031	1000.0	338.8434	0.985723	338.87732	278.56113	395000	-0.06441012	12963.648	-0.010804556	-410.3877	17.405033	1.8255129	942.4625480175018
79	4504.453	86.478134	4626.587	4404.0654	1000.0	341.81256	0.36357313	341.82382	317.7434	400000	0.020180548	12687.709	-0.011195831	-385.8252	17.457516	1.7726074	954.0948827266693
80	4558.368	45.401707	4615.588	4499.4507	1000.0	344.23978	10.835275	344.69745	-93.75248	405000	0.1351444	12642.419	-0.0118196905	-556.74414	17.205956	1.6057631	967.0764064788818
81	4493.2144	81.16317	4646.3003	4406.481	1000.0	347.64474	0.6455385	347.6661	313.93985	410000	-0.012620413	10989.478	-0.0107094245	-499.9004	17.31158	1.7530336	978.8668177127838
82	4523.92	50.088806	4583.2427	4449.356	1000.0	349.54642	9.918695	350.38577	63.658646	415000	0.122539036	11845.9	-0.012858957	-594.0664	17.325384	1.771109	990.2903623580933
83	4544.999	97.88463	4652.069	4414.316	1000.0	353.17334	1.1006244	353.21848	294.90176	420000	-0.11256925	11533.215	-0.014932312	-320.80664	17.251007	1.7390418	1002.0828282833099
84	4469.3594	11.58258	4490.1367	4456.463	1000.0	355.87833	2.183411	356.0078	269.19705	425000	-0.035847045	10292.6875	-0.012633428	-308.20898	17.32675	1.719082	1013.5757331848145
85	4477.759	31.422405	4515.0107	4426.486	1000.0	358.37134	3.3845062	358.45938	130.17674	430000	-0.044591658	10199.016	-0.012758445	-260.46387	17.327913	1.7281965	1025.2271230220795
86	4466.326	61.288986	4565.1743	4375.155	1000.0	360.37128	11.434937	360.90924	-166.66776	435000	0.011630139	9657.148	-0.012516333	-553.8418	17.374184	1.8731008	1036.7483932971954
87	4536.5923	116.52849	4696.2363	4344.7534	1000.0	362.5556	4.6687837	363.2654	245.96846	440000	0.007417688	10415.289	-0.0126542915	-671.251	17.100348	1.6287876	1048.3907759189606
88	4514.879	69.02678	4577.7812	4412.471	1000.0	362.15784	9.091632	365.8487	223.02158	445000	-0.11309474	10340.981	-0.015301816	-824.4502	17.234016	1.6319791	1059.8566732406616
89	4536.947	62.758305	4651.333	4463.0566	1000.0	366.16812	12.693927	368.31427	-282.69284	450000	-0.008517163	10446.773	-0.012789657	-1446.4365	17.311054	1.7534354	1071.5707387924194
90	4551.821	69.67351	4685.3745	4501.437	1000.0	364.79034	15.694996	370.90173	187.74327	455000	-0.028520493	10239.661	-0.013357652	-1494.7617	17.343842	1.7479067	1084.3724172115326
91	4599.932	97.364	4707.1196	4449.913	1000.0	367.70255	17.434729	373.56427	106.17464	460000	-0.03383215	10786.266	-0.013443366	-1375.0928	17.314346	1.7409843	1096.1891720294952
92	4544.65	75.94409	4690.0107	4466.892	1000.0	375.64056	6.239081	376.1967	48.722298	465000	-0.024463933	9368.301	-0.015423495	-273.99023	17.37144	1.7901391	1107.959532737732
93	4500.7603	102.725655	4703.646	4419.544	1000.0	377.81625	4.8879004	378.45523	272.2273	470000	0.06810777	8718.392	-0.011132598	-227.95801	17.102364	1.5496279	1119.7610139846802
94	4520.41	128.13383	4742.285	4394.5693	1000.0	379.3963	8.108575	380.41864	14.187597	475000	0.021774286	9180.652	-0.013658222	-487.59375	17.260843	1.7550648	1131.9445579051971
95	4519.751	89.689064	4672.902	4422.5825	1000.0	380.19583	6.3529778	382.47888	272.01395	480000	-0.06379138	9067.82	-0.015865594	-547.75684	17.376493	1.7782799	1143.5413823127747
96	4529.3765	85.53305	4656.388	4431.9424	1000.0	380.87775	9.133527	384.42203	194.04437	485000	0.041254785	9485.112	-0.013369421	-2245.7397	17.314997	1.8061658	1155.0582048892975
97	4500.2686	23.160694	4528.9155	4463.6177	1000.0	376.0436	19.978941	386.63647	175.09883	490000	0.1610927	8944.762	-0.008756101	-1543.1177	17.30413	1.7518219	1166.781443119049
98	4480.708	39.38763	4524.671	4430.6626	1000.0	383.88516	14.518919	388.69058	196.33334	495000	-0.06837891	8174.7993	-0.01908826	-1298.1655	17.331106	1.7879269	1179.1320180892944
99	4569.946	71.193375	4667.9517	4466.7017	1000.0	383.4468	15.9614	390.35666	257.39667	500000	0.012578991	9171.106	-0.01152973	-1575.937	17.402246	1.8793416	1191.1668980121613
100	4556.8726	61.39702	4639.5205	4491.6104	1000.0	387.13364	14.364829	392.47925	274.14316	505000	-0.04933476	8758.107	-0.0158027	-1639.4097	17.32206	1.8249655	1203.7520859241486
101	4483.211	102.86044	4672.9478	4389.753	1000.0	377.95334	26.79072	394.61053	244.50067	510000	-0.05014413	8565.169	-0.011848863	-2213.2905	17.393692	1.7626972	1215.1108162403107
102	4532.239	97.741905	4702.269	4406.2827	1000.0	389.58325	17.667295	396.34433	107.78697	515000	0.07558274	8745.892	-0.015682768	-2256.0679	17.364569	1.7427236	1226.8179669380188
103	4541.956	51.6573	4625.1836	4473.3096	1000.0	388.9168	20.493933	398.19925	236.75815	520000	0.06531956	8451.976	-0.013529565	-1594.0874	17.373938	1.7800299	1238.5167322158813
104	4482.208	71.173996	4593.327	4371.3477	1000.0	380.83936	28.712852	399.9615	192.33403	525000	-0.05486312	9609.097	-0.013592359	-3529.1914	17.281809	1.7515012	1250.2888419628143
105	4509.6543	106.83963	4670.5063	4360.561	1000.0	379.26465	38.74681	401.33173	93.96733	530000	0.04791924	10500.9795	-0.012425415	-3943.0469	17.40811	1.8304797	1261.9209787845612
106	4580.1846	80.77725	4705.8545	4490.811	1000.0	389.13364	25.398338	402.90488	76.150925	535000	0.011471637	9635.423	-0.012866784	-2463.665	17.282429	1.7204748	1273.4933669567108
107	4472.246	51.718575	4565.999	4421.628	1000.0	393.17545	22.625916	404.53903	192.19511	540000	-0.1014921	7898.7134	-0.0129611865	-2599.6758	17.43771	1.8692526	1285.2240102291107
108	4524.403	75.182396	4634.5664	4449.2383	1000.0	384.3071	33.598267	405.84595	186.94865	545000	0.15148005	10243.087	-0.012032613	-3107.4702	17.373919	1.7392238	1296.8651049137115
109	4478.726	63.020546	4565.615	4388.4756	1000.0	394.3647	24.248844	407.00253	212.75737	550000	-0.08613473	9231.912	-0.010744393	-2410.3682	17.514498	1.9629053	1308.0466895103455
110	4604.402	67.3311	4702.861	4516.4487	1000.0	390.9334	28.253967	408.1784	138.12035	555000	0.00042038574	9614.086	-0.01722406	-2719.3965	17.258879	1.7193778	1320.614928483963
111	4480.913	68.685524	4557.542	4353.848	1000.0	396.06497	24.482052	410.13162	191.02727	560000	-0.052086335	8284.864	-0.010721359	-2200.8042	17.314514	1.7073568	1332.203669309616
112	4527.4297	37.966255	4602.2905	4497.9385	1000.0	389.1666	30.933903	411.14618	210.28145	565000	0.03380341	9057.124	-0.013576912	-3149.6152	17.174965	1.6604387	1343.980028629303
113	4546.374	56.226826	4627.2866	4495.49	1000.0	395.98563	29.830183	412.3984	134.85605	570000	0.0994187	9378.276	-0.012784205	-2416.6333	17.219194	1.6883154	1355.525531053543
114	4524.2305	66.62305	4623.6426	4420.1875	1000.0	387.1915	38.90432	413.57532	127.06966	575000	0.055675007	9758.288	-0.012979396	-3429.9697	17.483732	1.8394855	1368.1029968261719
115	4531.062	105.554184	4730.2695	4418.0767	1000.0	396.81445	31.608864	414.54016	141.66322	580000	0.036249194	8993.489	-0.013180396	-2975.2183	17.401112	1.8266191	1380.3540172576904
116	4472.2725	35.05937	4523.634	4420.4863	1000.0	394.4127	34.612713	415.75714	80.57035	585000	-0.12463368	8581.899	-0.013232596	-3027.0034	17.47695	1.8675908	1391.8125219345093
117	4522.5464	14.345785	4538.961	4505.537	1000.0	397.07303	31.627726	416.43954	187.55399	590000	-0.047384813	8733.334	-0.015356615	-2245.9302	17.323778	1.7570517	1403.216464996338
118	4568.9897	88.15051	4673.0903	4422.803	1000.0	403.4639	24.50474	417.10022	163.1576	595000	-0.011844281	9123.56	-0.015292324	-1806.7852	17.368038	1.7778904	1415.176794052124
119	4535.8	75.88057	4636.6777	4431.56	1000.0	396.89	33.382572	417.72058	88.100586	600000	-0.01923865	9371.764	-0.012083866	-2856.8828	17.32254	1.7324454	1426.9045178890228
120	4498.7773	91.49422	4589.4224	4356.2163	1000.0	402.2333	26.803839	418.23227	191.1749	605000	0.0016588974	8886.506	-0.014659837	-1996.6211	17.531504	2.0000575	1439.4527380466461
121	4544.979	32.281235	4592.746	4500.9385	1000.0	397.70953	28.252127	418.32037	134.74251	610000	-0.037660997	8964.7295	-0.011177432	-2056.102	17.413378	1.8190434	1450.9920823574066
122	4471.772	47.245777	4542.104	4399.4946	1000.0	399.3388	28.282518	419.00726	196.65425	615000	0.07025498	8230.832	-0.014966067	-2415.5225	17.284245	1.7095644	1462.9516456127167
123	4499.9424	31.509098	4539.166	4457.762	1000.0	394.38422	32.86548	419.29715	183.5713	620000	0.0670541	9503.837	-0.017687656	-3139.0747	17.445395	1.8005246	1474.7088811397552
124	4484.754	26.998417	4519.888	4444.2847	1000.0	399.65634	28.358362	419.76038	198.40477	625000	-0.031175794	8402.138	-0.013211338	-2431.8892	17.392063	1.7784436	1487.2814297676086
125	4516.8037	54.030163	4604.5933	4465.5835	1000.0	398.32343	31.447731	420.0365	187.70038	630000	-0.048606373	9424.211	-0.014192261	-2464.0596	17.395992	1.7495346	1498.9568037986755
126	4571.618	88.76627	4680.5254	4439.0024	1000.0	395.57098	33.110756	420.26974	85.10862	635000	0.06861973	9757.048	-0.01623442	-2849.3008	17.436926	1.8825222	1510.789379119873
127	4591.385	72.190926	4656.633	4475.3623	1000.0	401.24734	29.99671	421.3415	59.59558	640000	-0.05528983	9451.964	-0.016503956	-2601.8623	17.31202	1.7732328	1522.6578314304352
128	4557.3643	37.0812	4619.897	4511.712	1000.0	400.85355	31.125813	422.68756	143.0793	645000	-0.0017973266	9507.675	-0.014657141	-2854.0244	17.470697	1.8720437	1534.6162586212158
129	4478.6797	84.03935	4595.9873	4386.1196	1000.0	401.47482	29.745455	423.28995	212.8393	650000	-0.06273602	8239.681	-0.01194489	-2245.3208	17.316765	1.7745732	1546.3207738399506
130	4481.206	53.677994	4569.287	4419.071	1000.0	399.99503	29.873547	422.9789	189.13051	655000	-0.1017715	8679.896	-0.013835028	-2153.085	17.44842	1.8761357	1558.6369137763977
131	4486.805	77.76916	4577.878	4352.9253	1000.0	397.06036	31.404984	422.70557	221.77585	660000	-0.016619537	8659.157	-0.016899884	-2975.1724	17.453537	1.8992277	1570.2536182403564
132	4550.961	46.666176	4611.1133	4504.2524	1000.0	394.01654	37.235657	423.1765	144.88324	665000	0.07759037	9619.104	-0.014523387	-3114.0107	17.426786	1.8084671	1582.2635583877563
133	4522.254	134.60715	4782.6914	4409.193	1000.0	402.8332	30.156536	423.7523	175.95999	670000	-0.1377878	8838.949	-0.015421018	-2277.3647	17.344187	1.8084607	1593.7246294021606
134	4491.626	61.593132	4570.805	4410.3687	1000.0	402.0282	31.884426	423.84213	157.61769	675000	0.025292847	9170.445	-0.013312599	-2688.9644	17.453123	1.9226477	1605.1669602394104
135	4518.7925	71.06832	4571.9746	4380.1914	1000.0	394.60184	34.397118	423.80426	149.48418	680000	-0.085155554	8662.007	-0.014892638	-2928.0513	17.493496	1.9069096	1616.8993029594421
136	4526.872	64.25626	4643.8887	4447.6064	1000.0	398.09775	36.312386	424.81326	74.745705	685000	-0.025303919	9579.877	-0.01242549	-3069.3599	17.562304	1.9324131	1627.9860689640045
137	4542.0723	78.62237	4647.677	4410.5166	1000.0	396.56183	38.07121	425.3018	113.63502	690000	-0.04595124	9431.944	-0.014658604	-3148.7905	17.434465	1.8916359	1639.0153000354767
138	4534.858	96.95932	4721.695	4453.3765	1000.0	401.2599	33.37367	425.8112	204.60406	695000	0.015019959	8942.878	-0.014231177	-2680.5444	17.53249	1.9401317	1650.4718794822693
139	4545.354	93.56818	4692.4194	4417.7036	1000.0	399.4238	33.648647	426.29736	194.93968	700000	-0.01243667	8870.323	-0.01780622	-2445.6309	17.345928	1.7862672	1662.070071697235
140	4454.968	64.306564	4528.7754	4344.1914	1000.0	404.038	31.169485	426.77747	180.71944	705000	0.010058539	8599.321	-0.016324323	-2634.8867	17.513233	1.9502168	1674.1330244541168
141	4484.332	25.23358	4514.5737	4452.8403	1000.0	403.73932	29.39191	426.3206	186.50201	710000	-0.1758178	8447.929	-0.014245331	-2262.6016	17.530071	2.017868	1685.24729514122
142	4575.5605	51.942078	4653.697	4503.63	1000.0	388.30316	38.132214	426.75766	171.72192	715000	-0.0717615	10737.411	-0.018112823	-3507.9976	17.485096	1.9775076	1696.7050921916962
143	4590.5713	106.408066	4711.059	4443.0786	1000.0	405.79666	30.311686	427.37646	181.51892	720000	0.021213941	9385.288	-0.016249128	-2411.4136	17.62721	1.9759697	1708.0800199508667
144	4506.1304	74.913864	4637.839	4430.2554	1000.0	403.4886	32.20431	428.71393	87.42326	725000	-0.049194813	8479.015	-0.014368385	-2248.1777	17.490572	2.0180883	1719.1425211429596
145	4491.635	85.70939	4650.011	4388.7	1000.0	402.19653	34.683414	428.93607	162.39201	730000	0.033450365	9203.333	-0.014824275	-2773.4004	17.432322	1.8795683	1730.469565629959
146	4469.5283	43.610813	4554.7227	4438.2563	1000.0	396.70096	32.790585	429.75693	207.32442	735000	-0.019067291	8418.975	-0.015405439	-2604.7104	17.57015	1.9676449	1741.9337770938873
147	4607.3496	99.04689	4785.688	4496.1313	1000.0	395.4479	35.58922	429.66174	37.769623	740000	-0.0040318114	9692.384	-0.014899598	-3044.005	17.477879	1.9565426	1753.0852382183075
148	4499.6973	30.635567	4545.6113	4468.781	1000.0	405.02826	34.194717	431.1194	187.2208	745000	0.128524	8527.411	-0.012027226	-2578.5557	17.535835	1.9818819	1764.0308299064636
149	4551.1455	51.256813	4630.275	4490.7217	1000.0	403.1494	32.31022	430.90872	148.86421	750000	0.080060706	8780.091	-0.012641698	-2337.7168	17.465519	1.8926481	1775.5431320667267
150	4522.4243	68.941536	4656.595	4459.6133	1000.0	402.3857	32.780422	431.4781	166.8296	755000	0.09708118	8632.263	-0.012412466	-2508.6313	17.550303	1.9963121	1788.0864427089691
151	4584.8696	43.206203	4636.171	4528.6406	1000.0	392.34656	43.00741	432.65045	111.33803	760000	0.011158276	10414.1455	-0.014927185	-3619.629	17.381828	1.899995	1799.616534948349
152	4560.471	59.133022	4637.187	4472.893	1000.0	412.20972	28.804768	432.55533	164.801	765000	0.031982183	8555.17	-0.01313909	-2164.5317	17.492294	1.8798133	1811.094395160675
153	4508.553	91.95489	4673.762	4425.425	1000.0	401.98706	34.860218	431.95566	193.74881	770000	-0.03764961	8494.936	-0.015727635	-2553.0552	17.620888	2.023711	1822.4440534114838
154	4528.718	103.623924	4666.901	4369.7944	1000.0	407.75485	27.938435	431.92657	112.67143	775000	0.046596974	8706.367	-0.01233384	-2153.2246	17.666063	2.0404356	1833.838062286377
155	4561.5063	43.741013	4592.792	4475.935	1000.0	400.8536	37.01107	432.33313	106.96389	780000	-0.045554683	9548.208	-0.013769433	-2748.8457	17.648954	2.023974	1845.1021361351013
156	4480.7466	24.475048	4508.613	4439.4155	1000.0	409.36716	26.493969	431.37177	185.81949	785000	-8.609009e-05	7862.5454	-0.013313818	-1855.2983	17.656921	2.1333878	1856.2563734054565
157	4584.9814	105.64274	4747.04	4453.564	1000.0	400.89526	29.769331	430.4514	190.69637	790000	-0.039700665	9662.736	-0.012580976	-2244.8037	17.488462	2.0487218	1867.6654975414276
158	4521.255	70.4059	4614.245	4418.3906	1000.0	405.21924	28.171642	431.2148	-2.3212914	795000	-0.058827	8679.803	-0.011248093	-1752.8394	17.496851	1.9155319	1878.7049865722656
159	4549.167	73.83077	4683.3643	4467.164	1000.0	404.51184	26.5734	431.40375	81.98729	800000	-0.08912931	8171.738	-0.014557816	-2024.7637	17.483587	1.9434019	1889.9416818618774
160	4475.905	69.676186	4576.2896	4365.6357	1000.0	404.39996	30.51975	431.5431	164.29926	805000	-0.2243444	7818.516	-0.0155026615	-2173.2188	17.74062	2.1260118	1902.1210284233093
161	4550.151	65.58487	4631.5547	4444.711	1000.0	402.95993	31.30713	431.90924	80.48265	810000	-0.00096971437	9508.323	-0.013603101	-2315.7832	17.456923	1.9156691	1913.6125411987305
162	4510.258	68.2571	4615.3286	4428.3975	1000.0	398.19275	31.113827	431.26114	208.10916	815000	0.16162169	8714.519	-0.01693675	-2286.3354	17.455582	1.883025	1924.79834318161
163	4552.219	73.46611	4629.259	4436.739	1000.0	399.3845	28.655409	431.06226	191.41208	820000	0.12149948	8882.624	-0.015934281	-1979.7393	17.427113	1.9182037	1936.3838448524475
164	4468.15	54.083473	4555.837	4391.1533	1000.0	408.432	24.995003	432.36383	247.75998	825000	-0.025302326	8314.779	-0.013005072	-1667.4404	17.540052	2.031092	1947.6389853954315
165	4486.2217	32.73878	4520.657	4431.6567	1000.0	397.65436	24.884476	431.2011	153.38304	830000	0.21451728	8454.508	-0.011622816	-1472.0024	17.731134	2.0801349	1958.4492156505585
166	4536.8003	79.33947	4655.678	4409.419	1000.0	399.51144	26.492231	431.5881	216.34595	835000	-0.06312706	8347.93	-0.014617287	-2035.0166	17.549889	1.9405493	1969.7929542064667
167	4557.0894	106.694176	4686.33	4426.9937	1000.0	404.80276	29.689234	432.34494	151.87999	840000	-0.03074411	8876.631	-0.014565155	-2019.623	17.611877	2.050342	1981.4185500144958
168	4521.8916	91.05431	4623.419	4365.191	1000.0	402.63412	27.884308	431.93784	93.2995	845000	-0.0028505737	8084.787	-0.014952606	-1816.0083	17.51394	1.9454728	1993.004537820816
169	4487.548	29.454376	4526.0796	4451.1685	1000.0	405.2374	27.12347	433.0579	207.70412	850000	0.08121144	7874.179	-0.010670833	-1751.1665	17.635563	2.09873	2004.1800496578217
170	4521.145	54.188118	4600.3438	4463.508	1000.0	399.81143	30.020157	432.86887	181.8645	855000	-0.06166288	8770.1	-0.013429422	-1965.1772	17.594706	2.0169406	2016.265463590622
171	4552.948	62.77167	4650.97	4483.7847	1000.0	402.3835	27.497509	432.75082	204.24094	860000	-0.14749454	8258.3955	-0.015395492	-1834.498	17.589556	2.084581	2027.6081566810608
172	4563.3057	76.93896	4651.805	4476.144	1000.0	406.6235	27.843655	433.2758	187.18918	865000	0.11862931	8819.283	-0.015012376	-1890.5312	17.615753	2.0662937	2039.3613822460175
173	4475.2944	38.11232	4529.7783	4434.198	1000.0	407.2621	24.784906	433.79813	254.581	870000	-0.08632574	8067.53	-0.014382593	-1694.1494	17.658705	2.1580918	2050.542325258255
174	4480.262	95.16222	4597.132	4311.112	1000.0	401.60114	29.571798	432.3254	121.773575	875000	-0.096062325	8744.665	-0.017239995	-1779.8896	17.658913	2.0965853	2061.611480474472
175	4503.4106	56.987316	4614.7695	4459.8125	1000.0	401.9583	24.44264	430.12653	57.853058	880000	0.038684107	7977.183	-0.013971692	-1416.2109	17.643532	2.0446618	2072.9499928951263
176	4514.3916	52.931263	4604.9194	4445.2886	1000.0	402.70816	24.984118	430.10913	227.18517	885000	-0.0037042175	8080.781	-0.010211518	-1716.4502	17.647697	2.1250093	2083.7128822803497
177	4546.04	38.740105	4582.822	4476.1846	1000.0	405.2349	25.720322	430.90656	173.74954	890000	-0.046222717	8713.308	-0.017123774	-1587.563	17.610668	2.0895464	2094.9733486175537
178	4568.071	56.329742	4636.609	4488.4146	1000.0	401.2179	28.519886	431.14584	-5.206663	895000	0.033682637	8967.927	-0.01186147	-2041.9844	17.631079	2.1092384	2107.0345735549927
179	4529.0454	60.2293	4644.736	4478.3936	1000.0	406.1231	27.008072	432.33066	176.37024	900000	-0.038671255	8836.005	-0.018655136	-1663.4272	17.588257	2.0033624	2118.230345726013
180	4498.0444	42.720325	4573.06	4446.528	1000.0	404.2019	22.89227	430.82266	234.94356	905000	-0.010363086	8066.852	-0.013243896	-1375.6943	17.646875	2.1138418	2130.276440143585
181	4574.0024	55.4153	4646.1274	4484.8223	1000.0	402.562	24.924606	431.02557	228.40302	910000	-0.27288413	9041.989	-0.01589632	-1787.0898	17.811588	2.2838328	2141.7520368099213
182	4490.4414	64.81728	4607.585	4410.403	1000.0	404.23303	27.092266	432.94266	198.89127	915000	-0.089425035	8342.998	-0.015640102	-1891.7236	17.862106	2.3041706	2152.9191884994507
183	4559.125	83.27853	4678.454	4457.5205	1000.0	404.3235	25.863155	433.73157	185.08318	920000	0.0244312	8733.969	-0.014596581	-1757.1714	17.771488	2.1054075	2164.2649664878845
184	4540.557	47.620403	4601.443	4462.191	1000.0	405.31137	27.965763	433.90204	177.41231	925000	0.08160885	8595.905	-0.014939509	-1853.5293	17.764523	2.2514436	2175.8049054145813
185	4522.7627	72.84876	4611.9614	4435.389	1000.0	404.6331	27.322617	433.26236	256.32065	930000	-0.032971833	8613.136	-0.01580754	-2055.7559	17.59937	2.0768366	2187.424202442169
186	4519.211	73.19471	4627.522	4445.677	1000.0	406.41553	25.721586	433.3319	239.67447	935000	-0.03137036	8602.519	-0.015954249	-1693.4058	17.618034	2.1007433	2198.929554462433
187	4472.4873	69.59504	4597.157	4400.7686	1000.0	404.38464	25.221022	432.9231	199.7638	940000	0.058670677	8523.103	-0.011474777	-1649.4971	17.953018	2.351723	2209.9997487068176
188	4540.1885	101.745186	4692.726	4377.135	1000.0	394.6889	31.33017	430.952	213.31474	945000	-0.124090664	9309.883	-0.017553724	-2373.082	17.739279	2.1788664	2221.704515695572
189	4525.1064	38.415913	4584.865	4464.1978	1000.0	405.9565	26.41895	432.53378	247.18875	950000	-0.11344835	8654.075	-0.016364574	-1783.9136	17.632305	2.0939682	2233.417211294174
190	4569.518	69.086075	4686.196	4484.9644	1000.0	404.45892	25.894928	432.66068	216.71442	955000	-0.19766814	8520.158	-0.01984115	-1663.8989	17.822147	2.2768853	2245.528023958206
191	4501.835	28.989515	4544.8877	4468.5215	1000.0	405.8863	28.496706	433.3265	51.969852	960000	-0.078779615	8841.493	-0.016100913	-1771.5898	17.824524	2.2668266	2256.944195508957
192	4539.285	40.432632	4605.9033	4496.6265	1000.0	406.33594	21.372093	432.15182	156.27736	965000	0.059797883	8405.427	-0.0114289485	-1544.8281	17.85173	2.2673824	2268.546172618866
193	4523.1704	65.16671	4642.6064	4454.072	1000.0	402.72333	24.173388	433.76166	219.85066	970000	-0.16254699	8691.215	-0.018300593	-1522.1533	17.819715	2.2468278	2279.8334305286407
194	4510.466	59.164738	4617.2715	4445.384	1000.0	402.48853	25.125721	434.30832	217.65814	975000	0.06774372	8297.905	-0.011961054	-1715.2603	17.59087	2.0498657	2290.765792608261
195	4571.97	72.679	4686.9385	4464.2896	1000.0	400.46396	28.579302	434.05267	187.72252	980000	-0.11235005	8732.504	-0.012833089	-2116.6401	17.863577	2.3034728	2302.3984804153442
196	4511.357	44.699306	4582.8276	4456.079	1000.0	411.0042	27.009521	435.40207	101.53768	985000	0.15674473	8647.011	-0.011959761	-1701.2979	17.997885	2.4704022	2313.888851881027
197	4495.0107	92.41288	4606.3076	4349.015	1000.0	405.2126	27.467684	433.4982	165.99461	990000	-0.105066516	9046.281	-0.018599205	-1932.9902	17.814337	2.279839	2325.3785479068756
198	4506.469	62.33827	4606.265	4428.5186	1000.0	400.3245	25.08418	432.4186	169.9658	995000	-0.055312604	8927.278	-0.012850165	-1510.7471	17.891546	2.3372266	2336.4197492599487
199	4553.341	82.49247	4677.0117	4435.1475	1000.0	402.43765	23.005291	432.8629	270.1503	1000000	-0.0043416014	9093.208	-0.013383728	-1567.9927	17.776752	2.1864126	2348.1107964515686
200	4503.2803	94.72859	4685.1787	4418.74	1000.0	405.39615	24.252218	434.80304	230.24608	1005000	0.17538272	7955.218	-0.013907582	-1302.0762	17.883127	2.3347833	2360.199001312256
201	4533.9033	46.964783	4615.739	4470.9785	1000.0	406.4192	22.452494	434.57547	196.63039	1010000	0.19769768	8754.941	-0.012194306	-1588.8984	18.001345	2.446627	2371.52725315094
202	4494.5747	114.042336	4698.2314	4349.505	1000.0	403.04547	25.825718	435.8358	264.50287	1015000	0.16893211	8555.724	-0.012560159	-1743.9517	17.79409	2.2871416	2383.022138595581
203	4579.5864	66.67238	4670.855	4486.5557	1000.0	402.10828	27.69323	435.50632	46.77334	1020000	-0.0642461	8884.862	-0.012753271	-1839.6465	17.915174	2.3112884	2394.5731031894684
204	4578.5728	99.95021	4654.479	4390.599	1000.0	408.11035	25.967339	436.80743	258.80362	1025000	-0.10250835	9029.005	-0.015874095	-1757.2183	17.806015	2.2649703	2405.9913733005524
205	4518.4946	61.154633	4617.0474	4439.8535	1000.0	406.3208	26.223913	436.64847	222.70026	1030000	-0.13209954	8708.635	-0.017537832	-1671.7002	17.924706	2.349959	2417.8920102119446
206	4505.7705	44.180775	4558.1216	4449.553	1000.0	404.18124	22.770529	436.54196	201.67548	1035000	-0.05330495	8390.559	-0.011752363	-1212.7627	17.998184	2.5161474	2429.352956056595
207	4506.679	88.38135	4635.893	4423.168	1000.0	404.06696	20.89551	436.57782	307.67133	1040000	0.0907541	8350.192	-0.012560815	-1446.9722	17.836515	2.3186424	2440.6851925849915
208	4511.66	39.44029	4570.227	4446.4644	1000.0	404.0388	20.486258	435.5861	281.8155	1045000	0.0075017456	8374.468	-0.0113771	-1116.334	18.126696	2.5781965	2451.9720652103424
209	4531.7515	59.00133	4583.219	4441.8955	1000.0	406.13162	22.562323	435.34622	244.40318	1050000	-0.043630656	8410.29	-0.013007302	-1782.8613	17.771332	2.1615708	2463.120918035507
210	4530.8755	76.8874	4667.557	4437.0693	1000.0	401.979	26.38073	435.04718	178.66895	1055000	-0.212245	8337.389	-0.014279857	-1834.312	17.77935	2.314827	2476.1494154930115
211	4492.503	70.244064	4618.6177	4412.0273	1000.0	405.21744	27.86267	436.9439	190.87277	1060000	-0.023062646	8293.877	-0.01570689	-1943.3306	17.847872	2.2847073	2487.351706504822
212	4505.0347	36.84315	4555.6455	4447.1123	1000.0	399.01025	31.633362	437.0547	229.47028	1065000	0.07614105	9073.9375	-0.014517762	-2402.3877	17.838217	2.3176668	2498.444532394409
213	4508.6113	26.229534	4540.8125	4474.9814	1000.0	403.6831	29.158138	436.17667	-172.7917	1070000	-0.034157805	9050.56	-0.013991736	-1973.0635	18.080584	2.5717235	2509.749258041382
214	4491.052	52.534935	4574.333	4422.7705	1000.0	402.76706	23.517921	435.18216	231.24715	1075000	-0.14908487	8421.037	-0.0130262375	-1461.102	18.017427	2.5006735	2521.023791074753
215	4481.166	41.3466	4538.4463	4413.181	1000.0	402.34396	24.197575	434.3222	189.68881	1080000	0.119772606	7936.738	-0.01139684	-1764.9497	17.963388	2.3941753	2532.1387753486633
216	4543.9746	80.03831	4695.9175	4481.8174	1000.0	403.86887	26.77051	435.4278	236.54329	1085000	0.102993116	8848.797	-0.015026219	-1881.3008	17.9941	2.4038174	2543.289731025696
217	4529.459	61.286137	4601.2437	4417.8975	1000.0	404.14322	24.699848	436.75763	243.04999	1090000	0.19542278	8214.043	-0.016039997	-1707.9424	18.044874	2.467126	2554.71235370636
218	4504.97	30.337572	4538.8403	4461.823	1000.0	407.22876	26.061096	438.642	134.16595	1095000	0.005717633	8173.12	-0.017352723	-1819.6313	17.809763	2.312986	2566.082463979721
219	4548.965	83.35313	4639.034	4427.918	1000.0	397.5663	31.43195	438.9164	220.25696	1100000	-0.039805714	9519.086	-0.018537145	-2265.023	17.786907	2.232314	2577.4307808876038
220	4493.775	23.77348	4519.273	4457.844	1000.0	407.9282	26.231775	438.71674	205.24367	1105000	-0.121708095	7950.1055	-0.012140423	-1565.3701	18.15814	2.638527	2589.608859062195
221	4561.3467	60.42268	4654.915	4472.559	1000.0	406.04987	24.045326	439.2581	194.6073	1110000	-0.04108538	8229.841	-0.015171979	-1609.544	18.101582	2.535395	2601.2827486991882
222	4503.5806	55.690697	4571.798	4406.493	1000.0	409.30478	27.392256	440.8213	189.58606	1115000	-0.09744612	8562.684	-0.015004784	-1412.4634	18.03865	2.509092	2613.360858440399
223	4573.371	137.5657	4808.209	4415.613	1000.0	404.8757	24.800812	439.64038	215.3489	1120000	0.15325066	8880.122	-0.012132943	-1683.8843	17.853455	2.3104968	2624.7456703186035
224	4500.69	56.99039	4582.221	4438.6694	1000.0	406.47406	26.021885	440.59073	236.71352	1125000	-0.1638868	8608.229	-0.014797285	-1647.543	17.932726	2.4457653	2636.3296360969543
225	4524.821	74.82286	4636.1953	4453.003	1000.0	405.47183	27.5109	438.7095	193.90544	1130000	-0.16474833	8321.635	-0.016028687	-1670.6606	17.929482	2.414468	2647.5657715797424
226	4559.5117	76.88044	4642.892	4415.7974	1000.0	406.65814	26.524012	440.0845	80.60484	1135000	0.10954634	9012.728	-0.013771355	-1799.5034	17.779837	2.2119098	2659.241468667984
227	4501.8867	54.89975	4572.699	4417.4917	1000.0	401.17136	27.804451	438.33307	260.27408	1140000	-0.07587195	8954.224	-0.013129786	-1783.3213	18.023401	2.4520009	2670.574031829834
228	4507.2046	78.91214	4641.5186	4409.2344	1000.0	401.42044	23.416803	438.30795	244.33136	1145000	-0.09494266	8324.674	-0.012558967	-1148.4272	18.186092	2.6109278	2681.804934978485
229	4490.21	84.75538	4616.98	4380.568	1000.0	404.98846	24.122704	438.28638	235.2892	1150000	0.10130563	8299.321	-0.017135918	-1247.5068	18.097557	2.5593872	2693.001729249954
230	4493.9556	33.163498	4520.534	4429.0205	1000.0	403.94235	23.296797	437.84015	140.57271	1155000	-0.03698091	8576.504	-0.0186976	-1018.93604	18.057665	2.5354276	2705.675054550171
231	4513.458	44.03826	4577.8936	4442.7993	1000.0	400.51764	20.865986	436.74844	244.76524	1160000	0.01226206	8578.784	-0.014301946	-1329.7827	18.14419	2.5456414	2717.108490228653
232	4493.5205	91.04453	4669.16	4417.322	1000.0	407.977	15.9542	428.13562	264.0863	1165000	0.087494865	7868.605	-0.012617305	-937.93115	18.132427	2.5418139	2729.0779287815094
233	4468.126	85.47516	4586.984	4347.0522	1000.0	396.1144	23.658407	428.12408	250.8517	1170000	-0.067308046	8275.369	-0.015531331	-1844.5449	18.183983	2.6850853	2740.223703145981
234	4604.8604	86.73655	4713.7783	4458.625	1000.0	396.88654	29.56787	427.24692	237.02112	1175000	-0.06618252	8950.211	-0.016538478	-1980.2285	17.98369	2.5275128	2751.7757155895233
235	4522.6807	116.30564	4657.498	4345.085	1000.0	405.8965	28.665691	432.72607	141.31552	1180000	-0.14396007	8245.293	-0.020104349	-1872.9404	18.098385	2.457117	2763.4352390766144
236	4513.661	27.678925	4550.9355	4464.841	1000.0	402.00885	31.203585	434.74374	198.13846	1185000	0.081698984	8549.511	-0.013162911	-1884.69	18.038624	2.5614653	2774.6783349514008
237	4512.8433	58.584614	4626.018	4467.5566	1000.0	408.66965	21.906227	435.45087	153.6539	1190000	-0.061692134	8254.293	-0.014677249	-1261.7114	18.039368	2.4943798	2786.061534643173
238	4532.167	81.35273	4692.917	4478.9927	1000.0	403.27725	23.614143	434.80304	257.00665	1195000	-0.08944026	8169.301	-0.0114206225	-1210.0674	18.154804	2.598748	2797.418203353882
239	4577.9053	56.919712	4643.547	4480.3125	1000.0	402.03366	23.819487	436.44473	232.91718	1200000	-0.12048818	8885.699	-0.014065146	-1371.4839	17.963562	2.4306242	2808.7936520576477
240	4553.6367	72.39684	4655.6533	4470.689	1000.0	414.40665	19.63706	438.55823	325.87997	1205000	0.032200642	8066.917	-0.0127032455	-1155.2412	18.081465	2.562686	2821.280567884445
241	4556.452	66.59131	4637.17	4461.24	1000.0	405.56146	19.317749	435.7739	228.26736	1210000	-0.015597083	8665.8545	-0.018922504	-1078.0039	18.163984	2.6272457	2832.589474916458
242	4508.7686	53.335217	4573.9697	4458.016	1000.0	409.124	21.175865	437.1722	275.2475	1215000	0.04757047	8245.06	-0.011266429	-1576.8198	18.106918	2.5993042	2843.78515958786
243	4536.289	55.924427	4622.7056	4449.661	1000.0	403.63104	24.955751	435.26172	178.60176	1220000	-0.10667708	8601.917	-0.018472962	-1571.3379	17.95946	2.4404168	2855.384933948517
244	4536.6934	20.376534	4568.2515	4508.3477	1000.0	407.31015	22.937067	434.8764	246.72264	1225000	-0.06135536	8411.2295	-0.0141849145	-1366.7573	17.940468	2.4267464	2866.861444234848
245	4475.1553	27.036549	4517.42	4441.2363	1000.0	408.5939	21.504957	434.2777	259.96307	1230000	-0.12060197	7724.28	-0.015893862	-1386.5396	18.304676	2.797216	2878.046263217926
246	4505.828	70.74585	4641.6343	4451.8184	1000.0	404.41476	24.342484	435.58163	276.9434	1235000	0.0052191284	8244.392	-0.013669977	-1306.4526	18.17156	2.6459181	2889.4450895786285
247	4546.804	62.264053	4662.9756	4480.963	1000.0	401.23846	25.122414	433.9708	136.13309	1240000	0.12613072	8677.389	-0.013788745	-1455.2319	17.975	2.4125702	2900.721829891205
248	4464.3604	23.955364	4486.479	4422.1143	1000.0	409.16934	20.775738	435.3403	297.65048	1245000	-0.025217725	7515.3823	-0.01891247	-1563.9727	18.19594	2.7289817	2912.071751832962
249	4536.5054	83.528984	4635.7495	4428.599	1000.0	399.0497	30.600643	437.53244	223.74472	1250000	-0.09626167	8873.285	-0.013127215	-1632.29	18.167816	2.6676054	2923.2072637081146
250	4562.133	81.212326	4695.4224	4489.2256	1000.0	408.017	20.88027	434.5671	283.45535	1255000	-0.014271796	8568.361	-0.017264605	-1167.4443	18.16494	2.6313305	2935.719445705414
251	4460.947	41.769318	4527.071	4407.9146	1000.0	411.96298	21.61578	434.2904	267.6414	1260000	0.10070894	8285.547	-0.0147226155	-1554.0205	18.170088	2.5730531	2947.164182662964
252	4494.7725	54.452106	4556.334	4419.722	1000.0	399.70978	25.311144	432.04285	228.72498	1265000	-0.052611683	8267.263	-0.015573915	-1404.9092	18.292292	2.7991257	2958.4909489154816
253	4543.3887	39.874737	4607.8438	4498.7812	1000.0	404.51987	24.806435	432.58994	247.25414	1270000	0.1079531	8966.241	-0.014312796	-1422.9062	18.135267	2.6012886	2969.6656119823456
254	4538.0986	57.317898	4620.274	4478.7847	1000.0	400.53174	26.982796	429.97873	192.41052	1275000	0.03466311	8536.826	-0.012831781	-1539.7744	18.158535	2.6363597	2981.2786083221436
255	4529.0464	56.759277	4629.2876	4453.7344	1000.0	411.75644	16.559032	431.70166	303.41452	1280000	0.103101015	8427.953	-0.012653641	-851.6333	18.197042	2.6840372	2992.641369819641
256	4528.0947	57.26925	4606.136	4469.9395	1000.0	406.7769	17.585321	428.933	303.6353	1285000	-0.1269136	8551.162	-0.013246074	-863.05176	18.020184	2.4713879	3003.9388909339905
257	4525.125	47.56929	4582.648	4444.455	1000.0	405.8192	18.139605	430.732	201.96175	1290000	0.14950956	7817.5234	-0.01229243	-1371.7568	18.352097	2.780962	3015.6391067504883
258	4524.421	55.924118	4621.116	4464.1	1000.0	408.68286	22.371674	434.8866	283.82047	1295000	0.1384126	8631.396	-0.01772257	-1270.522	18.032541	2.4661753	3027.209962129593
259	4552.65	76.19069	4655.493	4457.404	1000.0	401.27267	24.665794	434.8294	203.79979	1300000	-0.089627184	8778.55	-0.017163992	-1308.542	18.293194	2.757846	3039.375995159149
260	4584.991	21.446877	4624.399	4563.599	1000.0	408.94046	20.590607	433.8268	290.5069	1305000	0.08367486	9218.696	-0.0138576925	-1366.9956	18.144606	2.5741608	3052.3333015441895
261	4517.8726	103.67011	4715.943	4412.2964	1000.0	409.43716	21.782999	434.77377	299.93988	1310000	0.061425935	8344.184	-0.013321415	-1138.7178	18.125225	2.5810866	3063.914647579193
262	4472.142	50.309685	4545.2583	4389.9307	1000.0	404.77325	22.989824	434.96872	211.998	1315000	-0.07788014	7822.665	-0.015871331	-1869.7129	18.44001	2.8294666	3075.106899499893
263	4525.482	38.322113	4576.465	4463.518	1000.0	403.07632	28.145576	435.69095	228.16788	1320000	-0.21593145	8333.798	-0.014581442	-1330.3755	18.27125	2.6643183	3086.25274848938
264	4532.2686	64.8922	4653.247	4458.137	1000.0	407.6308	22.84829	433.47733	263.89175	1325000	-0.11261177	8785.949	-0.012583092	-1299.9282	18.156258	2.6225088	3097.666975259781
265	4515.3076	28.585625	4552.2476	4480.997	1000.0	405.33636	23.087753	440.40735	187.04161	1330000	-0.103863694	8013.4697	-0.011650749	-1149.9463	18.203527	2.6646004	3108.7212674617767
266	4504.0757	51.581554	4604.9287	4465.967	1000.0	405.12778	22.440058	433.86707	246.9612	1335000	-0.12164622	8177.7935	-0.013724633	-1511.2197	18.2331	2.6890547	3120.0990722179413
267	4511.5156	70.88036	4593.6606	4401.968	1000.0	406.8396	26.07206	434.86838	213.8911	1340000	-0.01655069	8255.317	-0.015847784	-1397.3174	18.291565	2.7969677	3131.4753861427307
268	4553.794	102.344475	4677.5796	4436.0566	1000.0	400.63495	29.461351	434.08926	225.74677	1345000	0.051949408	8569.739	-0.015787184	-2024.9595	18.080494	2.523531	3142.9106061458588
269	4477.272	114.06781	4632.8667	4288.292	1000.0	409.5725	27.757414	438.38663	229.21486	1350000	-0.33200788	8893.183	-0.02255705	-1640.7793	18.4731	2.9295204	3154.095878124237
270	4589.5127	60.044872	4666.7856	4501.407	1000.0	400.05228	27.625114	433.78525	219.46535	1355000	0.036299232	9004.672	-0.016959319	-1719.9014	18.04525	2.5358076	3166.8169615268707
271	4482.5444	69.303314	4567.079	4373.29	1000.0	406.0008	26.958237	434.88382	231.46437	1360000	0.09811147	7969.16	-0.014628515	-1700.1729	17.978912	2.506311	3178.1234815120697
272	4610.5703	74.70338	4679.9526	4476.925	1000.0	404.18616	28.766716	435.59412	243.94728	1365000	-0.08704806	8551.856	-0.013861097	-1759.7007	17.941774	2.4694338	3189.8527553081512
273	4552.3506	103.86795	4740.8857	4448.3843	1000.0	411.51266	30.411707	439.62354	215.95737	1370000	-0.044723924	8650.684	-0.01656242	-1697.9722	18.405815	2.8112195	3201.1006212234497
274	4510.307	67.92377	4632.904	4448.8184	1000.0	413.6975	21.77411	449.77838	249.70439	1375000	0.25786504	8055.8545	-0.01771529	-1159.5024	18.244429	2.6325433	3212.4644005298615
275	4515.673	63.483814	4606.181	4444.5596	1000.0	403.68448	25.833847	440.8768	140.45221	1380000	-0.15147282	8275.962	-0.011654213	-1451.6841	18.23733	2.6689837	3224.0969955921173
276	4477.1084	34.02036	4525.42	4440.1973	1000.0	401.63147	31.98826	444.64578	191.59947	1385000	0.01561128	8160.4434	-0.016214686	-1773.332	18.08517	2.5667968	3235.3628199100494
277	4567.3267	76.58411	4675.711	4466.1177	1000.0	398.12152	29.639761	433.8164	218.87039	1390000	-0.1484357	8969.392	-0.017136097	-1953.7324	18.312616	2.7873104	3246.6059465408325
278	4555.789	109.61118	4692.933	4441.5767	1000.0	409.2477	23.2734	446.40652	233.77344	1395000	0.12278103	8724.349	-0.012184508	-1452.1421	17.929663	2.3433356	3258.2028484344482
279	4564.068	73.78004	4686.981	4458.453	1000.0	407.1591	24.803518	438.4444	257.20673	1400000	0.039491408	8468.984	-0.01191631	-1412.4805	18.382505	2.862457	3269.4083936214447
280	4572.655	63.652332	4678.419	4481.7134	1000.0	411.18616	23.421947	435.99872	192.068	1405000	-0.069705315	8252.241	-0.014832176	-1497.4668	18.523901	2.97694	3282.091212272644
281	4502.471	19.00266	4531.252	4477.5815	1000.0	409.5023	28.763424	438.44122	238.07729	1410000	-0.014223059	9440.549	-0.010449494	-1833.353	18.510689	2.9998465	3293.2798647880554
282	4487.116	58.39364	4556.46	4415.021	1000.0	404.34595	18.598831	434.3219	191.4332	1415000	-0.17865998	8505.171	-0.016425759	-964.3579	18.467754	2.9239187	3304.447384595871
283	4528.6436	88.29792	4664.1436	4424.943	1000.0	402.03824	19.300562	433.24716	306.1659	1420000	0.084859446	8364.419	-0.0134678185	-1297.0767	18.369267	2.840859	3315.664517402649
284	4511.074	59.568207	4592.5835	4446.971	1000.0	406.5805	23.767954	435.70233	279.5688	1425000	-0.0225328	8323.925	-0.015177174	-1323.1582	18.187485	2.6925716	3326.9261560440063
285	4491.998	40.692184	4565.743	4454.214	1000.0	403.91968	22.593653	437.63602	262.3111	1430000	-0.07616476	7826.5454	-0.013599083	-1087.6494	18.196825	2.7293923	3338.333076953888
286	4474.215	62.241943	4588.0747	4412.326	1000.0	400.91086	26.862251	437.0808	188.08951	1435000	-0.043881208	7909.426	-0.018356767	-1662.5542	18.205915	2.6078126	3350.3519501686096
287	4498.255	54.44703	4568.9756	4402.0845	1000.0	403.3547	26.172413	435.9346	178.83383	1440000	-0.084830515	8250.147	-0.015290856	-1230.1284	17.987448	2.4896634	3361.9759204387665
288	4455.861	73.08739	4593.419	4392.644	1000.0	407.48227	21.356379	436.6114	254.94887	1445000	-0.059628874	8199.153	-0.013397858	-1108.4614	18.608477	3.148347	3373.154946088791
289	4507.617	33.688114	4559.1323	4454.605	1000.0	397.0608	22.025124	435.5245	226.0138	1450000	0.04457536	9055.349	-0.0132180825	-1339.8062	18.287365	2.8240032	3384.4259235858917
290	4482.218	24.581593	4512.2124	4438.994	1000.0	405.13705	15.00215	435.39465	304.99167	1455000	0.12186787	8024.3696	-0.013820559	-767.75684	18.451368	2.9548965	3397.0414657592773
291	4529.4346	55.01195	4635.4526	4484.408	1000.0	398.33786	22.792608	434.8649	260.2168	1460000	-0.16107883	8343.241	-0.012743995	-1795.7344	18.324621	2.7653522	3408.0196669101715
292	4589.9717	129.3512	4775.752	4418.884	1000.0	409.3323	22.414589	437.1219	282.55795	1465000	-0.11561424	8483.358	-0.015691929	-1433.2334	18.265646	2.7465024	3418.9358446598053
293	4525.573	52.75295	4570.524	4423.089	1000.0	402.3869	31.658892	438.24774	173.74872	1470000	-0.0719951	8667.684	-0.013489373	-1707.0308	18.286978	2.7357056	3430.1725187301636
294	4529.1636	63.822777	4630.2495	4450.1836	1000.0	412.8648	23.859734	438.7216	254.99187	1475000	-0.015007641	8448.027	-0.012017719	-1518.457	18.14082	2.6192122	3441.594230413437
295	4470.665	52.992634	4529.134	4373.16	1000.0	408.80066	25.3841	439.1888	255.53271	1480000	-0.094426624	7469.2544	-0.011410341	-1488.0059	18.452888	2.9197955	3452.622877597809
296	4512.676	52.748337	4601.3228	4435.9653	1000.0	397.65106	34.305046	437.0749	143.10052	1485000	-0.054600917	8435.564	-0.016807318	-1706.3799	18.53541	2.9959517	3463.894970178604
297	4484.6475	23.332937	4513.533	4447.8384	1000.0	410.0426	18.598446	435.0385	209.15869	1490000	-0.08808256	8183.9263	-0.0219796	-737.6929	18.685766	3.1135697	3475.1792056560516
298	4520.625	98.178764	4696.1484	4407.5083	1000.0	401.57394	20.576008	433.23822	158.93361	1495000	-0.013700492	8199.042	-0.018110953	-965.26904	18.591742	3.110349	3486.7179152965546
299	4478.3193	70.43344	4558.4854	4357.543	1000.0	409.38312	15.77888	433.62466	274.2429	1500000	0.09530172	7940.445	-0.015363418	-987.1279	18.547596	2.94884	3497.8015279769897
300	4543.8125	52.278606	4600.2456	4460.1665	1000.0	398.59586	22.067741	433.53238	222.6725	1505000	-0.30622354	8427.133	-0.022420168	-1359.1831	18.51939	3.0041535	3510.6838212013245
301	4560.611	125.49065	4735.1113	4393.8823	1000.0	409.04156	21.102455	436.39417	149.99399	1510000	-0.05143318	8961.449	-0.017108005	-1258.8315	18.326458	2.848713	3522.195148706436
302	4516.4316	54.932228	4603.9307	4449.47	1000.0	408.7709	17.934984	447.8279	253.11095	1515000	0.10590965	7989.7407	-0.014879137	-1017.4927	18.651436	3.1787477	3533.0867331027985
303	4492.7705	41.476635	4548.7095	4443.249	1000.0	400.692	25.876013	439.2471	225.47221	1520000	-0.016188456	8161.168	-0.012625622	-1395.584	18.401638	2.8755343	3544.548978328705
304	4494.8037	61.999752	4614.074	4445.614	1000.0	407.16565	17.98813	445.3566	242.34355	1525000	-0.00059645384	7914.199	-0.01613814	-1065.9775	18.356176	2.8828692	3556.0651025772095
305	4552.9824	65.00129	4656.443	4459.7266	1000.0	400.0388	25.987284	447.4937	217.74304	1530000	-0.08812965	8316.14	-0.01686415	-1416.0542	18.515728	3.024011	3567.4251873493195
306	4523.643	71.09129	4622.957	4446.3945	1000.0	410.27585	22.57518	446.08817	214.05266	1535000	-0.101480216	8240.059	-0.01352708	-1292.9819	18.53974	3.011796	3578.751350879669
307	4499.055	67.72314	4628.03	4450.053	1000.0	401.10007	28.44663	440.72043	221.18506	1540000	-0.16006905	7768.6753	-0.016424164	-2010.7754	18.358826	2.8536785	3590.4218621253967
308	4521.6665	49.261402	4584.531	4438.928	1000.0	410.34818	29.796965	443.93164	141.83498	1545000	0.04763047	8301.003	-0.014617074	-1385.7251	18.604816	3.0266325	3601.8666803836823
309	4552.0796	104.84526	4668.503	4383.4966	1000.0	402.46365	26.313972	437.46017	174.3602	1550000	-0.04047654	8920.852	-0.014019776	-1360.2485	18.502771	2.994016	3613.534685611725
310	4532.3447	40.209057	4586.1025	4475.3945	1000.0	402.80746	27.957016	443.3225	217.87354	1555000	-0.10406907	7658.2544	-0.015278712	-1617.7671	18.466354	2.9619715	3626.2884662151337
311	4488.457	29.935965	4533.4053	4441.487	1000.0	410.40665	29.289133	445.05408	205.59837	1560000	-0.019248536	7481.412	-0.022425571	-1511.977	18.804243	3.2857394	3637.543484687805
312	4543.96	88.70758	4663.6187	4402.795	1000.0	402.66882	35.842926	440.98553	165.54887	1565000	-0.2139864	8482.56	-0.017726302	-1581.0132	18.683218	3.1438363	3649.0260331630707
313	4493.286	81.33681	4649.821	4426.9233	1000.0	409.6279	25.241724	439.4309	203.76184	1570000	0.109693885	7896.946	-0.012290321	-1414.5552	18.413456	2.882685	3660.6277236938477
314	4545.2666	29.767956	4595.0615	4513.7734	1000.0	401.19696	35.937946	436.72394	166.32085	1575000	0.17774758	8881.759	-0.011852026	-1741.1875	18.806566	3.2564745	3671.96972489357
315	4511.534	27.65812	4561.377	4487.636	1000.0	409.50214	19.995508	454.83047	246.9188	1580000	0.07270375	8328.027	-0.01604671	-1002.58887	18.590515	3.0603426	3683.5008931159973
316	4543.7734	84.41875	4647.603	4446.565	1000.0	403.80396	19.024622	443.70316	247.47897	1585000	0.116177246	8316.585	-0.0135996565	-852.1802	18.692577	3.1212723	3695.1158044338226
317	4531.2197	39.569893	4573.7583	4473.234	1000.0	408.3755	15.074787	454.91675	293.6255	1590000	-0.021235611	8392.88	-0.015699595	-719.1089	18.658625	3.1218667	3706.260481119156
318	4534.8857	59.178814	4627.2505	4442.681	1000.0	403.5249	19.537691	449.83197	276.72665	1595000	-0.025633771	8578.949	-0.013568159	-1043.9746	18.62826	3.1152196	3717.4558198451996
319	4489.197	54.467297	4537.781	4387.2705	1000.0	408.40186	17.053783	448.2023	278.53372	1600000	0.016419288	8014.669	-0.01929568	-865.9131	18.423964	2.980169	3728.907650232315
320	4542.0728	46.443745	4619.3774	4493.4907	1000.0	401.4977	21.949953	447.5567	248.8739	1605000	0.08984391	8337.584	-0.01876188	-1106.3823	18.619677	3.1627645	3741.52143573761
321	4524.167	50.23774	4600.8696	4459.3647	1000.0	408.21786	18.61546	446.50534	209.78575	1610000	0.05867556	8341.151	-0.018763073	-854.1177	18.4679	2.91324	3752.724760055542
322	4527.462	56.156322	4595.4966	4436.5845	1000.0	408.5494	16.073292	456.0446	101.76147	1615000	0.031268578	8098.283	-0.018493626	-898.1201	18.541285	2.9370747	3764.1940932273865
323	4590.719	61.500202	4677.1196	4489.1475	1000.0	402.36002	21.492287	456.47952	217.69704	1620000	-0.12235671	8602.611	-0.016282305	-1260.0322	18.841936	3.2595654	3775.8895239830017
324	4495.6753	60.97572	4583.773	4414.8667	1000.0	412.99493	20.001217	446.0925	257.8238	1625000	-0.21460672	8454.453	-0.01726459	-1169.2627	18.742264	3.209161	3786.9681437015533
325	4546.356	92.72088	4679.0293	4460.861	1000.0	402.40512	24.240183	450.23776	249.99736	1630000	-0.22692773	8203.576	-0.01435557	-1536.3906	18.918404	3.4071	3798.0102396011353
326	4507.501	46.64093	4556.989	4433.226	1000.0	409.7382	25.134905	443.0271	230.25711	1635000	-0.045158833	8638.56	-0.013925567	-1160.1372	18.543283	2.9990618	3809.456336259842
327	4505.0825	50.020397	4563.2856	4436.671	1000.0	407.54636	17.744802	458.48837	265.72366	1640000	0.002730182	8203.082	-0.014537567	-1870.4429	18.733725	3.2067149	3820.593181371689
328	4476.4414	28.360863	4512.886	4446.3115	1000.0	399.4515	35.259743	436.57925	147.04384	1645000	-0.15839572	8439.984	-0.015200809	-1442.3677	19.025145	3.5828633	3831.8951375484467
329	4519.7666	72.62398	4612.594	4423.09	1000.0	405.3842	21.214365	446.60526	228.02359	1650000	-0.047698427	7709.242	-0.014338572	-1023.64355	18.584251	3.11358	3843.1103887557983
330	4585.586	84.21745	4681.704	4452.181	1000.0	392.1975	33.78185	436.6942	202.06659	1655000	-0.11648212	9068.544	-0.013607286	-2152.5405	18.435127	2.9210942	3856.338535785675
331	4495.243	51.114796	4540.9404	4398.914	1000.0	415.0699	25.356226	439.73505	226.04488	1660000	-0.05907142	8062.207	-0.014357224	-1107.2021	18.760437	3.224247	3867.551237344742
332	4545.6616	82.86851	4688.3203	4458.639	1000.0	402.81866	26.694496	446.10013	202.69182	1665000	-0.0020621552	7563.764	-0.012554379	-1526.9648	18.75834	3.2374063	3878.7890996932983
333	4506.6704	30.398619	4548.583	4459.5513	1000.0	413.63184	25.152744	446.61166	182.02191	1670000	-0.10105553	8196.869	-0.013071872	-1130.4067	18.666477	3.1731472	3890.1450695991516
334	4509.5283	102.430435	4656.207	4353.3555	1000.0	398.06604	32.291027	444.34003	163.43253	1675000	0.0014867675	9207.01	-0.01914624	-2009.6328	18.540062	2.985775	3901.4817457199097
335	4484.0786	51.85579	4560.7515	4432.9883	1000.0	406.8157	20.469778	441.87555	178.63185	1680000	-0.0894447	7736.84	-0.02005329	-1144.1841	18.899015	3.3198702	3912.7225744724274
336	4504.245	74.079056	4629.3794	4443.4546	1000.0	400.71756	25.931227	439.20367	253.12318	1685000	0.01657627	8589.992	-0.017584411	-1318.7915	18.736946	3.3169208	3924.0059003829956
337	4531.6245	29.466768	4584.7207	4500.143	1000.0	403.90436	21.974146	448.29855	247.8407	1690000	-0.19589978	8113.304	-0.01514557	-969.0532	18.863457	3.3981812	3935.449560403824
338	4461.0923	78.44178	4603.1665	4361.454	1000.0	410.12604	19.516388	463.9216	236.47415	1695000	0.18416403	7883.347	-0.0157087	-976.5918	18.635479	3.1510856	3946.924368619919
339	4575.4795	64.68335	4641.9385	4454.788	1000.0	396.1165	25.280048	451.17233	234.84595	1700000	-0.12057334	9090.455	-0.01892431	-1709.335	18.694252	3.149581	3958.301719903946
340	4488.8525	89.56636	4596.4355	4399.2954	1000.0	412.2687	21.659666	453.2038	240.18396	1705000	-0.056202907	8382.464	-0.018702846	-1365.9185	18.70295	3.2037973	3971.8357408046722
341	4559.359	97.07875	4748.0347	4477.6587	1000.0	402.8597	22.38346	451.2481	263.8279	1710000	-0.0458927	8925.109	-0.014523316	-1296.0166	18.796387	3.2385662	3983.7127220630646
342	4491.3	62.981018	4572.232	4413.062	1000.0	408.38974	19.562206	450.3159	270.92178	1715000	-0.14113307	7898.9536	-0.017261893	-965.7095	18.728859	3.28315	3995.282096862793
343	4525.565	76.69148	4665.969	4438.123	1000.0	403.11774	20.114492	451.7169	219.85341	1720000	0.03443751	8456.344	-0.0134936515	-1387.6558	18.804365	3.2892835	4007.2054200172424
344	4560.733	61.037605	4665.12	4482.6357	1000.0	402.93134	25.814734	434.92517	246.09534	1725000	-0.15616338	8241.701	-0.017341733	-1395.7925	18.98763	3.575814	4019.1287140846252
345	4507.1514	78.33926	4606.6865	4383.7256	1000.0	410.03964	23.205046	441.7812	265.51068	1730000	0.014772644	8326.664	-0.014897046	-1174.7715	18.738432	3.2467134	4031.2404251098633
346	4530.084	75.91285	4674.641	4465.244	1000.0	404.2694	22.306707	449.66443	246.88588	1735000	-0.15781435	8498.349	-0.016992256	-1023.27	18.87287	3.4032788	4043.7473974227905
347	4561.3125	65.30317	4650.0317	4451.0513	1000.0	407.58264	18.553427	449.82944	229.05133	1740000	0.03261781	8531.663	-0.018624354	-1082.7744	18.88765	3.3624918	4056.145722389221
348	4505.018	53.73986	4574.6187	4435.7456	1000.0	409.342	20.983217	436.9739	256.662	1745000	-0.18025826	8562.369	-0.01491268	-989.05566	18.40202	2.8789172	4068.6588895320892
349	4515.3457	86.040855	4669.378	4413.929	1000.0	403.0121	19.695492	448.3614	168.14638	1750000	0.011265666	8417.989	-0.016250398	-1240.666	19.074303	3.563304	4081.348054409027
350	4600.3105	117.13301	4818.563	4489.5767	1000.0	403.40994	23.875284	446.043	228.38307	1755000	-0.029968573	9525.368	-0.01658023	-1668.1587	18.675694	3.205368	4095.845203638077
351	4547.7056	44.12113	4628.379	4506.0356	1000.0	408.261	23.420568	447.80798	197.32129	1760000	-0.0067437333	8529.36	-0.016968474	-1620.6514	18.703444	3.1503696	4108.509255886078
352	4485.096	65.123405	4611.067	4426.4155	1000.0	409.4985	23.529404	452.85306	232.67105	1765000	-0.10768545	7733.693	-0.016289324	-1325.9419	18.692862	3.2035573	4121.8154237270355
353	4477.0894	38.202934	4537.8687	4417.115	1000.0	406.5735	26.141214	435.1765	233.19194	1770000	-0.13361302	7414.742	-0.020536631	-1224.3882	19.102898	3.5833344	4134.685658216476
354	4527.363	22.462593	4554.8223	4489.8267	1000.0	395.78513	34.305935	434.17447	221.73451	1775000	-0.103333205	8353.358	-0.019366316	-1681.981	18.757053	3.2813296	4148.5314729213715
355	4485.9546	72.87244	4620.9243	4404.9917	1000.0	407.84982	25.677378	448.1241	226.46422	1780000	-0.16656241	7801.7744	-0.016258493	-1091.4482	18.832752	3.3771398	4162.327297449112
356	4588.457	89.03834	4725.7334	4474.236	1000.0	405.07324	21.470808	442.93442	249.46045	1785000	-0.22881638	8596.93	-0.015357181	-1201.2471	19.084057	3.613393	4175.5949783325195
357	4503.2803	73.02813	4611.78	4425.1436	1000.0	409.5919	21.628716	449.91086	195.34409	1790000	-0.1530759	7925.772	-0.021407187	-1095.791	18.989504	3.5221734	4190.240450620651
358	4512.3765	30.802153	4546.9775	4461.68	1000.0	400.9091	28.76119	445.0149	210.0905	1795000	-0.09829913	8543.645	-0.016159728	-1230.6548	19.241346	3.7607048	4204.546007394791
359	4546.9673	68.577835	4625.219	4431.2427	1000.0	408.1143	18.941563	443.67426	183.74074	1800000	-0.07632423	8552.677	-0.018436931	-853.855	18.918444	3.4541254	4218.467583656311
360	4485.2544	39.98075	4556.0283	4437.5996	1000.0	409.65176	15.279814	456.8026	256.3315	1805000	0.11030862	8004.2817	-0.009876229	-1289.1616	18.998259	3.5795352	4233.643114328384
361	4497.5674	80.06805	4616.0737	4387.7715	1000.0	402.26886	23.135988	440.81592	175.45358	1810000	-0.19788425	8310.144	-0.022873223	-881.6885	19.041021	3.5096712	4247.588306188583
362	4459.623	66.09755	4575.885	4382.8936	1000.0	405.17334	17.09859	434.46548	275.82126	1815000	0.05132716	7275.7656	-0.015126552	-1184.48	19.349258	3.929223	4261.456457614899
363	4516.1353	79.98872	4636.688	4414.341	1000.0	401.80405	25.522436	438.01773	238.79025	1820000	-0.049491346	7954.679	-0.019718558	-1237.3481	19.111864	3.6447961	4275.731216669083
364	4500.3315	39.406673	4542.053	4434.4565	1000.0	406.4134	22.79951	431.93503	198.21225	1825000	-0.23839048	7852.599	-0.02481237	-965.3447	19.211454	3.7274234	4290.0731909275055
365	4523.4346	80.82074	4674.075	4449.876	1000.0	399.91278	28.499226	434.7829	101.69621	1830000	-0.34835362	8352.953	-0.019772917	-1691.7744	19.298313	3.859746	4304.871812582016
366	4540.7295	106.388374	4747.1665	4456.8047	1000.0	405.30365	25.020224	441.74576	233.49123	1835000	-0.2315112	7735.648	-0.018338665	-1361.4565	19.052773	3.6025727	4319.107770204544
367	4531.613	49.107197	4624.1235	4492.1304	1000.0	400.0856	33.753643	447.17517	195.72961	1840000	-0.47873026	7858.4263	-0.021399558	-1844.148	19.289406	3.8481603	4333.657310247421
368	4497.2695	38.393887	4560.5933	4440.124	1000.0	409.3745	28.666422	457.74084	232.89703	1845000	0.21373327	7517.7134	-0.015459031	-1797.5063	19.00781	3.6612577	4347.629913568497
369	4470.9805	63.529675	4578.9346	4405.328	1000.0	414.3688	24.21403	452.51724	160.26035	1850000	0.17153236	8149.608	-0.021003902	-1328.5693	19.228157	3.7932394	4362.262383699417
370	4500.958	18.73493	4525.7686	4470.3066	1000.0	395.34634	34.529026	445.95593	175.86754	1855000	-0.13053928	6780.552	-0.014648944	-1666.876	19.197313	3.7900083	4379.442551136017
371	4468.9507	63.71156	4576.8936	4380.568	1000.0	408.11734	33.067204	454.3591	159.43494	1860000	-0.266368	8074.989	-0.018758088	-1607.2153	19.559572	4.0754256	4394.44072842598
372	4545.929	122.72515	4713.473	4388.1616	1000.0	401.21045	24.990305	446.728	204.09496	1865000	0.08574287	7911.3154	-0.019490257	-1387.0562	19.282206	3.8072903	4409.180208683014
373	4472.639	48.37308	4525.2886	4404.1396	1000.0	399.9524	40.59935	450.08023	125.95832	1870000	0.06263561	7969.198	-0.01573158	-1656.2812	19.557116	4.085324	4423.731646537781
374	4503.433	74.16018	4622.909	4435.5034	1000.0	405.03558	26.979567	447.57623	93.1119	1875000	-0.090092435	7613.273	-0.0150447935	-1352.8433	19.305273	3.8878508	4438.709175825119
375	4522.1484	83.883514	4633.5303	4376.4873	1000.0	409.74356	22.220552	448.09402	218.87642	1880000	-0.060220104	8458.619	-0.019610379	-1008.52637	19.561623	4.1177607	4453.852537155151
376	4486.9775	67.04864	4564.0415	4405.4385	1000.0	407.9859	18.928827	439.61343	206.53442	1885000	-0.23343067	7808.0576	-0.018097267	-920.43506	19.268183	3.7961414	4468.541407108307
377	4532.622	50.538246	4599.1763	4475.391	1000.0	394.73904	29.293362	437.89844	150.44089	1890000	0.08055285	9038.078	-0.01554209	-1978.3003	19.44866	4.0357494	4482.736534118652
378	4519.2134	52.307663	4609.1157	4463.846	1000.0	391.17612	38.44935	450.85825	186.73288	1895000	-0.24686809	9808.302	-0.017723992	-2326.6504	19.517252	4.036464	4497.002828121185
379	4494.454	19.769972	4514.857	4457.9785	1000.0	414.73517	17.535091	465.86813	268.1234	1900000	-0.099414505	7831.0864	-0.020118713	-811.30225	19.504402	4.0874767	4511.45238161087
380	4503.247	52.543713	4592.588	4451.6753	1000.0	408.64105	18.802702	461.2526	270.24966	1905000	-0.09691857	8229.947	-0.020155162	-875.4209	19.52304	4.160171	4527.270279169083
381	4490.306	18.70712	4522.408	4473.5205	1000.0	404.26587	16.291054	457.7931	293.57062	1910000	0.16358848	8416.1	-0.01887317	-702.03076	19.506945	4.087271	4541.478060245514
382	4466.838	52.837368	4509.162	4366.1885	1000.0	406.33768	14.065518	450.3848	305.2394	1915000	-0.27148807	7958.485	-0.021778673	-651.4751	19.705744	4.216336	4555.8687999248505
383	4524.3643	91.66698	4675.066	4413.621	1000.0	402.59854	17.517656	457.71167	300.21927	1920000	0.12390989	8464.13	-0.016480744	-906.3428	19.889763	4.384288	4571.075536489487
384	4472.0283	17.032001	4491.104	4447.145	1000.0	405.82916	14.973635	444.45905	210.57713	1925000	-0.107433006	7806.9873	-0.03199759	-755.2095	19.602045	4.1318207	4587.238503217697
385	4494.5503	33.30349	4533.08	4432.889	1000.0	398.67572	24.0132	450.86966	222.05173	1930000	-0.31210947	8068.104	-0.017707378	-1035.1504	19.558191	4.2559943	4601.355086326599
386	4558.506	55.58996	4666.5386	4519.448	1000.0	409.282	20.125618	446.42612	240.09122	1935000	-0.11633718	8276.173	-0.016090512	-1115.7368	19.33935	3.9337125	4616.460847616196
387	4499.88	43.00087	4584.5913	4472.154	1000.0	407.23856	25.45017	461.0699	245.28868	1940000	0.011123254	6996.417	-0.015550927	-1490.2622	19.51794	4.1156507	4631.418191432953
388	4509.8955	58.843433	4619.3687	4449.8833	1000.0	403.83255	32.9501	453.7328	145.70387	1945000	-0.42672706	8234.387	-0.023229986	-1520.2739	19.823042	4.4212837	4645.908648729324
389	4516.734	91.64613	4590.2354	4336.333	1000.0	405.90976	24.271082	448.59378	168.2521	1950000	-0.23212186	8166.304	-0.021917284	-1371.9385	19.663765	4.301502	4660.337985992432
390	4571.4834	73.27615	4642.3765	4446.769	1000.0	386.8846	39.861492	453.14862	190.52393	1955000	-0.16529614	8810.521	-0.019751623	-2330.2407	19.539469	4.0478206	4677.26315164566
391	4532.116	110.20256	4684.04	4400.969	1000.0	418.129	26.017159	466.27078	238.70764	1960000	-0.21135591	8810.132	-0.02387549	-1580.728	20.002642	4.6023383	4690.9537971019745
392	4538.8955	86.10421	4665.9893	4459.4053	1000.0	408.0903	18.845585	458.1532	287.8435	1965000	-0.08860114	8080.0815	-0.017806768	-1052.2705	19.938438	4.5278254	4705.2782373428345
393	4555.3022	30.26101	4614.03	4531.9844	1000.0	406.8728	21.545868	457.16803	245.68193	1970000	-0.1620373	9196.85	-0.024773106	-1198.9761	20.248856	4.8385196	4719.547133207321
394	4488.3	82.12935	4618.4634	4375.3667	1000.0	410.32062	14.663808	462.27533	271.9983	1975000	0.04047393	8328.107	-0.018013565	-970.4673	19.731657	4.420109	4734.149531364441
395	4438.7886	33.02526	4489.0923	4404.529	1000.0	408.01126	17.135557	448.6278	300.5121	1980000	0.16600943	7796.061	-0.017252967	-1117.081	20.059427	4.680828	4748.431755304337
396	4494.579	76.26348	4612.0435	4399.7856	1000.0	393.23566	24.67092	430.98068	209.28462	1985000	-0.2176917	8172.62	-0.020149782	-1206.3481	20.064812	4.7411075	4762.586759090424
397	4548.4165	81.65302	4639.826	4437.1587	1000.0	402.06268	24.48324	444.81067	207.09433	1990000	-0.14618894	8191.633	-0.0151968	-1119.5454	20.117659	4.7613955	4776.933814048767
398	4508.7373	48.592762	4598.7617	4454.399	1000.0	409.80496	20.25978	458.78607	232.16092	1995000	-0.17968936	7970.946	-0.017016992	-1101.416	20.014734	4.5850873	4791.2884747982025
399	4548.1147	61.91503	4636.6895	4476.987	1000.0	402.29776	24.840712	446.1186	236.28017	2000000	-0.05163197	7629.46	-0.019315954	-1257.1631	20.052376	4.596316	4805.7669677734375
400	4472.3877	116.13559	4636.7246	4311.13	1000.0	410.20712	23.087612	453.44693	277.90118	2005000	0.14967632	7932.4727	-0.018537253	-1290.978	20.007671	4.6154337	4821.554516077042
401	4467.2407	74.08573	4584.8706	4374.366	1000.0	399.44696	21.600122	459.35403	243.94844	2010000	-0.13963242	8431.122	-0.014951214	-1079.5894	19.847494	4.453206	4835.688875436783
402	4479.8604	36.01496	4541.3594	4447.8926	1000.0	398.32874	28.858398	442.13165	208.77776	2015000	-0.29699078	7614.448	-0.02791515	-1311.7856	20.26799	4.919491	4850.042301893234
403	4518.26	89.258415	4609.493	4353.6265	1000.0	405.78464	24.511192	450.16666	183.28325	2020000	-0.60354656	8857.675	-0.032830715	-1311.7803	19.815065	4.5149665	4864.439653158188
404	4492.9014	64.998566	4572.176	4399.405	1000.0	403.57034	20.506721	447.67697	167.39552	2025000	-0.26186365	8085.2896	-0.026832521	-1178.9102	19.911055	4.5442257	4878.516884803772
405	4549.859	103.87799	4688.723	4414.211	1000.0	401.6183	19.488596	457.2099	296.9511	2030000	-0.011580493	8724.309	-0.022469044	-978.3926	20.48548	5.1923385	4892.892424583435
406	4515.685	82.719315	4659.9976	4449.596	1000.0	408.33636	17.947996	460.96103	262.97168	2035000	-0.12255567	7702.7896	-0.017000362	-1290.9102	19.661606	4.3076453	4906.981112480164
407	4548.8086	78.06054	4653.4834	4446.096	1000.0	404.0991	25.351772	444.96933	225.38281	2040000	-0.34237328	9341.69	-0.021524042	-1714.167	20.496962	5.19351	4921.916284561157
408	4491.807	82.31984	4635.5073	4379.226	1000.0	407.6787	19.998377	451.65335	277.163	2045000	-0.38947272	7506.6304	-0.019504935	-1685.9609	20.184048	4.83093	4935.969597578049
409	4479.431	33.57452	4539.44	4443.7676	1000.0	405.05145	21.462444	445.80096	229.48198	2050000	-0.43855947	7261.1455	-0.026365906	-1446.8765	20.120544	4.761414	4950.056560277939
410	4495.5635	91.819916	4648.0566	4369.1836	1000.0	402.51382	28.562834	453.49527	216.04079	2055000	0.27682725	8414.474	-0.016403705	-1572.6274	19.911655	4.6488047	4966.720195770264
411	4563.2803	55.97095	4645.5596	4499.727	1000.0	394.9136	30.2515	444.17847	122.52224	2060000	-0.35540593	8951.655	-0.023049653	-1757.1035	19.870169	4.4390283	4981.834584712982
412	4555.437	96.701935	4698.6323	4446.867	1000.0	405.3128	28.269659	462.53598	245.2639	2065000	-0.13011256	8952.477	-0.026215345	-1664.7476	20.501862	5.17094	4996.372137308121
413	4495.9404	107.46184	4700.1147	4395.607	1000.0	411.54926	22.242842	454.12155	176.87071	2070000	-0.32848385	7498.92	-0.023173928	-1243.5088	20.477888	5.113761	5010.90996837616
414	4546.5312	84.19745	4673.7583	4453.9453	1000.0	401.45676	30.078678	450.8924	207.87349	2075000	-0.16139156	9260.07	-0.017375365	-1815.315	20.727007	5.37518	5025.665918111801
415	4541.7935	60.473408	4625.524	4472.9253	1000.0	406.37985	19.589216	462.60275	285.3619	2080000	0.24926834	8089.6914	-0.014472976	-819.3696	19.998638	4.6165953	5040.292660236359
416	4461.8877	58.933544	4551.598	4366.5703	1000.0	407.60236	21.398342	457.90863	216.36609	2085000	0.049220607	7493.293	-0.017362386	-934.73145	20.385891	4.9568076	5054.746999502182
417	4491.075	81.50982	4603.193	4356.525	1000.0	403.5728	22.480015	457.32077	242.72382	2090000	0.11338657	7614.763	-0.02042728	-1203.7114	20.544193	5.1299834	5068.780736207962
418	4476.0938	58.364475	4572.2656	4413.9976	1000.0	401.6541	29.220541	452.79623	151.7465	2095000	-0.35066587	7942.3657	-0.026808828	-1410.3115	20.792334	5.4724865	5082.923379182816
419	4567.3447	112.23057	4719.383	4433.4473	1000.0	401.3251	25.715296	461.72244	217.64049	2100000	-0.0047552492	7879.1216	-0.0296531	-1383.1313	20.59893	5.312965	5097.182816028595
420	4546.0366	126.4309	4691.591	4402.2734	1000.0	406.2472	28.907701	455.4101	213.80843	2105000	-0.34465897	8385.773	-0.021137565	-1411.1504	20.728754	5.407757	5114.13566493988
421	4492.9463	71.37546	4628.9976	4420.8667	1000.0	406.8593	25.868355	453.17645	180.19226	2110000	-0.29334718	7540.267	-0.024849415	-1635.751	20.629396	5.3553414	5128.328647375107
422	4499.603	77.76869	4603.5903	4419.4	1000.0	405.50458	26.524958	465.96503	224.29132	2115000	0.1859755	8563.091	-0.012521848	-1343.0674	21.009047	5.5922656	5142.177380800247
423	4510.0977	75.818726	4603.5107	4371.132	1000.0	398.64786	28.560995	449.25912	207.74434	2120000	-0.17546341	8335.98	-0.023577139	-1402.3452	20.615126	5.2456408	5156.672721862793
424	4482.043	49.17818	4528.6113	4388.4116	1000.0	409.00385	19.309584	457.3275	256.30087	2125000	0.0409995	7634.2656	-0.028561383	-1151.2007	21.198126	5.8812585	5170.65754532814
425	4493.6333	90.92527	4620.4907	4351.081	1000.0	401.0792	26.984528	450.22678	205.06113	2130000	-0.44203174	8351.1045	-0.029404819	-1265.4404	20.877329	5.5963902	5185.135360956192
426	4454.8286	48.905716	4517.623	4383.1216	1000.0	403.96432	25.944448	454.3216	194.76653	2135000	-0.51065576	7744.965	-0.034352005	-1211.5166	20.914597	5.61823	5199.6463832855225
427	4441.827	29.041473	4471.827	4389.2256	1000.0	403.48734	25.50065	450.9652	255.1365	2140000	-0.19644544	7444.645	-0.02860783	-1251.874	20.717024	5.453699	5214.1521525383
428	4485.0615	58.41521	4573.7993	4410.5444	1000.0	397.23114	35.264946	446.57346	196.79887	2145000	-0.18607871	8422.48	-0.024183244	-1652.3862	21.386463	6.0879636	5228.011573076248
429	4479.444	48.42634	4547.895	4419.4775	1000.0	407.76694	21.902424	449.55014	146.67729	2150000	0.14202571	7295.781	-0.02007576	-1324.3257	20.8276	5.4914765	5242.043352842331
430	4514.974	89.56265	4690.1396	4445.586	1000.0	388.30624	35.547333	437.3555	113.520935	2155000	-0.6002364	8740.529	-0.03018719	-2345.7397	21.214401	5.874608	5258.417885065079
431	4540.0015	81.19197	4648.168	4463.2266	1000.0	409.03732	24.947615	453.10706	133.10693	2160000	0.11953435	8280.493	-0.01382903	-1154.8115	21.074017	5.8309617	5272.432758331299
432	4565.5825	45.464478	4608.091	4483.4434	1000.0	398.5178	36.588173	457.71402	137.49957	2165000	-0.2363894	9204.516	-0.019842297	-2243.5947	21.080833	5.7284265	5286.520181655884
433	4473.9717	75.26233	4581.485	4348.8545	1000.0	413.5819	23.191065	465.02582	153.48915	2170000	-0.031889882	7119.0967	-0.019269358	-1350.5093	21.740334	6.4219975	5300.614783287048
434	4489.379	113.08441	4709.1533	4407.3413	1000.0	394.49585	39.892788	449.4048	150.93024	2175000	-0.49465635	7703.6367	-0.024723023	-1807.3745	21.226915	5.922721	5314.546350240707
435	4436.3096	104.47192	4615.0693	4321.405	1000.0	407.29965	33.630116	449.97495	179.83878	2180000	0.05488746	9205.644	-0.021505475	-2174.1445	21.137966	5.873435	5329.384568452835
436	4571.772	110.32699	4709.001	4402.949	1000.0	396.82474	19.679874	433.53036	216.34465	2185000	-0.31727567	8920.764	-0.028328627	-1236.5142	21.572475	6.330859	5343.500135183334
437	4592.083	79.76329	4733.167	4516.2217	1000.0	409.4718	21.921978	445.77878	221.24435	2190000	0.024633057	8836.836	-0.023152223	-1151.4829	20.948088	5.6474905	5357.9203312397
438	4532.282	121.22286	4726.638	4375.6577	1000.0	418.12762	14.957714	458.0982	181.60936	2195000	-0.11050438	8136.3584	-0.03207823	-972.5322	21.117132	5.8625064	5372.099497556686
439	4472.7935	65.463104	4601.4937	4428.229	1000.0	405.23215	17.75162	464.10532	246.95302	2200000	-0.4790669	7666.3696	-0.0258829	-772.8462	21.3241	6.0772953	5385.993401765823
440	4505.9673	42.06099	4558.54	4444.2393	1000.0	403.3163	16.823343	455.9315	277.65146	2205000	0.28636488	8360.757	-0.023424357	-938.896	21.376478	6.114269	5401.722543001175
441	4554.1626	101.11489	4738.775	4431.749	1000.0	399.31775	28.21398	453.23773	186.59566	2210000	-0.28089175	9276.232	-0.02035585	-1457.835	21.613728	6.301218	5415.80842924118
442	4546.238	90.572876	4664.3394	4441.6577	1000.0	411.7462	14.934324	451.75894	248.76549	2215000	-0.009003735	8623.23	-0.01840188	-652.3711	22.1496	6.8218765	5429.307512760162
443	4482.082	72.92657	4592.816	4373.7925	1000.0	410.66278	12.857931	451.11072	281.86374	2220000	-0.10988667	8048.408	-0.023818173	-767.07227	21.48365	6.1644936	5442.823137760162
444	4464.0547	52.3956	4528.5503	4399.876	1000.0	403.0396	15.228281	442.10007	249.40846	2225000	-0.2600912	7761.6226	-0.034403652	-669.11035	21.712788	6.444097	5456.435855388641
445	4538.8486	53.087406	4642.2705	4492.632	1000.0	400.7708	16.407148	430.88623	267.05615	2230000	-0.17411578	7702.8223	-0.027365595	-773.49756	21.844648	6.6261735	5469.784441232681
446	4492.749	56.170864	4580.149	4414.984	1000.0	402.3328	21.64863	453.35464	226.72906	2235000	-0.64706355	8256.345	-0.030190468	-977.49854	21.577215	6.2949777	5482.5713403224945
447	4516.942	64.45031	4595.243	4438.3604	1000.0	404.20645	18.908798	453.5527	259.49847	2240000	0.12989031	8207.392	-0.01858782	-1007.30615	21.779045	6.518741	5495.393820762634
448	4509.503	81.80563	4636.484	4414.9937	1000.0	405.7	18.86648	456.22974	252.0785	2245000	0.04356996	7808.283	-0.021438112	-1128.3198	22.384575	7.111328	5508.230578660965
449	4493.116	59.14981	4577.9478	4411.6484	1000.0	403.3809	25.58272	459.5476	200.73193	2250000	-0.4483091	8471.847	-0.025705934	-1079.4546	21.92183	6.6560116	5521.9952120780945
450	4530.27	36.50317	4590.7085	4491.351	1000.0	401.39426	23.829857	458.91644	191.13928	2255000	-0.2850921	8993.689	-0.021119446	-1127.706	22.123549	6.8551025	5538.198449850082
451	4497.057	99.69425	4620.639	4361.658	1000.0	409.4991	17.378036	453.8783	216.51483	2260000	0.6836509	8032.119	-0.012016654	-1171.6631	21.813316	6.5303783	5552.133405685425
452	4509.331	62.54894	4592.439	4438.1665	1000.0	406.6713	15.602813	443.87665	248.4791	2265000	-0.025412232	8522.255	-0.02061687	-741.47705	21.530632	6.3269496	5565.2737493515015
453	4493.337	57.16864	4587.62	4408.8643	1000.0	404.704	17.861326	464.88794	266.8061	2270000	0.055448584	8440.352	-0.027646314	-867.8281	21.906755	6.6129594	5578.5478258132935
454	4506.813	36.302246	4554.6245	4474.0083	1000.0	401.90274	20.72029	448.41623	134.95961	2275000	-0.21736142	7611.272	-0.028101206	-1485.1743	21.745913	6.434815	5591.351194858551
455	4472.1777	42.292507	4540.7188	4414.396	1000.0	407.0546	21.832895	445.987	182.90536	2280000	-0.0986961	6996.08	-0.021024473	-1321.3594	21.669167	6.4051666	5604.469434499741
456	4538.54	66.765656	4664.261	4487.0146	1000.0	402.76294	30.400692	457.6069	150.00899	2285000	-0.6001229	8926.715	-0.028065383	-1760.1699	21.831112	6.537607	5618.047280550003
457	4539.2407	51.930946	4605.5117	4472.807	1000.0	409.10834	19.847256	446.4941	85.32615	2290000	0.27417803	8921.333	-0.022614658	-920.88965	21.848122	6.570671	5630.922518253326
458	4466.508	27.574148	4504.63	4426.046	1000.0	405.9059	21.90875	466.96384	125.80535	2295000	0.06915983	8449.664	-0.021952864	-1411.1562	22.257122	6.913275	5643.644296646118
459	4520.2163	48.23839	4591.642	4471.8755	1000.0	407.5806	19.874271	445.2401	163.27167	2300000	-0.44693	8907.139	-0.031184256	-927.24414	22.149754	6.8352804	5656.384068489075
460	4547.4336	51.98251	4610.164	4497.13	1000.0	404.7453	19.563353	449.0937	194.89796	2305000	-0.4344459	8368.236	-0.044417888	-1116.5308	21.559782	6.3174486	5671.285595655441
461	4538.935	64.61142	4605.6724	4459.059	1000.0	405.4373	28.079866	461.4085	182.16576	2310000	0.32990238	7633.1167	-0.02932027	-1287.291	22.19971	6.9224052	5684.151128530502
462	4503.8364	50.25263	4567.0386	4415.391	1000.0	413.29904	19.013067	457.50525	213.68794	2315000	-0.53417844	7917.6753	-0.043547213	-972.06006	22.129856	6.9208117	5696.765865325928
463	4510.143	83.159386	4652.5703	4413.492	1000.0	402.51245	24.731438	457.6746	31.994015	2320000	-0.43506166	7302.147	-0.037389666	-1171.2837	22.379847	7.1528482	5709.413316249847
464	4492.032	61.740887	4556.3887	4387.999	1000.0	404.7429	24.173933	459.60645	209.4012	2325000	-0.4511367	8415.023	-0.027380466	-1205.1226	21.897367	6.7301626	5722.32098031044
465	4499.1914	93.56373	4639.291	4391.3706	1000.0	401.2577	22.576275	458.06497	177.84166	2330000	0.033086132	8085.504	-0.032380603	-1392.7876	22.413494	7.152382	5734.510067462921
466	4541.9634	86.11683	4637.5723	4394.5356	1000.0	406.83096	19.679588	459.1456	180.79349	2335000	0.08407736	8305.204	-0.029406812	-840.00977	22.820717	7.6394343	5747.1175038814545
467	4449.7837	49.752388	4500.9644	4361.0312	1000.0	406.0917	26.899609	447.6973	137.98804	2340000	-0.06315647	8273.458	-0.036770187	-1337.8389	22.766035	7.4686127	5759.987722396851
468	4538.172	132.86598	4701.0176	4385.9404	1000.0	394.71472	21.110731	454.92352	274.83163	2345000	-0.5338182	8525.384	-0.03498727	-1156.7134	22.324278	7.161647	5773.438859462738
469	4534.9927	98.20722	4664.185	4381.7065	1000.0	409.286	19.28078	472.91583	237.38028	2350000	0.113074265	7865.6	-0.02288811	-1345.7871	23.1897	7.955046	5785.7026953697205
470	4472.323	43.13847	4554.7754	4436.0337	1000.0	410.468	19.90146	460.96912	190.74265	2355000	-0.4642009	7754.083	-0.025844097	-1272.9702	22.855654	7.6626515	5799.581634044647
471	4473.5103	79.02324	4608.352	4402.5674	1000.0	391.76276	25.02374	432.18555	224.0316	2360000	-0.7780255	8613.56	-0.031689048	-1345.2378	22.778622	7.520695	5812.975239992142
472	4480.089	79.243774	4554.0967	4339.492	1000.0	406.8357	23.388166	456.76285	264.35767	2365000	-0.5875824	7815.613	-0.04870689	-899.04297	23.269175	8.0821085	5825.9362552165985
473	4495.5024	92.50335	4597.683	4365.938	1000.0	395.8399	33.614597	450.1682	127.762085	2370000	-0.3736149	8247.041	-0.036850035	-1939.6748	22.777023	7.5948687	5838.006534099579
474	4474.2534	65.73024	4569.941	4368.647	1000.0	408.30817	30.64897	459.07053	197.99565	2375000	0.32417944	7077.9937	-0.020986378	-1113.501	22.481976	7.272247	5849.783657550812
475	4456.539	40.857197	4533.024	4417.2812	1000.0	402.68655	23.878284	448.401	171.43173	2380000	-0.019389369	7717.4097	-0.021181043	-1032.727	23.199572	8.040409	5861.5827968120575
476	4484.1323	106.29724	4644.0244	4335.119	1000.0	398.3432	24.949507	452.2388	214.5459	2385000	-0.3966724	8141.6665	-0.03652081	-994.1631	22.828602	7.6310015	5873.323370695114
477	4548.6855	79.40191	4675.189	4454.5483	1000.0	407.4608	21.412832	446.07214	173.09221	2390000	0.21844812	8262.657	-0.021845773	-925.25244	23.085423	7.8387156	5884.7529237270355
478	4510.5205	83.9453	4609.2617	4393.0483	1000.0	408.17926	25.025404	441.40082	116.21497	2395000	-0.29557994	7884.2754	-0.033349693	-1142.3267	23.04921	7.8194427	5896.19455242157
479	4439.2	77.969124	4524.2236	4314.649	1000.0	408.0614	17.321264	459.1693	225.94127	2400000	-0.93905276	7685.5327	-0.050324976	-1081.6211	23.793016	8.624392	5907.609516382217
480	4485.3555	75.90965	4571.149	4365.129	1000.0	398.77426	21.747696	439.05002	223.84465	2405000	-0.6049793	7613.722	-0.0456205	-888.28076	23.276407	8.099323	5921.007004499435
481	4499.0947	144.46178	4689.778	4250.791	1000.0	398.5271	25.756718	432.1487	204.2911	2410000	-0.043012377	8423.377	-0.030957837	-1364.4619	22.907454	7.737383	5932.269209861755
482	4426.4604	52.981136	4491.3525	4364.3267	1000.0	406.83606	27.58584	447.08063	154.50449	2415000	-0.0150714535	7235.076	-0.023954133	-1284.02	23.279251	8.092884	5943.646990060806
483	4533.4473	56.26973	4584.5815	4424.393	1000.0	405.73245	19.342611	445.5152	245.46815	2420000	-0.20245676	8804.294	-0.022830576	-920.1953	23.73673	8.5838	5955.026690721512
484	4498.222	79.85341	4607.7344	4373.9097	1000.0	406.68283	22.847675	457.01404	221.46257	2425000	0.0045980713	8147.7056	-0.027014552	-1229.9663	23.629936	8.442006	5966.71077299118
485	4533.8633	62.83062	4606.1396	4416.55	1000.0	401.2327	26.150816	468.6878	139.00638	2430000	-0.12657434	9209.03	-0.026501447	-1373.1382	23.42916	8.303797	5977.954742431641
486	4502.4727	92.79313	4607.0854	4369.925	1000.0	412.19266	14.187468	463.0716	225.26807	2435000	0.39298406	8667.559	-0.02049008	-886.16797	23.756514	8.495661	5989.380568981171
487	4497.8125	64.39869	4591.0356	4400.9873	1000.0	405.7061	17.035055	437.5329	235.02695	2440000	0.112857565	8617.642	-0.031462885	-783.5078	23.806093	8.653452	6000.875198125839
488	4500.643	55.54158	4572.1245	4416.425	1000.0	404.29517	16.619324	447.36087	273.01608	2445000	-0.3070543	7843.9263	-0.021633744	-646.0791	23.812471	8.610954	6012.096081972122
489	4478.6104	83.651566	4612.3745	4397.068	1000.0	407.94156	16.682016	460.05737	263.48233	2450000	-0.7435902	7994.9297	-0.04394865	-799.4336	24.736025	9.607251	6023.819333553314
490	4434.2207	54.901867	4512.3774	4346.7803	1000.0	402.6992	17.758987	448.64554	248.75371	2455000	0.4785878	7151.459	-0.023600698	-931.5376	23.702465	8.460844	6037.254817724228
491	4447.5586	107.50515	4576.762	4274.811	1000.0	398.8842	21.018185	459.29657	227.94711	2460000	0.092180006	8495.421	-0.043199454	-992.5376	24.150337	8.989211	6048.707980394363
492	4480.616	101.76253	4631.265	4365.548	1000.0	403.19815	17.179317	440.31625	260.35272	2465000	-0.5269427	7988.1694	-0.031811833	-929.2383	24.161228	8.915584	6060.056565761566
493	4537.675	90.32625	4688.0117	4427.1865	1000.0	402.6955	22.458004	459.50928	246.09013	2470000	-0.8972122	8129.3257	-0.04514104	-1366.2026	24.031647	8.905785	6071.570677280426
494	4491.266	62.405346	4578.5903	4410.3496	1000.0	395.40686	41.970802	457.96518	138.95721	2475000	-0.38673523	10354.514	-0.031688213	-2883.4307	24.707615	9.587452	6082.8274137973785
495	4473.213	64.303375	4560.8037	4375.815	1000.0	405.79565	16.76142	469.14053	179.42067	2480000	0.21913056	7834.9424	-0.027990103	-672.8081	23.997477	8.782669	6094.422167778015
496	4543.144	86.57825	4669.771	4431.248	1000.0	403.85916	16.714918	470.4786	217.06447	2485000	-0.3138645	8167.679	-0.029896349	-586.8242	23.65628	8.470194	6106.168052196503
497	4546.1914	95.67885	4728.828	4463.8936	1000.0	408.57205	21.643406	469.631	21.287506	2490000	0.23583372	7845.669	-0.018837899	-976.33594	24.465582	9.221786	6117.593279600143
498	4542.659	158.28508	4821.688	4394.246	1000.0	406.67892	19.086525	466.20862	261.8752	2495000	-0.30257124	8310.085	-0.02813375	-912.9121	24.982195	9.722424	6128.73387670517
499	4536.202	47.34226	4610.253	4481.7275	1000.0	412.0004	15.752858	473.43784	265.7297	2500000	-0.43389267	7197.168	-0.04555124	-521.2002	23.89668	8.766636	6142.715388059616
