Epoch	AverageEpRet	StdEpRet	MaxEpRet	MinEpRet	EpLen	AverageVVals	StdVVals	MaxVVals	MinVVals	TotalEnvInteracts	LossPi	LossV	DeltaLossPi	DeltaLossV	Entropy	KL	Time
0	-1536.0741	92.33868	-1365.4928	-1640.375	1000.0	-0.02817804	0.84725744	2.0007396	-2.0859706	5000	0.38918102	20436.66	-0.027171046	-3792.9395	10.620768	3.1404266	12.999241590499878
1	-1454.4059	40.954067	-1385.5574	-1510.9194	1000.0	-14.393019	0.512751	-9.783592	-14.997736	10000	0.60755163	14778.374	-0.028481543	-1618.6025	10.626004	3.2138972	20.382198333740234
2	-1314.5922	57.21799	-1238.2275	-1404.551	1000.0	-21.57704	0.08369619	-20.668266	-21.651356	15000	0.42871293	10352.396	-0.020580232	-995.6455	10.485183	3.1163454	26.876789093017578
3	-1306.5161	64.81939	-1252.3345	-1431.0762	1000.0	-26.84048	0.045184482	-26.07192	-26.879154	20000	0.44324532	8978.827	-0.017878383	-861.4009	10.361378	2.9694083	33.200846672058105
4	-1217.4529	36.06464	-1167.4772	-1274.1421	1000.0	-31.734732	0.035468426	-31.139307	-31.760838	25000	0.47596532	6951.608	-0.015488565	-681.75195	10.293935	2.9082503	39.595669746398926
5	-1157.2284	84.104256	-1054.1144	-1271.6067	1000.0	-36.175423	0.022963857	-35.548443	-36.19162	30000	0.35911876	5643.8296	-0.016247094	-551.94775	10.372829	2.9305809	45.964720726013184
6	-1183.2817	56.760086	-1087.0079	-1260.3955	1000.0	-40.24875	0.023757407	-39.69206	-40.26432	35000	0.30973944	5467.06	-0.013962597	-536.50977	10.25366	2.8385146	52.56308388710022
7	-1097.603	57.57114	-1037.1516	-1183.4312	1000.0	-44.332355	0.01566052	-43.944283	-44.341846	40000	0.37055936	3628.9312	-0.011439532	-372.61426	10.2978325	2.9023309	59.173381090164185
8	-1121.0481	53.927975	-1063.1797	-1215.2424	1000.0	-47.846558	0.018253505	-47.24098	-47.855984	45000	0.32275552	3574.066	-0.012087047	-355.1958	10.279527	2.8113592	65.44843196868896
9	-1049.3324	61.778484	-935.409	-1104.1562	1000.0	-51.324642	0.014504124	-50.842327	-51.332676	50000	0.35038796	2716.2097	-0.010060698	-255.5498	10.102097	2.6948886	71.78195118904114
10	-995.94446	48.300335	-938.5219	-1080.4265	1000.0	-54.3748	0.014088845	-53.90535	-54.38184	55000	0.14409621	1946.296	-0.006863892	-185.03479	10.14647	2.7296536	78.7013087272644
11	-971.8289	47.90502	-918.4036	-1057.9546	1000.0	-57.035538	0.013328493	-56.523193	-57.04255	60000	0.4332003	1540.6827	-0.009725213	-150.47351	10.01444	2.6138282	85.8571228981018
12	-963.1234	56.818504	-886.4598	-1063.3789	1000.0	-59.4903	0.010839004	-59.24856	-59.49665	65000	0.2411335	1426.341	-0.008518651	-120.70715	10.062606	2.653552	92.71956372261047
13	-945.1984	48.960663	-883.2255	-1010.8946	1000.0	-61.747513	0.011143951	-61.47554	-61.753815	70000	0.19349854	954.4666	-0.009112358	-84.25079	10.080458	2.650346	99.83542275428772
14	-910.31934	66.88889	-802.08453	-999.7848	1000.0	-63.69233	0.0101393005	-63.46058	-63.697998	75000	0.18570426	840.4442	-0.0065496415	-55.118225	10.023964	2.601458	105.97376561164856
15	-851.0544	70.70079	-778.1242	-936.305	1000.0	-65.3107	0.009336111	-65.1195	-65.315605	80000	0.31931332	730.0308	-0.0072927177	-26.869873	9.955792	2.5516129	112.26194715499878
16	-926.2072	61.953846	-836.8375	-1001.2289	1000.0	-66.482666	0.009699362	-66.19097	-66.487854	85000	0.16551204	826.1725	-0.0056150258	-44.321777	10.016218	2.6288645	118.70074677467346
17	-816.8802	72.43984	-710.94946	-898.4497	1000.0	-67.97323	0.010113469	-67.70186	-67.97779	90000	0.19004324	485.2487	-0.007047385	-10.967102	9.936451	2.5073934	125.39390778541565
18	-812.53784	38.980797	-738.804	-847.4082	1000.0	-68.78903	0.00831829	-68.58817	-68.793625	95000	0.14080462	387.8196	-0.0055938065	-3.328186	9.796036	2.4167655	132.72231888771057
19	-815.57025	25.829489	-766.07697	-838.80664	1000.0	-69.241035	0.008366495	-69.04604	-69.2461	100000	0.19998169	407.8836	-0.005491242	-6.51532	9.864508	2.3973975	140.11176204681396
20	-830.05725	61.73164	-718.1632	-901.23395	1000.0	-69.85534	0.010790121	-69.63497	-69.86034	105000	0.20102526	599.9293	-0.006525442	-7.7491455	9.766911	2.3258874	147.9583637714386
21	-785.2227	69.21303	-712.69037	-876.09705	1000.0	-70.55167	0.00858318	-70.33448	-70.55636	110000	0.18625641	463.8998	-0.005166292	-0.43389893	9.71514	2.3111446	155.15994215011597
22	-780.95734	51.550198	-715.5132	-862.1826	1000.0	-70.75302	0.010043137	-70.41194	-70.75745	115000	0.19914582	506.6445	-0.005087495	-0.015899658	9.885554	2.4814343	162.59157824516296
23	-698.3888	25.139208	-667.4624	-740.3317	1000.0	-70.73657	0.010049452	-70.411995	-70.74107	120000	0.16350998	411.6844	-0.004323438	-11.8029785	9.841063	2.4172218	169.9869613647461
24	-782.8466	73.04871	-678.4483	-886.8218	1000.0	-69.85137	0.10878347	-66.02581	-69.86943	125000	0.06423264	491.6156	-0.00553181	-1.1744995	9.774184	2.331611	177.52818083763123
25	-749.08093	44.16698	-683.0208	-812.18115	1000.0	-69.71973	1.3213313	-19.216574	-69.84456	130000	0.16817646	373.53625	-0.0041475445	-15.370392	9.858703	2.4041982	185.2159719467163
26	-691.7557	27.303076	-651.0405	-724.2756	1000.0	-68.51725	3.040539	10.659398	-69.475876	135000	0.16185132	341.13864	-0.0049746037	-57.09854	9.844886	2.4495325	193.4752812385559
27	-667.4079	47.610085	-580.2994	-716.58405	1000.0	-63.683975	4.1742797	-28.281824	-68.766396	140000	0.30333236	323.1007	-0.0075787306	-49.66507	9.716264	2.3180203	201.66977787017822
28	-640.04016	37.155884	-589.2063	-703.3882	1000.0	-61.599037	4.5280147	-12.9271145	-68.241356	145000	0.09117259	371.90845	-0.004656248	-72.07956	9.879485	2.464714	209.46062445640564
29	-656.05786	53.596687	-587.0769	-710.3172	1000.0	-55.751244	7.335854	-3.55104	-65.800026	150000	0.18147422	355.3297	-0.005660668	-87.56442	9.826697	2.3584383	216.91631293296814
30	-639.2322	22.89926	-599.35065	-666.6206	1000.0	-58.474274	4.6961584	-3.589854	-64.939064	155000	0.17212984	252.86418	-0.004777536	-45.729767	9.766888	2.3089461	225.7366144657135
31	-627.1157	21.124004	-587.06036	-644.321	1000.0	-58.39176	4.053416	-18.299242	-64.44333	160000	0.24627823	248.7438	-0.0054448247	-34.796112	9.826271	2.352832	234.07580494880676
32	-605.9861	54.652306	-517.1167	-677.3684	1000.0	-56.04933	5.423719	3.6665847	-63.709972	165000	0.049348183	286.27383	-0.002630379	-67.012955	9.701555	2.302328	241.78905296325684
33	-653.36774	107.527855	-506.0908	-824.26117	1000.0	-54.595406	5.634048	10.022658	-63.73248	170000	0.14576167	697.5955	-0.0032531172	-99.83563	9.63625	2.2053728	249.65938925743103
34	-596.47925	49.19391	-540.8181	-676.1871	1000.0	-53.569237	8.797619	16.217615	-67.45405	175000	0.11997859	320.76056	-0.0036668852	-89.952484	9.72338	2.3101761	257.8396484851837
35	-606.7001	86.285805	-500.38977	-705.74414	1000.0	-55.27978	3.6320758	-22.864058	-65.09318	180000	0.2639616	387.56473	-0.004388869	-49.652496	9.754599	2.3718753	265.9467177391052
36	-673.5028	83.31366	-597.44836	-823.20654	1000.0	-53.880375	6.3968277	1.3645947	-67.6046	185000	0.08331088	553.2166	-0.0031197295	-111.249664	9.696705	2.2819111	273.7451169490814
37	-668.0936	27.402521	-632.86664	-717.1429	1000.0	-60.31573	3.8715615	-29.619104	-68.886024	190000	0.11794531	383.64456	-0.0034852922	-59.75595	9.540925	2.1187491	281.768342256546
38	-598.27704	61.70799	-542.3122	-713.65906	1000.0	-56.815426	5.9837375	-14.114755	-69.06685	195000	0.12947285	299.3824	-0.0018768013	-55.329483	9.7154665	2.273889	290.0015869140625
39	-598.46765	17.655628	-577.73615	-626.3641	1000.0	-54.877342	3.5584571	-17.485844	-68.571815	200000	0.17673072	300.32794	-0.0031629056	-40.548157	9.793825	2.327642	297.87541365623474
40	-602.29724	68.70341	-482.29526	-674.47675	1000.0	-52.075893	5.0956116	-3.0265937	-68.82211	205000	0.1781934	311.55286	-0.0031745583	-52.52182	9.690675	2.2558317	306.57925248146057
41	-566.0892	52.289513	-482.0641	-616.99115	1000.0	-53.556576	6.520075	-13.862095	-69.32236	210000	0.17884208	260.7892	-0.0040926933	-45.84984	9.675003	2.2385538	314.832314491272
42	-563.6395	73.9557	-447.74225	-646.8603	1000.0	-50.508198	5.0281854	1.5427513	-69.17339	215000	0.16500625	330.89996	-0.0040100366	-51.556152	9.627447	2.1910453	323.15847396850586
43	-585.0078	82.61968	-472.82413	-729.2357	1000.0	-52.605324	2.8130736	-19.711447	-68.71544	220000	0.24436687	349.87036	-0.0051560104	-29.138397	9.686097	2.275462	331.30750823020935
44	-584.5121	107.618614	-492.0316	-793.3476	1000.0	-52.053032	4.4111247	-15.011488	-69.14676	225000	0.20709829	418.8305	-0.0031092167	-50.808594	9.683381	2.248431	339.06614804267883
45	-596.6604	34.036743	-544.37787	-651.1227	1000.0	-48.99563	6.6080346	-9.038955	-69.333	230000	0.08667394	406.2498	-0.002210632	-63.030975	9.660075	2.1884449	346.85684537887573
46	-520.7154	41.505688	-456.74323	-583.7388	1000.0	-48.19278	5.982688	-17.26001	-69.68182	235000	0.06648126	291.57544	-0.0019593835	-61.76799	9.611499	2.1593397	355.0242729187012
47	-540.4681	95.732346	-410.26486	-641.64075	1000.0	-49.280155	4.8994985	9.918902	-69.56269	240000	0.074833944	375.9398	-0.003121093	-79.8302	9.731561	2.2805722	362.9726643562317
48	-527.2904	24.475616	-486.87262	-559.42206	1000.0	-46.957886	8.804598	3.0607817	-69.49943	245000	0.12502378	236.97275	-0.002973564	-70.04295	9.588719	2.186993	370.8643174171448
49	-558.5739	32.643482	-514.10803	-603.2919	1000.0	-47.44951	4.076059	-20.53719	-69.55909	250000	0.09422826	289.3252	-0.0027583316	-39.98314	9.620741	2.217377	378.8750810623169
50	-532.2078	78.39788	-395.00845	-637.73645	1000.0	-49.278503	3.393534	-30.336912	-69.54645	255000	0.12613979	250.42645	-0.0022359714	-26.138428	9.536746	2.1353207	387.6226511001587
51	-486.719	210.61526	-69.36402	-625.3422	815.6	-47.494892	5.436054	-27.285849	-69.40713	260000	0.10455399	266.3097	-0.003278464	-48.804016	9.531213	2.1061351	395.780211687088
52	-449.1789	51.26335	-382.70004	-512.4965	1000.0	-51.525375	4.590728	-18.675238	-69.522095	265000	0.1494579	298.4825	-0.0017907172	-110.84448	9.573659	2.1841125	403.87064933776855
53	-644.1234	76.76318	-574.5665	-767.5085	1000.0	-44.406868	5.6269526	-1.5982988	-69.175644	270000	0.18777584	724.03326	-0.0020225346	-224.79868	9.627284	2.1304142	411.93500876426697
54	-483.71933	17.409754	-466.39127	-506.14072	1000.0	-52.668823	6.7424254	-9.967147	-70.725784	275000	0.12333518	310.00665	-0.0023541376	-106.172104	9.524899	2.091	420.2648003101349
55	-514.6077	39.98345	-457.60263	-565.60846	1000.0	-45.359608	4.0135083	5.222953	-70.18592	280000	0.098271616	220.2486	-0.0023985505	-19.036423	9.545059	2.088978	428.42040610313416
56	-511.16617	62.384007	-423.9398	-588.2562	1000.0	-47.74504	5.4041615	-31.563856	-70.43497	285000	0.12723613	336.34164	-0.0028075054	-37.761597	9.626914	2.1738975	436.253928899765
57	-517.0389	52.776882	-445.24957	-586.64606	1000.0	-45.566906	5.6917024	-5.397615	-70.640205	290000	0.09798565	245.90358	-0.0030195862	-29.60318	9.55766	2.0986333	444.3990988731384
58	-456.24716	62.90614	-357.44583	-545.91504	1000.0	-45.109127	5.376806	-18.673368	-70.60219	295000	0.14298464	314.31772	-0.0028142482	-66.21535	9.598194	2.1819007	452.8914077281952
59	-536.5384	71.17251	-429.47705	-622.9246	1000.0	-42.66078	4.5756083	12.650747	-69.847084	300000	0.1472376	362.74014	-0.0021906048	-91.8436	9.55037	2.1259305	461.3107612133026
60	-528.9876	45.75907	-488.79947	-615.7409	1000.0	-47.762955	5.4125943	-8.762546	-70.933426	305000	0.1873494	201.10075	-0.002758652	-25.648956	9.50558	2.0517237	470.2932357788086
61	-470.4537	30.388973	-428.14923	-513.30835	1000.0	-47.710705	5.7572746	-0.34742987	-70.85248	310000	0.10868357	199.40062	-0.0023461431	-55.841904	9.487946	2.0710895	478.6141917705536
62	-473.53506	37.758453	-407.88742	-525.1731	1000.0	-42.050156	3.8646028	24.73661	-65.46123	315000	0.19609343	212.312	-0.0015689731	-26.466812	9.530459	2.0840554	487.2725989818573
63	-514.2543	59.15423	-444.38007	-610.08276	1000.0	-42.82505	4.5005713	8.906119	-69.43183	320000	0.097970895	175.79832	-0.001903601	-28.420105	9.407948	1.9494789	495.99082589149475
64	-496.13202	23.655655	-461.42328	-532.00104	1000.0	-44.678375	3.994463	18.486658	-70.32016	325000	0.08637432	171.39348	-0.0025427863	-16.275223	9.5299015	2.0357747	504.5149881839752
65	-558.44275	54.76651	-511.16083	-660.82446	1000.0	-45.073765	3.782971	-23.437841	-70.06047	330000	0.12543906	239.19405	-0.001991421	-45.74678	9.452386	1.9882867	512.7878699302673
66	-519.56726	45.555904	-469.24973	-603.9955	1000.0	-47.69439	3.9939406	-32.723328	-70.91655	335000	-0.0049922056	172.39113	-0.001728334	-20.154984	9.443768	1.9561987	521.3585751056671
67	-502.03595	75.41974	-394.17746	-604.03796	1000.0	-46.06605	4.9525576	-15.96793	-70.972725	340000	0.16120706	234.33405	-0.0030630976	-26.219269	9.573988	2.130136	529.8990733623505
68	-511.1819	52.392044	-430.18405	-584.9635	1000.0	-45.595764	6.5735893	-2.1751444	-70.892784	345000	0.059183076	224.51218	-0.0018383786	-60.897873	9.554083	2.090431	538.2470676898956
69	-490.07138	24.384539	-458.41895	-519.5192	1000.0	-41.583942	7.4857845	-18.300133	-70.981674	350000	0.17646235	205.17078	-0.0027805418	-41.220306	9.534312	2.0368094	546.9618771076202
70	-506.767	45.639244	-440.65216	-583.19226	1000.0	-44.512196	5.7846527	-13.471992	-70.8954	355000	0.10435901	218.23352	-0.00316111	-28.995895	9.613735	2.1049032	556.1269156932831
71	-478.95987	31.492006	-424.46457	-509.87012	1000.0	-44.09561	5.8786325	-24.004894	-70.9313	360000	0.19196352	243.95296	-0.0026531368	-39.24344	9.48783	2.0331118	564.5664441585541
72	-487.9742	64.44525	-398.12988	-586.4229	1000.0	-44.012863	5.8417845	-2.3356934	-70.820465	365000	0.091558546	436.52875	-0.0020668134	-92.30899	9.581119	2.0845122	573.0308282375336
73	-479.43076	34.008404	-445.72165	-528.2145	1000.0	-43.57158	6.0397096	11.354001	-71.17594	370000	0.13320023	235.70387	-0.0019789636	-54.1232	9.489153	2.041372	581.6295654773712
74	-491.7714	14.940431	-466.23383	-511.58255	1000.0	-44.5035	5.07473	-8.013916	-71.32919	375000	0.08372825	198.64047	-0.0018817112	-25.513092	9.556474	2.0623384	590.4893429279327
75	-562.1995	59.202785	-466.5592	-635.68396	1000.0	-43.487194	4.3868823	-17.05368	-71.25591	380000	0.17007944	281.19308	-0.0020149797	-63.64543	9.471141	1.9511168	599.3399434089661
76	-461.96664	36.014706	-404.8543	-493.6626	1000.0	-47.268074	5.2921987	-5.5237637	-72.4326	385000	0.1603376	254.21718	-0.0025272965	-69.289	9.463628	1.9794136	608.2409982681274
77	-475.37173	68.45209	-349.47964	-542.2457	1000.0	-41.991306	4.511082	20.772316	-69.67132	390000	0.053486455	285.61182	-0.0021650381	-62.337296	9.477127	1.9764893	617.5501828193665
78	-468.91934	48.013412	-415.45108	-544.3063	1000.0	-44.022884	6.554366	5.782237	-72.08205	395000	0.05382996	260.16153	-0.0025769956	-40.194275	9.473589	1.9808748	626.9138095378876
79	-437.70355	16.875196	-407.2157	-457.29306	1000.0	-41.430157	4.841444	-12.317453	-70.30748	400000	0.09044047	162.99687	-0.0013997704	-28.380203	9.553635	2.091009	636.0103144645691
80	-413.32007	83.75495	-279.8996	-537.04785	1000.0	-40.243977	4.905585	-11.257308	-70.93582	405000	0.050130542	427.304	-0.0023273006	-148.27588	9.478172	2.023205	646.0093595981598
81	-476.76913	39.650745	-431.77414	-544.7492	1000.0	-38.10507	6.547145	22.359358	-67.97079	410000	0.14406887	216.07123	-0.0028311908	-72.074875	9.417066	1.9613129	655.4364852905273
82	-504.78442	40.8746	-452.6999	-555.3879	1000.0	-42.47428	2.5456355	-24.968891	-67.88891	415000	0.038611807	169.18225	-0.0018493719	-16.604797	9.463532	1.9598422	664.7425549030304
83	-485.07788	63.792126	-381.0798	-551.13995	1000.0	-45.45061	2.782518	-36.48441	-69.82114	420000	0.0887418	214.57205	-0.0025611669	-25.203903	9.473384	1.9776773	674.1740980148315
84	-467.6674	30.03433	-429.44095	-520.6439	1000.0	-43.288025	4.0633903	-25.641882	-71.14275	425000	0.15781818	162.62918	-0.0023013353	-22.806686	9.466301	2.00078	683.609081029892
85	-412.53467	46.156727	-321.84415	-444.3188	1000.0	-41.587494	4.633079	-24.049261	-70.79323	430000	0.11948733	162.43019	-0.0021623895	-33.809067	9.388547	1.9425945	693.2290539741516
86	-420.67383	43.927082	-353.31494	-476.26114	1000.0	-38.05175	3.608254	-25.258331	-70.261856	435000	0.12124884	290.44254	-0.00250341	-47.537308	9.442337	1.9397174	702.5140087604523
87	-459.8476	68.2081	-342.37814	-537.38617	1000.0	-39.01515	4.469902	2.3140454	-69.21123	440000	0.027774783	242.53355	-0.001658205	-76.67401	9.534936	2.071607	712.0269241333008
88	-473.258	55.93946	-377.3363	-535.7687	1000.0	-41.534924	7.5513434	0.33803302	-71.70369	445000	0.04419137	233.69373	-0.0021289028	-37.371994	9.491236	1.9777268	721.473240852356
89	-456.562	35.10422	-404.87268	-507.96716	1000.0	-41.197395	5.3232574	-19.226662	-71.84798	450000	0.008015869	194.29079	-0.00218873	-27.998795	9.4470825	1.9550465	731.1561725139618
90	-469.46613	29.375843	-421.5676	-500.05524	1000.0	-42.0116	5.72438	-14.011751	-71.694984	455000	0.10105624	181.74417	-0.0014696047	-27.707169	9.402934	1.8893722	741.563639163971
91	-431.67572	33.043476	-384.67813	-466.79178	1000.0	-42.298637	5.512692	-11.193806	-71.79379	460000	0.12992322	227.45848	-0.0023800433	-48.17601	9.470066	2.0042362	751.1887519359589
92	-433.88193	31.34891	-404.49936	-488.08334	1000.0	-39.32233	4.773583	-14.823177	-69.53266	465000	0.032728326	173.632	-0.0017264634	-36.838623	9.291133	1.8531766	760.6208882331848
93	-464.19183	37.25101	-407.12772	-506.71887	1000.0	-38.371265	2.8669727	5.1828375	-64.58468	470000	0.057926867	293.9289	-0.0018433593	-63.879196	9.494033	1.9580323	770.1741642951965
94	-421.55176	92.69723	-262.54306	-523.9959	867.8	-42.417854	6.505647	9.048205	-71.2795	475000	0.05070673	276.6957	-0.0027887188	-65.292114	9.417353	1.8787603	779.8579647541046
95	-453.1957	34.36664	-405.4354	-508.5306	1000.0	-39.676247	5.775135	0.2335887	-70.65971	480000	0.12590891	174.09192	-0.0016129389	-28.074188	9.436426	1.9638023	789.4816586971283
96	-476.60635	64.05744	-411.1705	-587.74475	1000.0	-41.02911	5.250682	-5.5232162	-72.2288	485000	0.02309858	394.35098	-0.0026253592	-115.59503	9.426968	1.9830313	799.0575065612793
97	-487.07413	41.985554	-427.3515	-541.94836	1000.0	-40.434017	9.857423	-23.708368	-73.41304	490000	0.09135668	233.5016	-0.0017629415	-38.51303	9.394363	1.9064583	808.6481819152832
98	-461.77817	85.18577	-348.326	-570.1594	1000.0	-42.771183	8.436216	-22.907053	-74.73941	495000	0.09922404	224.4457	-0.0015535876	-37.4377	9.445366	1.9330733	818.3492724895477
99	-364.3778	89.084404	-197.60985	-449.54742	874.2	-42.058876	7.2067056	-30.637665	-73.92062	500000	0.06647324	266.0741	-0.0022574738	-93.13982	9.43446	1.9468799	827.9956126213074
100	-393.94403	75.885345	-267.0579	-478.28088	1000.0	-37.029507	7.1233215	12.316776	-73.052925	505000	0.11604273	368.53647	-0.0018293783	-178.0943	9.440843	1.9357442	838.2895772457123
101	-447.96533	95.24658	-302.80286	-575.0517	1000.0	-35.10255	8.714596	39.28658	-70.896	510000	0.036433388	346.28775	-0.0020712204	-145.91396	9.530998	2.0303085	847.8322942256927
102	-401.24603	52.485344	-337.64404	-461.61127	1000.0	-37.670288	7.094238	34.698578	-73.763596	515000	0.04483927	250.06885	-0.001530841	-84.5213	9.456469	1.9617149	857.280517578125
103	-476.71198	39.511784	-429.22018	-527.7792	1000.0	-37.694683	6.24151	47.77747	-69.493706	520000	0.08788348	261.86325	-0.0020428821	-109.10924	9.395655	1.8488675	866.8925712108612
104	-457.88052	22.69549	-428.83817	-486.57712	1000.0	-42.129417	6.836031	-13.795666	-74.90259	525000	-0.009135476	147.46887	-0.0020362586	-29.062347	9.544761	2.0235503	876.6434164047241
105	-478.28253	89.18691	-374.02988	-628.91785	1000.0	-40.82038	7.0018783	-12.335633	-73.610146	530000	0.07780059	333.89346	-0.0013439059	-63.792328	9.350082	1.8214074	886.3983840942383
106	-458.47177	45.717	-381.8545	-518.1379	1000.0	-41.687675	6.1975837	-0.31597972	-75.83734	535000	0.011624446	262.65842	-0.0008431459	-45.12964	9.368117	1.8618777	896.1598901748657
107	-443.12506	36.493935	-385.60974	-489.21066	1000.0	-40.123013	4.987135	-5.6648064	-74.55701	540000	0.15343262	238.03308	-0.0019263178	-57.840836	9.435453	1.9632385	905.7634325027466
108	-502.44418	59.625343	-450.12653	-619.0473	1000.0	-40.39733	7.3598447	26.097284	-75.9402	545000	0.052213855	370.4588	-0.0020070337	-150.32445	9.459522	1.9336458	915.2066922187805
109	-479.01382	51.44281	-381.47433	-521.288	1000.0	-42.36892	9.69837	-4.0434804	-78.01329	550000	0.015638996	277.3287	-0.0017751558	-37.497833	9.493223	1.9491019	925.2275724411011
110	-446.51376	68.967064	-369.0834	-573.00116	1000.0	-43.65147	9.888702	23.19405	-78.30576	555000	0.05628823	420.7147	-0.0014705993	-109.98993	9.408145	1.9035032	936.2591099739075
111	-447.59595	39.376793	-403.24594	-520.1219	1000.0	-40.1121	6.7584248	7.715745	-77.84109	560000	0.059461683	218.94638	-0.0012634769	-47.037186	9.497617	1.9684242	945.913557767868
112	-435.05756	72.31077	-355.89655	-564.4034	1000.0	-39.58966	4.3466735	3.612557	-73.50922	565000	0.032971375	248.86443	-0.001840705	-40.729233	9.446945	1.9693762	955.5794036388397
113	-449.873	50.30904	-382.03525	-507.37238	1000.0	-39.758236	6.294496	18.158035	-76.48758	570000	-0.0024955964	252.98958	-0.0016343046	-68.69916	9.451541	1.9370527	965.2445287704468
114	-476.19403	79.918564	-328.75134	-548.8865	1000.0	-40.70488	7.471267	-6.9200344	-77.71717	575000	0.16734332	298.56403	-0.0017605275	-85.98262	9.430556	1.9394133	974.820839881897
115	-440.3868	63.84841	-329.23492	-500.7642	1000.0	-41.228413	9.2467	30.511564	-79.60501	580000	0.12935075	248.35036	-0.0023925155	-75.82274	9.441763	1.9217997	984.496780872345
116	-424.59918	57.885426	-333.84018	-493.57898	1000.0	-39.566673	7.0531397	28.202627	-78.05991	585000	-0.0016187256	205.9999	-0.0019514038	-58.304398	9.34925	1.9091051	994.4710507392883
117	-477.09082	41.981373	-424.38065	-550.0701	1000.0	-37.601	9.181788	11.660151	-77.93068	590000	0.08483055	433.9138	-0.0018623918	-130.1901	9.412734	1.8814268	1003.9808452129364
118	-478.8051	44.20605	-424.78046	-540.82214	1000.0	-41.801582	7.404258	-17.39774	-79.5718	595000	0.054900672	269.8942	-0.0018009059	-53.623077	9.462314	1.9028379	1013.5813894271851
119	-482.67548	71.80947	-391.8356	-594.55457	1000.0	-42.83607	9.053758	15.507281	-79.45984	600000	0.07412477	387.9954	-0.0015557036	-116.828	9.506361	1.9853578	1023.2504317760468
120	-435.5188	41.616405	-378.5989	-483.27338	1000.0	-40.963963	5.7053256	-9.549128	-75.03624	605000	0.121945865	164.869	-0.002405189	-39.44995	9.384611	1.8838545	1033.656911611557
121	-405.6705	24.583292	-385.4842	-453.68414	1000.0	-39.38338	3.991965	-8.326007	-73.1683	610000	0.018481094	210.63992	-0.002095081	-70.70912	9.478872	1.9174645	1043.3556370735168
122	-426.70883	31.037485	-382.52972	-474.95987	1000.0	-36.937977	7.0345244	24.001198	-66.73174	615000	0.064394936	248.08208	-0.0013666376	-60.517715	9.409725	1.9116789	1053.0332219600677
123	-458.5323	64.7485	-375.30838	-568.3293	1000.0	-38.521805	4.8943524	7.10913	-71.59637	620000	0.009798437	278.29105	-0.001967364	-104.03024	9.466236	1.9770933	1062.725171327591
124	-484.98462	61.804188	-414.58563	-585.81055	1000.0	-39.576664	6.6140056	-20.633028	-79.90711	625000	0.0065213256	199.86916	-0.0017031492	-43.538742	9.3874855	1.902755	1072.3474628925323
125	-375.69135	84.87374	-250.9832	-509.22614	1000.0	-42.615414	9.160897	-22.911871	-81.263664	630000	0.14963673	409.44174	-0.0014336705	-215.54729	9.375184	1.9205729	1082.0888731479645
126	-325.2389	162.18962	-16.201422	-465.73917	827.2	-36.02663	5.7922106	29.247614	-73.68578	635000	0.1181475	289.23135	-0.0014353171	-66.504	9.490511	1.9288832	1091.8091843128204
127	-414.8955	26.435507	-390.7689	-461.56232	1000.0	-37.99066	6.1843443	12.954062	-78.229294	640000	0.03878505	211.37935	-0.002044022	-47.49579	9.332897	1.8891269	1101.669861793518
128	-447.06332	80.26545	-317.77994	-552.07385	1000.0	-37.694695	4.2300715	9.230437	-74.065796	645000	0.10340344	263.89633	-0.00207147	-47.977585	9.430525	1.8858203	1111.0356373786926
129	-424.2967	27.304407	-393.43063	-473.367	1000.0	-39.1772	4.5384965	-12.632561	-79.60074	650000	0.10330971	155.34468	-0.0019250438	-20.342453	9.444002	1.9102468	1120.7811124324799
130	-454.90616	20.720135	-422.57822	-485.45142	1000.0	-38.590343	3.5612264	-8.2415695	-75.27285	655000	0.12535079	152.7495	-0.0014266446	-25.170097	9.429683	1.8563461	1131.4179360866547
131	-452.45258	67.7744	-389.53854	-551.54553	1000.0	-40.869156	4.498572	-7.696321	-77.025116	660000	-0.0022380096	225.70212	-0.0020566392	-40.61635	9.343774	1.7865624	1141.168396472931
132	-454.4872	54.844837	-365.30566	-517.2848	1000.0	-40.081406	6.0084305	0.955667	-77.99268	665000	0.030240692	207.00807	-0.0023947265	-32.849014	9.36779	1.8413293	1150.5972299575806
133	-354.9809	38.391113	-291.35983	-402.37057	1000.0	-40.71226	5.645778	-10.12377	-77.7813	670000	0.099625446	284.3297	-0.0022680834	-138.9338	9.363638	1.9109371	1160.0925381183624
134	-434.8399	65.14372	-381.76886	-548.3069	1000.0	-33.31867	4.033738	3.745084	-61.623257	675000	0.09351742	236.77118	-0.0018202737	-65.26813	9.371512	1.8496826	1170.02725148201
135	-468.04565	66.85741	-386.1829	-585.53906	1000.0	-40.05781	4.729962	11.3673525	-73.90925	680000	0.03456153	388.1254	-0.0021350905	-166.78642	9.436533	1.9275719	1179.7595834732056
136	-466.03986	85.4618	-382.9685	-626.9348	1000.0	-41.29728	6.3593936	-22.810991	-81.09124	685000	0.064839035	227.2397	-0.0019307733	-30.920242	9.490565	1.8996365	1189.4366300106049
137	-410.46353	35.972363	-367.09186	-466.47742	1000.0	-40.203392	5.4267106	-23.683012	-82.280914	690000	0.07860685	217.7604	-0.0008829236	-45.431137	9.395615	1.8525672	1199.0824370384216
138	-412.60684	45.20766	-344.1816	-475.1471	1000.0	-38.120605	4.1955004	-4.017938	-78.419525	695000	0.12548298	181.40685	-0.0020493567	-19.397766	9.478984	1.946125	1208.7421452999115
139	-424.69214	45.528114	-352.87622	-480.28174	1000.0	-38.42365	4.8005247	-8.356225	-80.43479	700000	0.09030121	236.25964	-0.0017965063	-51.240524	9.416761	1.9421886	1218.6029562950134
140	-442.1308	63.878426	-325.4857	-509.80402	1000.0	-36.776188	5.2165003	-6.2959957	-79.22797	705000	0.099391714	270.9536	-0.0016184673	-58.74666	9.352363	1.8521217	1229.369905948639
141	-416.29913	26.168783	-370.78995	-452.49823	1000.0	-40.388145	6.0761647	-12.950165	-79.44386	710000	0.104900524	230.53058	-0.0017419532	-47.076385	9.366705	1.8202801	1239.267254114151
142	-481.86142	64.09195	-403.8364	-564.7574	921.2	-39.773003	6.7949862	12.637934	-80.05375	715000	0.043283466	303.0067	-0.0012295134	-107.20946	9.448083	1.8992598	1249.2945144176483
143	-407.6542	84.34843	-288.46835	-514.58606	1000.0	-43.595554	8.081618	-15.710222	-80.10764	720000	0.05979276	347.81244	-0.0015115365	-136.7286	9.395427	1.8606703	1258.8208899497986
144	-466.0144	69.637	-375.73267	-572.14264	1000.0	-36.25371	5.9622145	11.933948	-78.11723	725000	0.08184501	248.0099	-0.0019106865	-76.396545	9.516423	1.9721208	1268.5764060020447
145	-393.41428	23.335405	-352.444	-423.82117	1000.0	-39.53895	6.140188	1.3078542	-78.17215	730000	-0.0071349093	189.61575	-0.0012050713	-50.238785	9.4731	1.9253263	1278.0235247612
146	-460.36996	56.095036	-369.5997	-538.94824	1000.0	-36.586826	4.613237	14.960048	-74.885254	735000	0.025186492	234.85115	-0.0026412923	-50.07039	9.554818	2.010361	1287.8173456192017
147	-448.5921	40.72893	-373.11755	-493.19104	1000.0	-40.9612	4.0656185	-5.97963	-73.24419	740000	-0.007207501	165.08556	-0.001740213	-21.373108	9.41027	1.8557566	1297.70356631279
148	-459.39346	66.04084	-364.09222	-545.8672	1000.0	-39.803875	4.685879	-5.120269	-78.90022	745000	0.08121101	192.55292	-0.0010830685	-37.69261	9.4472685	1.904118	1307.5819668769836
149	-422.56415	23.8185	-388.3819	-460.6987	1000.0	-39.16419	5.8980503	-21.382566	-76.30199	750000	-0.011783067	117.25883	-0.0023379652	-21.258873	9.482433	1.9334433	1317.2206590175629
150	-459.40765	41.036083	-408.03815	-525.84766	1000.0	-39.653507	5.1197667	-12.980383	-74.81871	755000	0.059813753	296.47855	-0.0013626553	-76.9158	9.447185	1.9444486	1328.0438601970673
151	-410.84457	67.87476	-332.67212	-531.8156	1000.0	-38.399036	6.962056	1.6245317	-81.46207	760000	0.08396894	210.65234	-0.0015733466	-46.78311	9.466577	1.9973547	1338.0873911380768
152	-426.36322	41.128937	-398.54932	-507.5901	1000.0	-34.19722	5.917725	9.0419235	-81.85136	765000	0.15044972	196.92995	-0.0018991977	-46.96602	9.403031	1.8682014	1347.3509740829468
153	-428.17398	34.52326	-372.07758	-477.2475	1000.0	-38.61914	4.040123	-11.252948	-76.6756	770000	0.08930573	158.72597	-0.0018679053	-22.425247	9.45208	1.8849758	1357.116044998169
154	-388.758	54.6669	-291.78876	-449.0768	1000.0	-38.66101	3.1471195	-10.651285	-68.98235	775000	0.1520598	206.73177	-0.002139181	-28.171722	9.430145	1.8642544	1366.8278217315674
155	-439.66983	89.55713	-288.24203	-550.9527	1000.0	-36.10309	4.0100965	-6.707197	-76.07771	780000	0.08699173	296.50925	-0.0019044355	-57.147354	9.394886	1.8232447	1376.7160413265228
156	-392.44952	72.619255	-296.45624	-475.2912	1000.0	-39.228477	5.921381	19.317673	-81.148575	785000	0.124572776	267.6303	-0.0018321276	-59.353104	9.455556	1.899527	1386.496740579605
157	-412.8456	71.2367	-272.86996	-466.2527	1000.0	-35.21822	4.6360564	20.198309	-72.99456	790000	0.11909456	197.7419	-0.0026422366	-49.11592	9.388218	1.8353453	1396.2437598705292
158	-456.44092	52.655643	-406.13303	-537.37366	1000.0	-38.458164	5.088175	14.622953	-72.27575	795000	0.07054541	184.4634	-0.002187796	-43.947266	9.388897	1.8653923	1405.8103032112122
159	-454.16324	36.563526	-403.5075	-504.09015	1000.0	-41.714916	4.938534	8.939317	-78.366875	800000	0.0495826	176.07285	-0.0016065091	-24.059021	9.399619	1.8070068	1415.5539798736572
160	-476.85864	73.60512	-414.16272	-617.6688	1000.0	-40.883785	4.0686483	-6.644997	-77.93378	805000	0.014057724	241.88727	-0.0027427943	-52.82341	9.405111	1.8253171	1426.306046962738
161	-421.85028	28.718336	-387.1375	-465.05222	1000.0	-40.821526	6.512662	4.52361	-81.538734	810000	0.0007100098	235.53337	-0.0016915773	-73.62668	9.490007	1.9130168	1435.8007519245148
162	-432.40933	24.31778	-407.90277	-472.14658	1000.0	-38.235027	4.2966046	17.692148	-79.9418	815000	0.08632706	199.9623	-0.0015823618	-33.227676	9.435469	1.8711367	1445.5801527500153
163	-442.4665	35.488438	-387.8127	-499.963	1000.0	-38.51538	5.0310016	-16.961758	-76.336525	820000	0.11747164	153.30067	-0.0028347373	-21.776901	9.422769	1.8355272	1455.5111780166626
164	-444.59332	52.5985	-372.6897	-525.7071	1000.0	-38.297188	3.051181	-10.482514	-65.48881	825000	0.088864066	147.64319	-0.001371555	-17.662842	9.442574	1.8648058	1464.9019396305084
165	-420.5589	56.919537	-315.3768	-480.12128	1000.0	-39.9293	5.6496263	-10.030265	-72.84217	830000	0.103376016	202.46935	-0.0018037185	-35.79132	9.448686	1.9031166	1474.2862570285797
166	-357.14957	39.038258	-311.30353	-420.5563	1000.0	-37.852177	4.48214	-7.109082	-69.35107	835000	0.20975423	193.1036	-0.0017108917	-63.48465	9.411991	1.9320277	1484.1918115615845
167	-473.503	31.864561	-435.76694	-520.24646	1000.0	-33.259087	3.437993	-0.44445163	-63.94634	840000	0.060145434	309.26978	-0.0011290275	-108.384964	9.414532	1.8492953	1493.8776240348816
168	-423.10126	53.827747	-359.72253	-510.90384	1000.0	-42.140663	6.003367	-19.79505	-75.25182	845000	0.03369409	256.07028	-0.0013811067	-67.90289	9.423216	1.8619807	1503.5839087963104
169	-421.83893	70.29744	-334.45505	-549.88574	1000.0	-38.692204	4.2341876	-5.789605	-75.584305	850000	0.0498666	232.82018	-0.0016156435	-68.758316	9.422693	1.8116246	1513.489877462387
170	-420.0456	52.86456	-356.3024	-492.53772	1000.0	-38.71162	7.3320246	-5.0825496	-77.77872	855000	0.021095198	212.17775	-0.0017131139	-53.315918	9.421013	1.8240564	1524.2762138843536
171	-411.2592	80.946045	-346.977	-570.60345	1000.0	-37.174683	3.5722675	-2.2075408	-66.34552	860000	0.10811877	256.14407	-0.002117917	-52.269455	9.387112	1.8168483	1533.9479780197144
172	-384.6452	210.61044	-2.0039196	-646.8855	842.6	-38.580074	5.349332	1.6744276	-73.02209	865000	0.021013666	458.517	-0.0018293522	-149.2713	9.494605	1.8978477	1543.749323129654
173	-387.16217	46.851887	-324.83673	-446.54086	1000.0	-38.299793	7.183535	27.103567	-79.75252	870000	0.1393653	232.46808	-0.0019591004	-75.8649	9.363779	1.8200898	1553.8615453243256
174	-449.16513	27.366013	-397.48914	-473.55704	1000.0	-36.19155	4.8256617	-3.238288	-74.52227	875000	0.079363	205.398	-0.0023706704	-61.558975	9.403563	1.7956378	1563.6621506214142
175	-405.8032	44.70963	-325.36484	-455.03802	1000.0	-40.46307	5.8403554	-8.37132	-79.83601	880000	0.020928515	199.51794	-0.0014050528	-51.564087	9.388639	1.8072047	1573.1012935638428
176	-413.39902	21.202808	-376.5712	-441.8366	1000.0	-36.83505	4.385759	3.5243382	-74.00407	885000	0.09806953	220.6855	-0.0018321052	-37.033356	9.388961	1.8465298	1582.6318175792694
177	-432.1893	60.36658	-361.66678	-523.1443	1000.0	-37.692142	4.8630543	6.0576553	-76.67248	890000	0.02246933	294.61685	-0.0015455335	-66.57135	9.438163	1.8561109	1592.4061605930328
178	-412.99615	76.764114	-280.25003	-506.52963	1000.0	-39.2116	5.0074153	14.514988	-77.44733	895000	0.033294123	199.13647	-0.0013018139	-35.33438	9.505136	1.9181949	1602.1750507354736
179	-412.34845	35.568325	-351.0773	-454.18808	1000.0	-37.752983	4.446612	9.5977	-72.76668	900000	0.10394306	149.9613	-0.0018702671	-34.288544	9.378622	1.8430843	1612.1515400409698
180	-462.94238	15.123471	-447.3367	-491.4966	1000.0	-37.57723	5.6710987	-12.237711	-74.4101	905000	0.070729874	199.16643	-0.0020922422	-52.00473	9.346421	1.800809	1623.1129796504974
181	-427.52197	68.493	-367.2073	-552.30664	1000.0	-43.754158	8.2662115	-10.280546	-80.121925	910000	0.04211563	380.56354	-0.002422534	-123.45853	9.430095	1.8430527	1633.0669634342194
182	-421.4309	49.565468	-335.0943	-478.7275	1000.0	-36.80278	3.9940348	0.6507056	-73.717415	915000	0.14128232	193.6445	-0.0018081516	-28.548737	9.418865	1.843673	1642.523642539978
183	-369.77957	159.25713	-92.99723	-573.1256	836.0	-37.7657	6.001849	10.892719	-72.24979	920000	0.035195705	219.93845	-0.0012757666	-74.870544	9.405176	1.8349931	1652.2153086662292
184	-403.96518	57.065144	-326.57468	-487.09137	1000.0	-37.69228	4.469126	-13.935071	-69.73583	925000	0.08694051	190.00153	-0.0022762343	-38.437027	9.383945	1.832442	1662.0429964065552
185	-434.25912	61.03907	-344.53485	-508.29248	1000.0	-36.150307	2.6847234	-15.875274	-57.79042	930000	0.10666016	183.53008	-0.0017968118	-29.890198	9.387681	1.8387004	1671.6323058605194
186	-355.10577	179.05745	-7.4836187	-521.1409	806.4	-39.34428	5.191059	-2.052477	-70.14532	935000	0.04420782	192.26538	-0.0011273175	-47.075027	9.410167	1.8032871	1681.188004732132
187	-386.88666	45.36715	-303.98468	-436.8295	1000.0	-40.911053	3.5453274	-0.071955085	-66.77939	940000	0.079633646	203.67761	-0.00090981275	-56.248444	9.387844	1.8303312	1690.8228676319122
188	-472.29703	43.709457	-412.12457	-528.5815	1000.0	-35.457024	4.269293	-14.832766	-75.09134	945000	0.078117184	224.3294	-0.0013010204	-80.94826	9.422056	1.8317722	1700.51335978508
189	-418.77142	56.730988	-354.39175	-508.35333	1000.0	-41.54369	5.619765	-28.40227	-77.37157	950000	0.014819033	221.58842	-0.0015474455	-53.579346	9.332902	1.8064582	1710.333455324173
190	-394.12323	55.195507	-313.05078	-447.87784	1000.0	-36.80815	5.10059	6.9496636	-71.75394	955000	0.0414534	187.8924	-0.0014737099	-33.56987	9.347622	1.7719297	1721.032571554184
191	-420.60284	108.8258	-232.61235	-527.0573	1000.0	-37.47658	4.2890763	21.827784	-73.18813	960000	0.06940191	290.96518	-0.0013821945	-68.66118	9.427247	1.8333248	1730.662668466568
192	-453.496	40.217236	-414.77396	-521.5829	1000.0	-37.401356	6.016458	9.968884	-76.621796	965000	0.061697118	198.4076	-0.0015172064	-47.70616	9.379232	1.7637582	1740.2967369556427
193	-441.19687	124.92963	-345.5433	-678.78174	1000.0	-39.929695	7.5960007	26.57537	-82.04905	970000	0.09045773	322.84634	-0.0017617047	-92.41814	9.374075	1.8098793	1749.7450318336487
194	-391.74118	67.30843	-334.29404	-521.08276	1000.0	-38.74389	7.1120844	6.123685	-85.176315	975000	0.04176041	231.9084	-0.0014561713	-85.98981	9.414305	1.806643	1758.9902358055115
195	-404.77682	23.604898	-367.16336	-440.40002	1000.0	-35.113937	7.2620816	36.97938	-77.876396	980000	0.04412688	225.79698	-0.0017789192	-58.61754	9.419833	1.8069808	1768.8863956928253
196	-391.56183	182.30212	-50.090275	-571.3594	833.6	-39.658653	6.778334	8.419071	-83.1226	985000	0.027282873	330.5048	-0.0015650298	-92.169785	9.385137	1.7963178	1778.6273176670074
197	-479.19492	34.90244	-424.18454	-527.30145	1000.0	-41.079224	7.275344	-1.1815704	-85.485085	990000	0.042462487	191.61784	-0.0016585253	-50.117447	9.359475	1.7608639	1788.212741136551
198	-410.01044	57.826973	-297.65555	-461.26727	1000.0	-42.019913	6.0732	-16.54744	-82.02015	995000	0.07883573	261.83206	-0.0016599223	-69.29294	9.440878	1.8276321	1797.9297425746918
199	-373.25677	168.47127	-47.15363	-495.31876	814.8	-37.174946	4.582051	-12.342733	-79.936195	1000000	0.14513096	217.18773	-0.0021956414	-53.004898	9.479661	1.8383135	1807.7336263656616
200	-431.5747	62.61345	-333.46872	-519.6439	1000.0	-40.448242	5.8061213	-5.1166916	-80.46625	1005000	0.08776243	196.84395	-0.0013461709	-33.25482	9.324502	1.776742	1818.3989770412445
201	-472.0804	71.7896	-375.3584	-549.1682	1000.0	-39.495193	5.716374	-16.17457	-74.479	1010000	0.008308795	302.52884	-0.001935245	-109.31378	9.373444	1.8313575	1828.1130168437958
202	-473.8497	40.144844	-428.389	-545.6562	1000.0	-40.33475	11.521097	7.1975145	-88.1346	1015000	0.112136595	236.7498	-0.0015544668	-95.21275	9.412847	1.8539852	1837.7692630290985
203	-437.38965	46.138195	-375.64145	-512.97156	1000.0	-43.780193	5.75845	-0.27869022	-81.13502	1020000	0.08126404	280.67374	-0.0011581928	-95.09679	9.385706	1.8342395	1847.464233160019
204	-436.48828	51.10329	-351.13434	-487.61545	1000.0	-40.2048	8.404556	7.086055	-82.36984	1025000	-0.01074995	228.84947	-0.0014522839	-62.866196	9.3878145	1.794187	1857.6359016895294
205	-423.01337	72.51431	-306.08047	-515.3076	1000.0	-37.889786	4.743155	-11.676226	-70.98908	1030000	0.035934478	244.36716	-0.0011824891	-64.79755	9.4387245	1.8200551	1867.7664115428925
206	-466.9048	31.174711	-411.53235	-507.3823	1000.0	-40.58522	6.674143	14.399399	-77.49042	1035000	-0.008214252	205.06876	-0.0011567529	-52.161957	9.327186	1.7728816	1877.2770791053772
207	-434.19165	82.3445	-299.13037	-536.2172	1000.0	-40.5507	5.153982	4.674603	-81.223755	1040000	0.069873475	215.4241	-0.001974158	-60.279556	9.390671	1.7836434	1887.047292470932
208	-422.7193	61.780426	-320.61295	-495.1422	1000.0	-38.166824	5.9088087	-0.47310948	-84.489426	1045000	0.06382467	189.34543	-0.0019728877	-39.646317	9.344313	1.771686	1896.7260100841522
209	-434.22037	36.57033	-378.36905	-492.62955	1000.0	-39.04177	5.4737754	-2.0536194	-78.275826	1050000	0.026233392	188.95497	-0.0009492971	-35.23961	9.39974	1.8049859	1906.3799049854279
210	-421.38287	24.32501	-382.71518	-448.62036	1000.0	-39.07752	4.6403418	-18.50228	-73.866264	1055000	0.04957462	150.06535	-0.0013519861	-27.59143	9.385532	1.8014492	1917.4521100521088
211	-376.96503	40.130302	-301.22098	-418.83493	1000.0	-37.43277	3.5017242	-5.1416264	-71.45686	1060000	0.12700641	200.16109	-0.0017313659	-56.617294	9.366257	1.7772949	1926.939668893814
212	-426.1771	58.940914	-313.96442	-480.6901	1000.0	-35.426567	4.690687	14.47977	-67.80411	1065000	0.018764624	270.41296	-0.0017628111	-63.7303	9.442098	1.8288836	1936.6890580654144
213	-424.87143	57.82188	-324.33783	-503.21152	1000.0	-38.231045	4.362543	36.097614	-63.909573	1070000	0.08133976	190.89505	-0.0011938289	-34.518982	9.406464	1.7603265	1946.2443149089813
214	-427.49854	141.82057	-160.46243	-564.88086	834.8	-39.79923	4.660089	-9.87727	-77.33152	1075000	0.10528792	260.102	-0.0016259775	-66.974045	9.403962	1.7824165	1955.804992198944
215	-487.62997	26.111984	-448.1421	-524.3349	1000.0	-40.79103	6.689642	-27.729925	-82.59691	1080000	0.01389737	169.97923	-0.0015934631	-28.959549	9.321564	1.7167183	1965.2386741638184
216	-412.3247	55.969475	-334.68332	-480.38516	1000.0	-42.347126	6.0464845	22.979252	-81.46497	1085000	0.06906371	320.26364	-0.002426535	-107.42474	9.419609	1.8389242	1975.1330473423004
217	-476.10138	38.611847	-424.0635	-521.43976	1000.0	-37.115173	4.690873	-1.9299583	-73.39328	1090000	0.023571895	295.373	-0.0016474258	-109.965164	9.429384	1.8151996	1984.619933128357
218	-466.04092	40.918762	-432.3548	-542.6382	1000.0	-39.149517	7.004282	-1.4791516	-83.28061	1095000	-0.0377706	171.9423	-0.0019750297	-30.23552	9.403844	1.7789043	1994.202980041504
219	-401.55884	72.8323	-292.39816	-483.72928	1000.0	-40.817993	5.4868336	0.7455697	-75.43181	1100000	0.02624447	158.68785	-0.0015507732	-46.637123	9.43262	1.8523973	2003.8260893821716
220	-411.88818	37.232666	-356.85486	-468.25842	1000.0	-36.898125	5.586349	1.1893879	-73.71053	1105000	0.044450253	235.3784	-0.0012749657	-52.73729	9.361274	1.7468613	2015.7569139003754
221	-430.92163	65.73657	-325.07495	-520.91016	1000.0	-38.42435	4.163277	-0.5799593	-67.28416	1110000	0.096408814	236.79034	-0.0021032244	-69.48747	9.347113	1.769813	2025.559364080429
222	-383.24628	41.171803	-329.08176	-448.76263	1000.0	-38.097233	5.109911	6.1518207	-70.815216	1115000	0.07592405	184.54889	-0.0021665841	-46.163666	9.404466	1.8041096	2035.127418756485
223	-477.57462	34.53256	-417.6197	-511.19623	1000.0	-36.1333	4.46355	0.66667855	-77.461266	1120000	0.052842993	226.9861	-0.0015991218	-63.342606	9.31624	1.7043812	2044.3832669258118
224	-415.9283	65.752914	-343.2369	-527.1613	1000.0	-41.500587	5.1369505	12.500939	-71.70666	1125000	0.018784553	326.71054	-0.0020620264	-76.160416	9.456322	1.7945731	2054.172424554825
225	-421.36807	64.66826	-349.2053	-522.6729	1000.0	-38.31193	4.8048797	3.2476492	-78.10068	1130000	0.13748245	242.45905	-0.0017788857	-64.24487	9.423123	1.8119894	2064.61673784256
226	-427.69427	18.04078	-409.57486	-460.33987	1000.0	-37.77006	6.658947	3.6636639	-83.99186	1135000	0.0422929	218.26865	-0.0024580732	-37.764328	9.348228	1.7649859	2074.494795322418
227	-393.94376	80.27407	-275.23813	-494.08047	1000.0	-37.882828	6.132671	23.941406	-76.71743	1140000	0.23535337	311.69144	-0.0017543882	-123.23181	9.431025	1.8210422	2083.8763308525085
228	-437.86426	59.42269	-327.26093	-486.80554	1000.0	-38.303234	5.085978	30.246447	-70.94605	1145000	0.096168704	182.3966	-0.0014546663	-33.210495	9.32	1.7279961	2093.549204349518
229	-462.4511	49.049057	-402.61847	-531.01465	1000.0	-40.173145	5.5883455	20.691273	-79.133514	1150000	0.05238345	223.0937	-0.0014132038	-96.1414	9.385267	1.7861985	2103.351114988327
230	-394.5268	65.07662	-311.29596	-476.9894	1000.0	-39.115078	9.510644	-4.4433784	-83.73451	1155000	-0.011183631	276.503	-0.0016416926	-125.31746	9.368496	1.7626702	2114.344868659973
231	-434.5751	26.116549	-411.33466	-481.77057	1000.0	-36.910194	3.5962913	-2.0768027	-67.84061	1160000	0.07485029	240.76367	-0.0017165393	-55.62039	9.352672	1.7666934	2123.7556269168854
232	-427.6473	58.01457	-332.13824	-489.59592	1000.0	-38.63139	6.178789	25.20498	-77.042435	1165000	0.08356976	267.61566	-0.0019294247	-66.409	9.390796	1.7265695	2133.432524204254
233	-442.10382	43.83834	-372.6506	-497.0594	1000.0	-37.71268	3.921789	-6.486848	-76.04633	1170000	0.090153396	210.02783	-0.0019397885	-43.418655	9.399603	1.7929192	2143.2281398773193
234	-414.62994	59.087704	-317.94257	-486.68524	1000.0	-40.059772	5.666824	-3.369432	-75.114975	1175000	-0.008264767	297.4518	-0.0016392646	-67.92682	9.3110075	1.7516812	2152.7273123264313
235	-403.90997	19.900766	-382.59973	-436.88345	1000.0	-35.970074	3.9252942	-16.445503	-74.81121	1180000	0.07645987	128.93323	-0.0019757599	-16.281464	9.344177	1.7640463	2162.1680722236633
236	-400.5157	45.643753	-335.48828	-456.43375	1000.0	-37.762375	4.8226495	-4.5343914	-74.77979	1185000	0.11007983	150.9246	-0.00083585083	-30.649658	9.410871	1.817261	2172.41348528862
237	-384.4092	38.120457	-335.06604	-451.3576	1000.0	-35.49282	4.169292	18.610353	-67.56308	1190000	0.044410087	175.35924	-0.0012865067	-30.956192	9.351641	1.767474	2182.054277896881
238	-454.13882	84.92739	-382.16312	-614.68396	1000.0	-36.14985	3.8691885	4.270499	-75.887924	1195000	-0.0010546593	268.9389	-0.0014432671	-74.89998	9.413963	1.8135693	2191.9223444461823
239	-393.19098	39.635555	-343.736	-435.09695	1000.0	-40.023888	6.8045154	16.638655	-83.08208	1200000	0.13307293	224.48978	-0.0012888759	-96.16293	9.359122	1.7647895	2201.6325652599335
240	-383.75754	86.09987	-275.16125	-510.3812	1000.0	-34.295227	6.727244	47.186207	-69.942055	1205000	0.06473501	358.04636	-0.0023823194	-115.394455	9.484299	1.8401707	2212.378557920456
241	-437.3478	70.26912	-336.67172	-510.18088	1000.0	-35.033108	6.516845	32.14318	-71.4221	1210000	0.07149655	245.52075	-0.001450032	-75.88446	9.396959	1.7625074	2222.252505302429
242	-344.83856	162.87477	-41.397617	-511.67917	816.0	-39.59405	6.178702	11.328138	-78.02881	1215000	-0.033355493	249.50113	-0.0021019764	-57.806458	9.410086	1.7643808	2232.083858728409
243	-366.54654	163.51872	-88.52474	-560.1488	850.0	-40.157192	5.4080563	11.015805	-84.186356	1220000	0.03525318	340.89362	-0.0016654283	-74.19858	9.337868	1.7196152	2241.599358320236
244	-443.37402	46.045776	-359.13235	-487.23514	1000.0	-38.25888	5.7795906	43.65064	-88.60648	1225000	0.05302388	183.8524	-0.0015128143	-47.82527	9.370009	1.7393144	2250.8985085487366
245	-414.2692	46.384277	-332.23737	-472.96158	1000.0	-41.36017	6.784243	-0.8341603	-83.69452	1230000	0.046050623	242.8544	-0.0019913837	-80.57785	9.375437	1.7910035	2260.5659425258636
246	-439.91046	56.330685	-374.31808	-524.3222	1000.0	-35.968212	9.091467	2.4673958	-80.42618	1235000	-0.013007542	227.5511	-0.0014857193	-62.744553	9.368959	1.6976719	2270.4653754234314
247	-382.17728	30.474756	-346.05466	-424.59454	1000.0	-38.37813	5.8376303	63.226795	-75.58332	1240000	0.025494788	200.64854	-0.0012794808	-58.59935	9.391885	1.7611822	2280.0719866752625
248	-436.84976	20.48408	-401.50266	-465.62256	1000.0	-35.412212	6.0385504	25.984404	-68.10736	1245000	0.06750524	231.9032	-0.0019001737	-50.13553	9.448348	1.7648715	2289.5878949165344
249	-426.0092	60.882797	-338.47778	-517.0808	1000.0	-38.494633	4.091952	7.257329	-68.07762	1250000	0.07965413	282.04874	-0.0013104752	-58.515686	9.429135	1.7605338	2300.2916872501373
