Epoch	AverageEpRet	StdEpRet	MaxEpRet	MinEpRet	AverageTestEpRet	StdTestEpRet	MaxTestEpRet	MinTestEpRet	EpLen	TestEpLen	TotalEnvInteracts	AverageQVals	StdQVals	MaxQVals	MinQVals	LossPi	LossQ	Time
1	-344.45477	31.40923	-309.52496	-395.09616	-2790.641	55.585526	-2713.7927	-2881.3257	1000.0	1000.0	5000	14.003339	12.538784	57.27937	-8.070755	-16.235548	1.37423	27.596733331680298
2	-356.28925	48.89398	-286.71646	-403.20645	-2984.776	20.62338	-2948.4487	-3007.6816	1000.0	1000.0	10000	98.25673	38.229362	218.80272	26.148335	-105.31473	10.569416	56.10034799575806
3	-2618.226	106.264046	-2423.9392	-2732.353	-2538.188	688.5395	-481.2377	-2885.8428	1000.0	916.1	15000	205.20638	15.724015	280.35028	148.18878	-210.10585	14.292728	87.0930483341217
4	-1569.394	1007.34436	-49.765152	-2552.5647	-126.41138	236.80219	352.6801	-533.52985	1000.0	1000.0	20000	189.94933	13.587471	240.0759	147.73006	-191.50958	5.649713	120.03119254112244
5	225.44829	194.5829	418.02448	-140.05038	465.15274	65.21707	579.53534	343.0344	1000.0	1000.0	25000	160.88672	8.429932	198.65056	122.96908	-162.63582	2.423969	151.6812446117401
6	513.2887	79.675735	590.7367	366.54395	733.1065	47.26115	779.85864	624.4947	1000.0	1000.0	30000	143.04823	6.675551	174.7754	113.235825	-144.64491	1.9672849	184.4022777080536
7	631.50757	89.54934	719.93604	459.36264	749.2716	45.86777	823.7486	693.7683	1000.0	1000.0	35000	131.08243	5.652264	159.39566	104.44736	-132.54117	1.897943	216.6707468032837
8	451.6584	374.53033	712.60474	-280.83267	642.7076	150.14124	919.0807	393.0179	1000.0	1000.0	40000	122.95009	5.181891	149.83546	97.52106	-124.30698	1.7448186	248.50425362586975
9	691.3952	59.807796	746.90344	607.15735	506.2558	80.40175	683.01764	358.9754	1000.0	1000.0	45000	117.44674	5.200693	143.16629	88.8206	-118.73061	1.7212838	281.212854385376
10	532.2965	79.08639	636.32184	458.08453	713.9239	35.34918	765.6386	665.33765	1000.0	1000.0	50000	113.863594	5.6095295	139.23929	82.846634	-115.0823	1.6920332	313.98567056655884
11	621.86237	182.35681	772.20013	278.06845	619.4631	260.20764	729.6363	-158.12135	1000.0	1000.0	55000	111.840256	6.1271806	139.91156	77.75365	-113.0061	1.7729853	347.7967884540558
12	485.10092	318.11176	827.6554	-100.250305	721.4675	63.3499	844.8326	628.54596	1000.0	1000.0	60000	110.7569	6.5122523	139.52295	71.02046	-111.91044	1.8767467	382.47165608406067
13	544.1237	109.73661	611.56683	325.3133	682.3374	67.27942	784.68823	580.00244	1000.0	1000.0	65000	110.38901	7.5986147	143.34282	72.78436	-111.519226	1.947261	416.87278294563293
14	637.0188	41.069386	688.7038	585.24884	634.44806	137.27205	814.3502	271.26212	1000.0	1000.0	70000	110.64623	9.535477	149.52502	76.036095	-111.77373	1.9829952	451.84488344192505
15	664.3175	134.62018	866.875	469.75418	438.1727	221.34416	695.9496	7.0426564	1000.0	911.8	75000	111.47061	11.440568	157.38522	74.55555	-112.5915	2.0109496	487.6762001514435
16	684.36194	45.194942	767.8185	649.2653	670.82117	119.79557	837.7772	377.01593	1000.0	1000.0	80000	112.64228	13.6693325	160.26555	80.48174	-113.73545	2.076094	524.8045837879181
17	552.86633	111.09735	741.37146	417.7127	605.39026	99.87325	738.35095	418.556	1000.0	1000.0	85000	113.092415	15.945798	165.15434	70.566956	-114.12788	2.195095	562.6401445865631
18	545.8403	169.70169	751.59296	264.92697	465.64844	341.18683	1022.68396	104.99732	1000.0	1000.0	90000	113.32365	18.022278	172.5692	65.251205	-114.37999	2.2217379	601.6035935878754
19	666.20795	82.54106	741.049	508.31497	552.18604	398.95267	1108.0057	-161.2789	1000.0	1000.0	95000	114.13138	20.03578	179.06396	72.95637	-115.18215	2.2663317	640.0324275493622
20	653.82776	237.31195	1110.1342	417.7302	687.4258	96.62879	895.8537	559.05743	1000.0	1000.0	100000	115.81329	22.463839	185.3708	66.10837	-116.86185	2.4409077	679.1563766002655
21	462.41937	310.29352	657.0835	-150.88954	722.7959	169.35547	960.54596	490.94717	1000.0	1000.0	105000	116.83814	24.270527	187.90897	69.765465	-117.8744	2.5068235	718.414790391922
22	665.8221	100.95009	824.2909	544.9063	726.0397	264.94647	1037.1415	294.633	1000.0	1000.0	110000	117.55794	26.005775	190.20851	78.798904	-118.5719	2.5067804	757.8455727100372
23	650.6991	123.14834	835.90796	469.4336	559.2506	246.94154	853.0252	-96.04395	1000.0	1000.0	115000	118.35752	27.677778	196.08003	75.97683	-119.35151	2.7036636	797.5039756298065
24	573.2593	65.635574	674.20374	479.21036	555.548	302.38287	809.20795	-310.965	1000.0	1000.0	120000	118.08799	28.442081	196.21446	79.35186	-119.052	2.794195	837.3761651515961
25	467.79077	151.85048	654.48047	207.13141	136.13745	358.86658	823.84064	-289.8399	1000.0	1000.0	125000	118.060036	28.987494	198.61375	71.2405	-119.0394	2.8517315	877.7687075138092
26	567.9537	188.60378	714.49963	199.31612	485.656	250.61797	717.52356	-240.33556	1000.0	1000.0	130000	118.05352	29.407097	198.16182	75.960236	-119.01335	2.8545406	916.8814723491669
27	369.08746	390.51157	824.6165	-354.0234	558.54926	229.47316	908.90924	168.59177	1000.0	1000.0	135000	117.580345	29.640064	200.01787	72.48137	-118.516464	2.8377097	956.8661861419678
28	598.84766	123.03224	814.69104	458.82526	714.14716	261.32697	1250.066	125.77597	1000.0	1000.0	140000	117.724174	30.168295	200.35063	75.93959	-118.66083	2.8999329	996.1150341033936
29	532.4914	99.91127	682.93915	370.0567	318.1405	147.41222	551.98395	36.156067	1000.0	1000.0	145000	117.55775	31.068657	200.12836	71.99697	-118.49013	2.9775407	1036.18159866333
30	544.131	340.65616	970.9486	40.850605	406.60175	154.69167	580.3052	-13.257419	1000.0	1000.0	150000	117.872665	31.527662	201.4786	75.46815	-118.816025	2.985759	1075.7717034816742
31	203.34317	161.07396	445.66867	17.04583	436.96942	154.34363	666.6457	220.83931	1000.0	1000.0	155000	118.36834	31.907986	201.23975	74.747314	-119.32801	3.0889995	1116.688239812851
32	476.5821	69.17297	596.57416	396.6617	455.925	162.51852	725.2756	253.33052	1000.0	1000.0	160000	118.78498	32.112217	201.43188	71.5443	-119.741615	3.0670877	1156.455599308014
33	322.0583	168.07898	568.2895	128.04593	397.72244	175.05699	579.71124	55.101997	1000.0	1000.0	165000	118.90335	32.86119	204.07695	73.133446	-119.85822	3.2639816	1196.1116337776184
34	265.62646	170.7444	535.43243	51.490517	635.1454	214.99153	939.4805	126.669106	864.4	1000.0	170000	118.91767	33.008224	211.12863	68.92201	-119.86952	3.1411252	1233.868353843689
35	466.566	253.69817	944.01465	222.45828	469.22144	196.75543	756.0829	100.408295	1000.0	1000.0	175000	118.8304	33.31645	212.8701	72.16488	-119.767	3.339057	1273.692528963089
36	531.08954	124.740074	744.88806	394.05127	598.4818	90.16315	782.1286	485.90564	1000.0	1000.0	180000	118.93679	33.76975	209.64278	64.29425	-119.8806	3.348	1313.146593093872
37	622.6578	33.46576	684.509	584.1618	678.1168	171.29881	959.16296	520.19617	1000.0	1000.0	185000	119.14414	33.776012	211.56883	52.993736	-120.1093	3.480921	1353.2348091602325
38	597.406	63.729065	710.24445	523.7892	479.056	126.72009	686.8049	222.37567	1000.0	1000.0	190000	119.84293	33.89507	211.97467	52.77909	-120.7968	3.523044	1393.4923593997955
39	618.89343	315.45007	1089.2223	197.62338	698.3084	120.55945	965.56537	556.83844	1000.0	1000.0	195000	120.50332	33.836044	211.94492	63.993553	-121.4474	3.4090102	1433.792775630951
40	456.81772	295.739	1006.5433	171.86414	427.70844	159.90544	654.35284	231.44534	1000.0	1000.0	200000	121.44042	33.865005	211.27429	46.13535	-122.39045	3.3765874	1474.0271410942078
41	436.89966	303.58954	963.0599	18.636189	449.27628	263.8998	778.63385	-56.993744	1000.0	1000.0	205000	121.783966	33.827106	210.91736	62.3108	-122.73185	3.3697696	1514.3238496780396
42	530.76337	241.42757	810.3988	86.68918	781.7514	129.72124	1136.2767	630.50256	1000.0	1000.0	210000	122.135956	33.306618	208.3949	44.24478	-123.098	3.4390628	1554.1703305244446
43	627.4384	142.59769	823.48	452.68088	773.3627	111.02415	971.9306	623.38135	1000.0	1000.0	215000	122.63573	32.97466	209.84766	54.284546	-123.60352	3.4426856	1594.3746440410614
44	694.1373	89.81245	829.059	566.2513	820.76337	249.89825	1131.8837	313.25208	1000.0	1000.0	220000	123.33413	32.489693	208.09769	41.347412	-124.30064	3.4090421	1634.4884960651398
45	760.1472	128.10754	970.25653	581.18024	312.39642	248.10121	696.42584	-293.55365	1000.0	1000.0	225000	124.048195	32.1117	207.181	39.32711	-125.0032	3.3383687	1674.666472196579
46	634.8921	119.81236	750.16187	474.66525	715.75183	67.425934	794.75604	541.9833	1000.0	1000.0	230000	124.7808	31.851696	210.79674	56.296	-125.77685	3.54665	1715.689117193222
47	645.4904	151.48282	832.09174	372.86542	581.3063	366.83618	843.5996	-322.53046	1000.0	907.2	235000	125.907394	32.55071	213.93083	75.35945	-126.87772	3.5817485	1755.480197429657
48	657.53534	111.02615	813.25104	498.5452	709.1493	236.4056	1179.0016	308.39612	1000.0	1000.0	240000	125.82375	32.83853	212.5172	67.777054	-126.75952	3.7797601	1796.0164649486542
49	607.80286	158.90486	761.81665	302.53043	765.1415	145.53645	1026.6698	561.3626	1000.0	1000.0	245000	125.91013	33.22034	213.83344	56.62252	-126.85535	3.690355	1836.6827244758606
50	667.7725	133.27895	846.0763	437.86557	683.4103	180.61444	840.9272	188.09802	1000.0	1000.0	250000	126.00951	33.22418	216.41034	40.75885	-126.94025	3.7097902	1877.078962802887
51	534.54156	249.99234	870.6301	176.4809	466.41788	607.9765	770.80164	-1342.7136	864.3333	1000.0	255000	126.11524	33.03393	213.1009	56.985966	-127.059875	3.7325602	1918.1225373744965
52	590.5296	119.06912	729.8478	431.45746	314.33246	187.33647	585.18207	46.320156	1000.0	1000.0	260000	126.11752	33.19429	212.57549	54.85105	-127.03245	3.793032	1959.184133529663
53	480.57574	125.61476	580.18536	249.71611	559.3115	191.44878	841.80414	183.3894	1000.0	1000.0	265000	125.879944	33.532272	216.3141	58.48959	-126.7884	4.0214353	2000.3932678699493
54	507.64386	112.48915	620.24036	299.26453	474.80405	221.36539	877.90247	221.68208	1000.0	1000.0	270000	125.68978	33.617706	214.5186	45.71115	-126.6216	4.0257726	2041.6059982776642
55	582.73596	155.404	821.23883	406.23773	535.0766	125.88068	675.45746	313.7873	1000.0	1000.0	275000	125.25836	33.782272	219.88507	44.77225	-126.14323	3.849241	2083.4752984046936
56	323.47778	121.09204	488.56644	178.85384	438.0876	78.85566	517.01874	279.36923	1000.0	1000.0	280000	124.409	34.756195	215.89908	34.132023	-125.29025	4.0886116	2124.2702329158783
57	199.29868	210.24634	439.85364	-131.61111	486.53238	191.87508	760.63184	85.69825	1000.0	1000.0	285000	123.37131	35.888763	219.82697	66.32083	-124.24446	4.13583	2165.1646842956543
58	449.65985	108.80614	578.62	261.65015	153.1145	304.93118	528.5923	-348.95895	1000.0	1000.0	290000	122.598465	36.93337	221.70988	44.645126	-123.49495	4.299379	2204.8952600955963
59	303.2437	227.40628	521.67993	-5.7969213	257.84738	270.76	657.9216	-158.70131	1000.0	1000.0	295000	122.148674	37.187428	222.39034	54.323196	-123.04675	4.3671274	2244.455557823181
60	514.0115	64.73017	616.1552	431.99283	204.65474	164.5857	441.50406	-55.822746	1000.0	1000.0	300000	122.676186	37.41479	222.93106	48.838856	-123.63522	4.3612256	2284.1485719680786
61	413.57587	175.36192	696.886	219.06949	107.2292	757.7952	517.8686	-2134.1292	1000.0	1000.0	305000	124.03075	37.230507	225.53925	63.72956	-125.00015	4.38185	2322.932858943939
62	39.51207	712.8982	717.32416	-1322.3844	83.009964	337.69217	548.661	-556.39764	1000.0	1000.0	310000	124.67371	37.25722	225.29622	44.223515	-125.61302	4.5963697	2363.333122730255
63	332.27463	157.49295	498.32703	74.90367	61.499767	301.71567	561.9609	-421.38943	1000.0	1000.0	315000	124.84132	37.48021	227.46753	44.947186	-125.78015	4.540086	2403.029640197754
64	269.8727	270.45062	577.58154	-217.56596	366.38147	470.55847	797.98047	-806.3131	1000.0	1000.0	320000	124.76847	37.719547	226.57927	53.374275	-125.716	4.7437563	2442.2925333976746
65	244.33789	299.2358	641.295	-245.29178	384.45966	157.27036	582.9408	121.31055	1000.0	916.7	325000	124.55539	38.4059	230.83272	52.514435	-125.4758	4.741893	2481.002101659775
66	586.99255	175.57495	888.2526	421.04587	413.7536	220.31082	909.9438	125.12238	1000.0	1000.0	330000	124.054855	38.661224	227.13295	27.25263	-124.94654	4.9565554	2520.145171403885
67	145.26407	391.7615	594.79913	-562.49817	-2.4129882	801.9713	835.09344	-1415.563	1000.0	1000.0	335000	123.14301	38.078373	223.72249	4.0434155	-124.028175	4.5713434	2560.0626335144043
68	420.80112	122.844025	581.217	218.21228	266.65872	158.22426	464.1713	-22.11494	1000.0	1000.0	340000	122.34171	38.07753	222.67894	37.50592	-123.208885	4.6726904	2600.392471551895
69	273.8946	125.41107	472.18466	147.49968	367.49896	126.30817	592.5339	168.13644	1000.0	1000.0	345000	121.523674	37.56716	223.45813	41.673466	-122.395874	4.564447	2640.0962102413177
70	422.57623	112.88502	579.2322	274.6237	393.2516	47.564518	447.3209	287.78244	1000.0	1000.0	350000	120.93796	37.709587	221.84026	5.5491476	-121.8525	4.7224455	2680.1919088363647
71	416.747	199.1506	660.73706	82.85575	327.37717	241.29248	715.2165	5.029887	1000.0	905.1	355000	121.00247	37.78534	221.26643	47.03375	-121.902824	4.6505775	2719.0610275268555
72	530.5901	167.83577	701.617	220.83217	580.8912	75.55623	738.75586	494.5466	1000.0	1000.0	360000	121.20669	37.196922	221.8961	-0.652575	-122.11029	4.559144	2759.3459961414337
73	373.92804	150.60857	542.6975	125.911736	572.6042	212.93404	711.611	-45.937943	1000.0	1000.0	365000	121.195984	36.43851	221.56236	41.119873	-122.07145	4.53259	2798.0898566246033
74	622.37286	207.10658	823.36615	246.60033	421.29166	197.57327	661.7751	51.575577	1000.0	907.1	370000	120.38189	36.066746	219.02362	75.22591	-121.23322	4.4173284	2837.0698189735413
75	266.50998	167.62808	521.41644	27.47344	234.73862	118.99992	547.1178	115.30151	1000.0	1000.0	375000	119.838486	35.876537	216.35637	39.202507	-120.68655	4.5456467	2877.225485801697
76	156.90056	404.13144	778.06396	-329.44812	249.48376	743.6365	1184.1517	-972.55347	1000.0	1000.0	380000	118.69888	35.7579	217.08621	-4.5505066	-119.5404	4.40287	2917.878914833069
77	653.7998	206.74547	1005.3237	355.86514	-24.965588	750.2287	812.1644	-1344.1505	1000.0	933.7	385000	118.07585	35.55578	220.88202	21.000954	-118.88988	4.677906	2957.089935064316
78	94.05745	717.59467	786.0703	-1237.9247	283.67886	149.53625	565.005	97.92484	1000.0	1000.0	390000	117.06116	35.814255	221.3983	14.433711	-117.8854	4.545074	2997.732246875763
79	470.26358	159.28015	621.6057	237.03954	262.04376	514.49695	1018.14075	-835.9848	1000.0	1000.0	395000	116.320496	36.041138	219.51526	17.533562	-117.16145	4.6519275	3038.5511133670807
80	227.61519	318.7157	532.165	-365.72852	447.40567	713.4416	1335.2404	-1001.86035	1000.0	1000.0	400000	116.13895	36.00445	217.90096	-10.266651	-116.9762	4.613258	3079.166126012802
81	503.91022	204.63573	681.8758	204.84645	452.9248	113.46058	660.88617	279.41318	1000.0	1000.0	405000	115.635	36.221493	222.42702	22.208323	-116.4515	4.749797	3119.5494644641876
82	305.58353	308.09598	617.338	-225.15701	17.105112	248.5659	499.80923	-272.70786	1000.0	1000.0	410000	115.09384	36.55251	222.56749	17.291622	-115.9139	4.7220535	3160.006628036499
83	349.24127	208.26355	564.7265	62.28229	196.42744	312.83365	824.27997	-141.32202	1000.0	1000.0	415000	114.68029	36.3767	221.76358	-11.674015	-115.49742	5.1080503	3201.0895986557007
84	327.16455	239.98096	652.4475	-27.724726	145.52832	516.92725	511.70587	-1267.6768	1000.0	1000.0	420000	113.65306	36.4475	216.80374	60.684666	-114.44085	4.849794	3241.2704768180847
85	409.24472	125.807106	613.08075	259.49014	-61.44289	333.2438	289.018	-728.9046	1000.0	1000.0	425000	113.08623	37.270523	222.37831	60.853027	-113.9085	5.0245533	3282.1815662384033
86	35.536884	626.6094	816.9583	-1242.2308	186.98892	217.53265	512.4871	-235.38759	856.3333	1000.0	430000	113.09053	37.814144	225.82504	47.665043	-113.9081	5.0193033	3323.1841974258423
87	374.73773	107.982704	571.30774	283.97778	272.5735	137.49286	426.69446	53.281994	1000.0	1000.0	435000	113.19891	37.750645	222.63268	37.307487	-114.03808	5.045919	3363.944700241089
88	-192.7875	590.20966	426.91187	-1084.978	395.09692	190.64066	747.3405	61.37823	1000.0	1000.0	440000	113.451675	37.383026	218.7379	44.820553	-114.292534	5.185416	3404.7268073558807
89	355.5337	151.29872	531.9527	188.62201	545.88275	162.56635	750.85223	220.22995	1000.0	1000.0	445000	113.23228	37.159637	221.55966	11.066579	-114.05999	5.1603203	3445.486290693283
90	473.4018	179.0657	738.21204	205.27449	574.60345	384.58057	1278.9677	16.221554	1000.0	1000.0	450000	112.94559	37.24897	219.2528	-13.317256	-113.76927	5.0192895	3486.050365924835
91	517.9132	332.89447	963.2407	39.030357	669.32117	228.7343	1111.5912	237.18623	1000.0	1000.0	455000	112.54174	37.68176	222.04077	32.976498	-113.35275	5.233293	3526.272122859955
92	507.7675	480.69653	1180.7634	-262.7728	546.9382	245.08694	1030.385	177.91907	1000.0	944.1	460000	112.61466	38.177105	221.40823	28.35462	-113.46552	5.2074695	3567.0382142066956
93	389.35074	178.81639	641.7237	155.74731	530.2048	340.3121	1077.2896	129.51184	1000.0	1000.0	465000	113.419975	38.029	222.11385	28.836975	-114.2864	5.161135	3608.4039256572723
94	435.66107	465.66003	1242.0973	-185.98842	449.77118	148.86035	700.94775	194.88608	1000.0	1000.0	470000	113.667114	38.24078	220.29831	22.127548	-114.475784	5.060855	3649.3633868694305
95	337.74744	126.22395	548.9125	204.4844	482.0522	191.80005	757.7876	207.85118	1000.0	1000.0	475000	112.82612	38.27604	221.67215	12.085182	-113.62332	5.029568	3690.2724797725677
96	354.20453	155.7767	564.3204	119.811485	211.88928	153.66565	427.71857	-45.89837	1000.0	1000.0	480000	112.13059	38.306454	223.51749	22.095068	-112.9482	5.075175	3730.8680758476257
97	169.15543	482.23227	972.09735	-534.5606	519.1793	405.4094	1543.7733	57.44457	1000.0	1000.0	485000	111.98134	38.355766	219.61143	-17.04588	-112.79133	5.2929482	3772.113604784012
98	397.484	203.23769	723.0963	128.85991	723.7618	302.97974	1139.767	144.00519	1000.0	922.1	490000	111.35632	38.167587	220.70488	20.024738	-112.151215	5.403527	3812.3443281650543
99	457.45624	186.834	779.469	227.71432	277.33398	310.80603	501.22604	-585.8906	1000.0	1000.0	495000	110.835815	38.25513	219.95555	46.97136	-111.641174	5.3127975	3853.613461494446
100	494.28955	312.87424	1000.4702	16.065529	723.70544	303.72318	1116.6587	299.72968	1000.0	1000.0	500000	111.13331	38.15432	222.91002	-34.075523	-111.97257	5.399317	3894.1483075618744
101	346.72375	181.04417	551.4803	21.958515	470.7643	335.53076	1093.3048	-37.61274	1000.0	1000.0	505000	111.7088	38.873356	218.11879	44.475925	-112.54799	5.2706923	3937.0338938236237
102	517.62885	278.07043	827.9615	44.531227	289.4915	118.07087	456.4251	121.3869	1000.0	1000.0	510000	112.25439	39.18972	224.20876	2.6823826	-113.1097	5.6795025	3978.024117231369
103	605.2865	235.27577	1031.7736	353.64908	572.0321	123.991234	756.34393	359.9288	1000.0	1000.0	515000	112.437096	39.814754	227.25935	47.683933	-113.242325	5.8438363	4019.063532114029
104	562.2837	313.74683	1119.3252	243.76717	424.70587	529.17786	1006.9519	-1072.1494	1000.0	1000.0	520000	111.839554	39.996338	225.77354	42.323685	-112.64345	5.843353	4060.455724954605
105	-96.07057	407.7872	371.51843	-842.68243	289.15155	289.38037	558.60315	-540.19073	1000.0	1000.0	525000	111.3712	40.046574	221.493	33.3107	-112.16958	5.808394	4101.9113783836365
106	257.21347	124.24832	433.67938	106.32428	725.56116	208.3979	985.17773	363.1929	1000.0	1000.0	530000	110.5303	39.96012	221.88011	34.449287	-111.32945	5.916138	4143.265252351761
107	632.1625	444.22986	1201.9908	90.3056	354.2422	214.6345	674.1541	0.6362489	1000.0	1000.0	535000	110.42267	40.20921	222.89153	32.1545	-111.2281	6.0759144	4184.444013118744
108	378.19205	172.04218	652.23	189.87292	522.8373	194.42596	757.06805	139.85196	1000.0	1000.0	540000	110.4129	40.45856	222.20569	5.52231	-111.22147	6.019617	4226.412870645523
109	535.85754	284.42877	1066.9619	211.97098	174.79816	155.83163	437.7117	-39.974777	1000.0	1000.0	545000	110.27867	40.561672	219.24016	30.398342	-111.08081	5.883894	4268.0211482048035
110	423.70587	124.40601	647.745	308.27094	379.52905	252.8921	1086.381	138.19266	1000.0	1000.0	550000	109.945694	40.6612	223.05785	41.01246	-110.73888	5.862351	4308.911595106125
111	-72.82998	521.1734	508.38504	-718.0965	366.58124	211.81937	724.0222	-90.60774	1000.0	1000.0	555000	109.72312	40.638412	221.77777	9.116943	-110.51125	6.098657	4351.247827291489
112	224.53743	208.16507	494.70566	-29.59837	476.71103	173.46558	719.89716	237.025	1000.0	1000.0	560000	109.13012	41.194283	222.22533	31.827879	-109.91778	6.0144405	4392.536080598831
113	236.92245	206.72551	501.64655	-127.6917	522.2958	420.09595	1069.6827	15.927255	1000.0	1000.0	565000	108.871284	42.053974	222.4774	17.23218	-109.671585	6.324077	4433.711199760437
114	471.5298	411.2815	982.4604	-203.01678	409.8681	128.83612	665.37616	210.52406	925.0	1000.0	570000	109.38396	42.81026	226.1346	26.962397	-110.20857	6.0909486	4474.038532972336
115	309.41864	294.41977	639.4916	-76.49195	446.35654	279.46628	1153.752	96.76378	1000.0	957.1	575000	109.681206	43.146156	223.82991	16.471397	-110.50317	6.14239	4515.218720912933
116	497.93497	237.02876	885.0637	269.01404	332.3821	236.24675	834.58105	29.707949	1000.0	1000.0	580000	110.242546	43.22738	226.00284	25.957668	-111.07075	6.3605523	4559.62016749382
117	184.6191	301.60727	513.13245	-243.82889	533.7598	237.2811	941.9959	206.28835	796.8333	1000.0	585000	110.092766	43.455734	225.68684	22.315552	-110.90197	6.443988	4603.1285281181335
118	407.63513	304.13712	811.1713	-57.917065	641.1685	229.4346	1072.3397	257.93274	1000.0	1000.0	590000	110.53748	43.774445	227.3635	8.217579	-111.4127	6.573207	4647.575821638107
119	379.1521	72.59051	483.97684	257.09158	702.5811	309.75662	1330.5098	91.179955	1000.0	1000.0	595000	111.32605	43.63773	229.6438	12.9491625	-112.17068	6.5170355	4694.511838912964
120	429.3417	317.4329	1003.3322	176.4921	364.12473	204.2291	782.95074	47.69812	1000.0	855.7	600000	111.56781	43.714077	226.44626	4.3258705	-112.406235	6.512587	4742.322620868683
121	347.47806	94.60482	472.07516	220.21046	450.62726	207.59973	885.00836	171.97444	1000.0	1000.0	605000	111.61319	43.582066	230.4974	-13.55062	-112.43536	6.704611	4792.632750749588
122	336.9723	240.24585	793.20776	117.6201	281.8515	571.32666	863.8323	-1239.4216	1000.0	1000.0	610000	111.374344	43.34783	230.94392	31.796005	-112.215576	6.5271187	4844.679306507111
123	66.73743	263.2124	444.42935	-368.90228	662.51526	370.62317	1459.4095	226.22676	1000.0	1000.0	615000	112.09739	43.828285	233.00075	13.91348	-112.94809	6.546733	4897.257192611694
124	125.770386	106.80697	297.70126	-20.688404	83.121216	166.71442	383.38867	-175.77994	1000.0	1000.0	620000	111.94079	44.139698	231.57297	0.004453182	-112.76935	6.59561	4950.7143471241
125	184.53563	201.46355	515.8615	-73.88532	156.15657	255.68094	502.4074	-308.84766	1000.0	1000.0	625000	111.956314	43.98015	231.15535	-16.615414	-112.811615	6.6843405	5004.4504408836365
126	436.93433	157.702	722.1224	262.10208	164.81789	421.4835	692.367	-922.8937	1000.0	1000.0	630000	111.80346	43.736248	226.78609	-1.202395	-112.62833	6.749048	5058.751804113388
127	170.49304	497.17184	609.5573	-775.65314	252.27063	338.0445	604.7526	-530.08606	1000.0	1000.0	635000	111.594635	43.917904	229.2343	5.7452083	-112.44065	6.6630797	5111.855504751205
128	82.822464	465.02948	448.23367	-825.75464	320.77582	191.24472	759.1334	90.07399	1000.0	1000.0	640000	112.34848	44.44673	235.42938	-16.125443	-113.23719	6.632034	5167.079172611237
129	300.0751	163.29706	485.04355	81.117455	303.54877	192.51413	657.55444	25.314827	1000.0	1000.0	645000	112.53115	44.49735	234.07011	-35.691647	-113.37533	7.2293615	5220.214115619659
130	194.89824	88.770744	371.36917	139.43813	274.62326	156.87733	592.3924	6.3408723	1000.0	1000.0	650000	112.10278	43.950443	229.59013	10.964495	-112.95054	7.0441194	5273.4387946128845
131	85.6375	199.61946	323.9518	-167.24713	460.88593	277.00513	1046.0863	85.44154	1000.0	1000.0	655000	112.170425	43.45412	227.20126	-29.607208	-113.049	6.9124045	5326.914881706238
132	421.77237	162.65761	578.785	156.70563	-76.5594	294.63052	500.58563	-588.1224	1000.0	1000.0	660000	112.64209	43.495773	228.35269	-46.813145	-113.51764	7.1017485	5378.990257740021
133	288.36688	230.81763	647.6931	49.80664	453.59674	340.81735	1119.7755	-86.76278	1000.0	1000.0	665000	112.97975	43.62923	232.4937	-7.059668	-113.85495	6.7968493	5431.256740093231
134	218.62228	197.48003	520.7898	24.190025	-128.41592	358.29977	383.14777	-576.68695	1000.0	1000.0	670000	113.69244	43.473766	231.39058	-16.510159	-114.603035	6.6980944	5484.730720758438
135	182.29454	324.51172	656.17456	-250.8893	322.14868	177.62357	528.5113	-99.95252	1000.0	1000.0	675000	113.859344	42.913765	233.68236	15.302361	-114.70025	6.489006	5537.693471908569
136	490.1053	102.300476	641.88916	332.46774	445.53378	231.14651	691.56055	-151.2496	1000.0	1000.0	680000	112.942955	42.087044	227.97102	-18.609629	-113.7869	6.2316923	5591.820630788803
137	318.8937	148.72401	498.9084	107.94168	337.7708	195.70786	806.276	81.41398	1000.0	1000.0	685000	113.089386	41.717598	227.6299	-10.640831	-113.9552	6.358525	5645.296098709106
138	253.27222	201.50919	507.79437	-85.215515	343.5082	437.34344	757.254	-769.00226	1000.0	1000.0	690000	113.246925	41.67833	223.03127	0.8285408	-114.13111	6.374807	5698.919730424881
139	363.9782	149.7288	515.8944	86.50136	385.72272	339.40353	1203.1819	-39.188118	1000.0	1000.0	695000	113.69523	41.705	226.32011	-15.523852	-114.58065	6.2389274	5751.128450632095
140	339.00568	188.44472	672.2051	91.97525	326.03534	208.2984	906.26624	123.958885	1000.0	1000.0	700000	114.080086	41.232796	224.28607	9.183643	-114.9757	6.1626763	5805.101784229279
141	297.18964	149.18448	516.6631	105.70446	336.04242	193.4552	593.67035	67.09163	1000.0	1000.0	705000	113.79931	41.19817	224.53017	34.11	-114.634415	6.344026	5858.047647476196
142	257.3726	328.51733	641.3345	-335.99133	275.49307	352.3816	826.85236	-297.60443	1000.0	1000.0	710000	113.2341	41.575054	223.09651	25.62621	-114.0851	6.446725	5911.474116802216
143	319.31854	283.79343	556.68225	-116.72113	178.06659	251.42532	623.8488	-223.44832	1000.0	939.3	715000	112.91486	41.79371	228.8928	26.985064	-113.76042	6.3437014	5962.862482786179
144	127.70527	209.65149	421.2091	-227.5485	226.89035	292.9182	536.8061	-558.7539	847.1667	1000.0	720000	112.8382	42.18769	223.72095	1.617846	-113.733475	6.4167185	6014.60905957222
145	61.39176	279.275	370.10043	-460.98538	39.957798	177.96516	354.47736	-189.94885	1000.0	1000.0	725000	113.31613	42.422485	229.22795	-10.7351675	-114.20947	6.4093113	6065.151724815369
146	3.2882721	208.12085	253.02325	-275.03494	152.43977	244.6976	578.31	-314.43738	1000.0	881.1	730000	113.718925	42.53558	226.45168	14.601423	-114.6125	6.384431	6114.31879901886
147	288.69702	222.22054	606.0108	9.8915415	497.77783	245.58966	850.28	-20.585083	1000.0	1000.0	735000	113.62374	42.980824	227.8021	7.6905565	-114.479324	6.502808	6164.381105184555
148	142.67863	45.742996	195.49373	75.17237	507.78824	376.36572	1284.3964	39.76394	1000.0	1000.0	740000	113.03602	42.951534	229.05605	-0.6418381	-113.9057	6.7036476	6212.782611370087
149	56.936462	460.51367	756.577	-482.69223	-250.58403	300.01746	166.30574	-751.9486	1000.0	1000.0	745000	113.29279	43.006367	227.18977	5.6509075	-114.19782	6.6981273	6261.532529830933
150	-29.1404	320.12326	458.18945	-528.8271	328.20834	235.5897	737.29877	-76.85808	1000.0	1000.0	750000	114.14784	42.691086	228.0601	-9.422917	-115.07068	6.46075	6309.879686594009
151	47.04185	262.97275	405.90762	-304.38242	639.58673	307.56943	1289.8987	206.4916	1000.0	929.0	755000	114.32155	42.488605	229.19774	-39.447533	-115.23467	6.5060678	6355.537766218185
152	79.81586	116.77521	207.91917	-72.88435	317.562	247.32265	660.3446	-213.05779	1000.0	1000.0	760000	114.80616	42.455513	229.81186	-13.427305	-115.739525	6.4355206	6402.824184656143
153	67.43817	460.59937	530.9356	-797.96454	324.982	154.03381	569.53345	54.846035	1000.0	1000.0	765000	115.60514	42.50421	231.04814	-10.70468	-116.557976	6.8651	6447.163576841354
154	438.74203	131.10251	686.0105	336.90228	100.82529	411.5395	540.7906	-825.9232	1000.0	1000.0	770000	116.46535	42.68345	230.72751	10.167625	-117.397675	6.6908216	6490.075172185898
155	282.77155	202.98819	555.63855	-61.444065	276.60052	188.76701	554.14484	-79.671005	1000.0	1000.0	775000	117.02375	42.619663	232.21097	1.2694368	-117.97948	6.6860023	6533.563005924225
156	108.834595	268.8508	369.35184	-431.76312	91.50875	375.4916	604.4812	-551.1054	860.5	1000.0	780000	118.05317	42.263947	232.04526	-4.805538	-119.019516	6.873229	6577.811119556427
157	118.82776	322.6974	543.30707	-442.3747	252.15857	475.01312	1159.6511	-561.54236	837.0	1000.0	785000	118.21503	42.39601	232.06308	-9.350973	-119.158325	6.8335505	6621.446460008621
158	255.65152	253.78854	599.528	-157.68233	237.09831	250.37668	684.12213	-201.70532	1000.0	958.9	790000	118.03379	42.58337	234.4643	-4.416499	-118.94167	7.0763736	6663.857937097549
159	178.36093	122.20049	341.15866	-12.794103	-187.3588	498.53107	443.90823	-1123.5675	1000.0	1000.0	795000	116.85753	42.913116	232.37408	9.4480095	-117.74489	6.9577518	6707.610920667648
160	-133.80766	597.45233	776.98016	-1084.0428	42.590385	343.8427	507.9224	-484.44012	1000.0	1000.0	800000	115.763725	43.02379	235.33011	6.364077	-116.64168	7.0771384	6750.094803094864
161	156.91866	220.44655	508.81732	-103.6602	355.3239	278.46133	656.04083	-283.85236	1000.0	910.4	805000	114.79671	43.78776	241.65036	-5.835809	-115.70101	7.4736257	6791.189252138138
162	628.4083	185.04468	939.9428	462.88385	213.79544	826.56146	1163.06	-1997.2826	1000.0	1000.0	810000	115.20767	44.706177	236.51039	5.9270725	-116.131325	7.7195406	6833.579132080078
163	232.39087	183.57321	411.48206	-66.482056	166.34923	355.79684	522.5802	-813.3327	1000.0	907.9	815000	115.208305	45.024757	241.14525	12.4363575	-116.142426	7.605225	6874.815717458725
164	-29.834549	1072.8828	1206.7296	-2024.6578	65.56818	477.34836	577.99927	-827.5172	1000.0	1000.0	820000	115.567894	45.484673	237.9439	4.243164	-116.50766	7.909542	6917.26150560379
165	257.5813	74.295746	349.413	163.00156	470.04843	237.64417	754.3971	-29.698708	1000.0	1000.0	825000	115.88551	46.0448	242.00005	7.9578047	-116.80823	7.8764553	6959.508240938187
166	255.18718	275.70703	530.834	-249.76656	332.77243	168.40787	568.5154	49.56831	1000.0	1000.0	830000	116.06522	46.219288	243.32101	19.811867	-117.00728	8.083588	7002.334758520126
167	230.82617	158.09804	413.636	-8.912861	216.78459	179.3701	517.5933	-63.730835	1000.0	1000.0	835000	116.13415	46.30761	240.54306	10.5470295	-117.08893	8.334109	7045.19754076004
168	93.80912	431.79495	399.37186	-732.2885	-48.512997	587.8555	644.1408	-1415.9694	1000.0	1000.0	840000	116.36943	46.685932	237.68791	30.426895	-117.27205	8.315397	7087.392813205719
169	-35.27547	336.53937	408.8251	-608.7586	342.34622	245.61794	707.0523	-96.89115	1000.0	1000.0	845000	116.12015	46.74387	245.29419	26.992393	-117.080315	8.19304	7130.438958644867
170	386.94336	941.4189	1668.15	-796.8711	329.0824	240.14447	685.69196	-157.85732	1000.0	1000.0	850000	116.30049	46.671955	244.7631	23.244015	-117.24444	8.160974	7172.820358753204
171	373.71246	294.70096	635.4109	-132.47578	223.25154	572.69696	732.24347	-1096.7026	1000.0	1000.0	855000	117.19449	46.533012	238.18692	29.430096	-118.1729	8.093139	7214.860789775848
172	-53.67975	646.01624	437.21716	-1319.8102	324.21344	264.2342	650.0736	-120.014694	1000.0	902.4	860000	117.45281	46.00189	245.1976	15.421612	-118.40952	7.889939	7255.974068403244
173	371.6506	242.78537	705.4712	0.5597064	231.03476	183.57048	706.46564	27.868343	842.3333	1000.0	865000	117.391014	45.659954	239.30821	17.433504	-118.33971	7.8514094	7298.36545419693
174	209.78654	244.71931	496.47345	-176.98276	279.84518	285.61505	536.0917	-519.57336	1000.0	1000.0	870000	117.44114	45.11661	237.90987	15.958361	-118.38404	7.7912455	7341.967591762543
175	-63.98768	458.4149	347.1699	-944.9715	317.29227	313.26056	880.94214	-210.71466	1000.0	1000.0	875000	117.22299	44.85175	234.70651	18.402788	-118.17779	7.999311	7385.457480430603
176	58.866325	44.2927	99.457466	-21.521357	286.9398	221.73265	598.6787	-64.2462	1000.0	1000.0	880000	116.73565	44.932327	236.28415	13.368562	-117.6598	7.8672304	7427.583701848984
177	-38.253746	341.14725	311.20685	-668.2536	297.62305	138.37143	515.9001	51.47136	1000.0	903.6	885000	115.75268	45.156197	240.09137	39.104443	-116.65848	7.716046	7469.391562700272
178	86.21599	350.81506	448.76746	-555.1936	311.6097	311.66895	1020.3964	-286.17072	1000.0	1000.0	890000	114.86387	45.49617	234.7866	17.690804	-115.7738	7.5191407	7512.074722290039
179	286.07947	193.9444	526.5419	48.69602	574.83307	109.02065	794.80884	398.14224	1000.0	1000.0	895000	114.26016	45.33496	234.97386	14.787796	-115.16726	7.9709764	7554.6856207847595
180	396.1374	659.452	1579.7623	-402.93478	241.58904	188.77626	543.30286	-38.90754	1000.0	1000.0	900000	114.08441	45.169247	241.50539	17.127268	-115.01153	7.799167	7596.925489187241
181	351.01532	181.92912	684.2549	155.12611	430.17627	367.86426	1004.04767	-287.03467	1000.0	1000.0	905000	114.52377	44.881863	241.10054	14.250462	-115.49135	8.069649	7639.79681968689
182	432.55292	255.86871	871.4605	135.1961	608.2699	251.10956	1093.1879	213.4467	1000.0	1000.0	910000	115.2186	45.260937	241.18048	6.296917	-116.169815	7.9477687	7681.554401397705
183	376.50717	704.48486	1238.872	-765.13165	365.36618	268.0178	852.6836	23.528622	1000.0	1000.0	915000	115.749725	46.05947	251.2233	7.03444	-116.704636	8.158323	7723.688161373138
184	188.38121	135.20833	447.24005	68.95728	369.83017	159.93057	586.9078	44.689716	1000.0	1000.0	920000	116.19724	45.959164	244.35028	-2.7254295	-117.142815	7.7842875	7766.251076459885
185	365.31375	248.20782	748.03485	-0.42919615	554.8253	560.25195	1143.3613	-729.2877	1000.0	1000.0	925000	115.87531	45.565845	245.04886	4.3887997	-116.81235	8.176182	7808.6237025260925
186	321.84476	746.00616	1572.2513	-777.4244	288.18222	373.1894	807.1444	-268.50797	1000.0	1000.0	930000	115.746086	45.32969	249.69809	1.4945884	-116.67818	8.106709	7851.634475231171
187	319.38483	102.575424	422.78113	135.95015	127.79651	375.77142	755.81836	-563.529	1000.0	1000.0	935000	115.994675	45.27045	242.24286	6.436878	-116.96025	7.9466467	7895.368834733963
188	323.51007	145.06654	491.69724	109.0271	63.13451	222.60191	401.28607	-434.94604	1000.0	1000.0	940000	115.88346	44.766624	241.82904	-9.135818	-116.83768	8.396754	7939.785551309586
189	270.44	320.03397	685.068	-196.21234	554.0553	322.6194	1136.2102	175.24908	1000.0	1000.0	945000	116.62829	44.207294	243.29529	23.934	-117.58735	8.479448	7982.447515249252
190	218.56137	539.6269	812.2758	-752.83734	253.11568	432.61093	813.0626	-528.8101	1000.0	1000.0	950000	116.38186	44.260906	245.38208	7.010621	-117.311226	8.525219	8025.053978919983
191	118.551315	345.49106	440.8426	-495.78784	-69.70592	330.4326	196.54517	-805.1554	1000.0	1000.0	955000	115.46113	43.95154	241.63089	7.4431896	-116.38495	8.460174	8068.083582639694
192	212.84981	421.7044	607.3639	-537.6994	324.3547	335.48077	719.50543	-548.3786	1000.0	1000.0	960000	115.59277	44.601963	243.8703	-4.816246	-116.5177	8.049956	8111.178885221481
193	-95.60105	273.4414	298.44992	-465.29117	154.19592	325.94437	474.52014	-492.90613	1000.0	1000.0	965000	115.28545	44.6003	241.07785	10.000036	-116.20245	8.15873	8154.036893367767
194	363.75958	247.13002	567.65027	-109.143295	138.05075	291.9416	421.824	-426.5981	1000.0	1000.0	970000	114.72568	44.493786	240.01869	-3.2873778	-115.6305	8.103993	8198.165914297104
195	244.5146	573.59235	1324.5945	-273.24603	330.72458	325.96564	708.99255	-216.20209	1000.0	1000.0	975000	114.23117	44.81224	247.5285	1.4838438	-115.126526	8.043792	8240.676705360413
196	184.4246	267.15103	539.2143	-279.2433	373.30725	228.67104	793.0845	115.389725	1000.0	917.0	980000	113.14798	44.845825	249.99515	-20.947266	-114.033264	7.7499094	8283.737887382507
197	532.8568	325.91547	1069.4625	95.75128	455.59308	389.04102	1068.712	-409.7304	1000.0	1000.0	985000	112.5731	45.24056	240.8578	-36.05141	-113.47024	8.199984	8326.986123085022
198	254.3765	329.63943	841.1415	-91.576096	-195.50577	299.25977	285.97888	-627.4766	1000.0	1000.0	990000	112.51193	45.55728	241.30095	-5.678677	-113.41671	8.046975	8370.360985279083
199	261.46942	143.91911	469.02286	30.357384	488.96884	639.4902	1397.6564	-767.6549	1000.0	1000.0	995000	112.673355	45.686478	246.33788	-14.399529	-113.61952	8.0693035	8414.120689630508
200	283.07425	260.30453	676.2653	-48.030647	398.34796	179.82498	792.7249	139.55641	1000.0	937.0	1000000	114.11494	46.19837	247.37746	-16.58612	-115.09805	8.373715	8456.19370508194
201	299.1154	259.54437	591.52875	-90.99856	417.3139	87.551285	589.72437	258.27032	1000.0	1000.0	1005000	115.13029	46.343544	243.96767	33.138233	-116.11098	7.9858155	8498.960915088654
202	413.38193	245.97673	854.59143	115.644684	142.67476	593.48083	899.1661	-625.5333	1000.0	1000.0	1010000	115.94969	46.84595	245.3751	23.308825	-116.89151	8.323399	8542.40311717987
203	418.80548	196.01334	688.07367	116.51513	25.189075	614.4718	1043.0063	-1297.3641	1000.0	1000.0	1015000	116.9989	47.236855	249.43973	-4.451502	-118.007935	8.659565	8587.175831794739
204	150.39938	481.59076	532.3292	-800.2059	260.15845	232.5135	781.1158	-25.8553	1000.0	1000.0	1020000	118.22105	47.357826	247.44296	14.407043	-119.17922	8.645866	8630.845135688782
205	785.29785	472.59186	1356.1609	86.39325	271.23236	436.02524	707.70776	-574.02875	1000.0	1000.0	1025000	118.18367	47.25231	247.6665	18.059784	-119.10565	8.981783	8673.786786794662
206	75.47815	417.61694	802.5824	-429.7309	-179.8304	416.07928	626.2261	-858.29004	1000.0	1000.0	1030000	118.134476	47.230366	251.10611	22.431509	-119.0808	8.96918	8717.170993328094
207	68.00072	359.22687	594.0772	-466.40793	663.21466	359.46912	1270.5593	151.02211	1000.0	1000.0	1035000	118.6146	47.04108	247.11484	2.473013	-119.58218	8.655975	8761.230277061462
208	260.82855	564.9482	1294.3447	-273.39642	540.3843	387.75803	1150.6106	97.291725	1000.0	1000.0	1040000	119.17986	46.920517	248.3184	10.813866	-120.16588	8.590708	8805.01050043106
209	611.72125	295.38882	1076.6586	175.21854	693.92737	664.0442	1741.8304	24.289541	1000.0	1000.0	1045000	119.66915	46.235195	252.77649	17.669197	-120.639366	8.92124	8848.833004236221
210	368.02716	437.55844	1188.631	-50.368828	866.17346	540.2772	1630.2435	100.511826	1000.0	1000.0	1050000	119.96854	45.770924	250.66328	-2.9350019	-120.92855	8.365591	8892.642223834991
211	260.1985	588.89935	1374.2657	-445.0841	174.55331	380.31467	1187.4167	-164.6202	843.5	1000.0	1055000	120.03081	45.409218	251.50613	5.140996	-120.99764	8.695423	8936.183306217194
212	802.6568	228.26758	990.95844	354.26675	-55.662254	334.51663	631.8947	-574.8006	1000.0	1000.0	1060000	120.670425	45.32998	251.10408	-31.347431	-121.68355	9.26273	8979.304237365723
213	701.9132	394.72806	1173.7506	228.34448	919.9793	614.0683	1578.6034	61.469467	1000.0	1000.0	1065000	122.25883	45.23175	249.89154	-5.4204655	-123.29991	9.048532	9022.759486436844
214	534.3319	378.75543	974.46497	9.416078	261.2535	503.195	1023.34674	-470.45026	1000.0	903.9	1070000	123.39319	45.78903	249.80309	0.7534747	-124.38397	9.06568	9064.997990608215
215	188.4124	187.76736	461.44995	-71.388145	390.08383	452.65622	1312.4011	-168.69897	1000.0	906.3	1075000	122.503624	46.114044	248.45811	4.5879564	-123.4313	8.79688	9107.479109287262
216	649.39026	574.99884	1391.5687	-66.9739	87.81466	336.65247	701.2123	-334.61496	1000.0	1000.0	1080000	121.569534	46.493443	250.05016	-20.738834	-122.501526	9.142277	9152.015175580978
217	369.98187	740.3937	1441.5106	-261.9714	64.98346	484.9732	902.5561	-704.45435	1000.0	901.7	1085000	120.50427	47.08842	247.80678	-1.8231816	-121.41845	9.1115265	9195.11614894867
218	404.5097	495.55255	1164.2933	-245.88553	139.79404	558.1169	1089.1428	-544.8793	1000.0	1000.0	1090000	119.84977	47.709694	251.84123	14.305781	-120.79983	9.299669	9238.618535757065
219	604.71954	493.3778	1237.2445	-40.473194	-319.02933	487.3253	325.39703	-1076.8309	1000.0	1000.0	1095000	119.81896	48.262604	245.2385	-0.03097868	-120.75615	9.663415	9283.019343852997
220	-220.50105	260.67902	145.16531	-661.75146	-187.60248	484.33527	910.50934	-749.00104	1000.0	1000.0	1100000	119.457855	48.417076	250.9352	-10.752453	-120.42182	9.197136	9327.306674957275
221	20.290539	625.02747	960.6326	-860.91327	309.24356	400.05447	1007.4679	-239.1667	1000.0	1000.0	1105000	119.32313	48.26932	245.52103	-14.692249	-120.31753	9.330539	9371.698277235031
222	-225.63379	409.08557	439.34485	-840.2902	704.6556	601.10706	1268.3752	-315.56332	1000.0	1000.0	1110000	120.443146	47.941174	246.29614	9.0900955	-121.4353	9.148678	9416.404713630676
223	92.203964	464.69452	924.2516	-499.11542	-36.951	422.06738	857.9548	-570.251	1000.0	1000.0	1115000	120.10628	47.887486	242.09302	-4.07727	-121.0773	9.094597	9460.331738948822
224	17.532887	436.868	757.8825	-532.89496	-82.34481	473.8431	827.5784	-629.1674	1000.0	965.6	1120000	120.029144	48.167236	244.67752	17.136253	-120.9829	8.87072	9505.539950370789
225	-196.54001	571.3875	348.49194	-1222.1206	98.166214	251.85323	442.24847	-295.8371	1000.0	1000.0	1125000	119.15829	48.00385	246.13509	23.692698	-120.11345	8.943153	9549.546393156052
226	398.40402	660.48145	1296.5234	-260.31412	-49.877975	276.07907	235.38113	-542.7552	1000.0	1000.0	1130000	118.24588	48.080044	244.20016	18.586803	-119.16795	9.049439	9594.580449819565
227	-70.289856	476.71594	766.5265	-509.5614	291.1961	275.66025	835.5685	-85.06845	1000.0	1000.0	1135000	117.27721	48.637283	245.87381	-3.5060773	-118.17767	9.167577	9639.709681749344
228	-36.61334	122.4591	94.431335	-254.15018	-1045.2584	144.75163	-912.8155	-1347.3109	1000.0	1000.0	1140000	115.87851	49.486538	246.01338	23.799301	-116.81479	9.412383	9684.355422973633
229	284.6194	693.24585	961.5629	-1021.80804	322.8241	631.5806	1073.384	-941.2222	1000.0	1000.0	1145000	116.21471	49.865612	244.70355	9.972492	-117.19218	9.491982	9728.15247631073
230	677.6575	532.90326	1148.9838	-225.4169	229.08932	253.48944	622.2327	-152.23346	1000.0	1000.0	1150000	116.578285	50.04895	249.06924	17.559214	-117.52422	9.62231	9772.366335391998
231	-54.14568	394.3124	491.98544	-657.1419	105.90513	299.8004	526.29395	-526.2218	1000.0	1000.0	1155000	116.40726	50.38455	246.87683	-5.4759803	-117.35236	9.411454	9817.520873785019
232	192.86203	277.792	596.7093	-177.93948	-73.394905	361.5779	416.5021	-648.2368	1000.0	1000.0	1160000	116.05563	51.00019	244.7771	-13.378159	-116.9982	9.91801	9863.091350078583
233	-14.584125	359.22778	506.2976	-566.06445	185.20296	646.43884	931.57367	-998.92285	1000.0	1000.0	1165000	115.54039	51.369453	246.45955	13.595715	-116.46327	9.27974	9906.860442638397
234	109.77681	312.9242	578.1989	-365.2026	770.64417	427.7174	1385.6434	-22.571074	1000.0	1000.0	1170000	114.90761	52.06122	253.07385	-2.929618	-115.83189	9.2958145	9951.077030420303
235	241.28609	235.96115	663.6075	-38.97971	-99.19706	275.01028	377.42148	-501.275	1000.0	1000.0	1175000	114.67448	52.598606	244.59885	-12.245156	-115.6129	9.522303	9995.571306467056
236	-205.89224	219.38617	120.93795	-400.7664	112.04364	296.90726	656.1831	-437.06613	1000.0	1000.0	1180000	114.33774	52.22687	250.54724	14.579021	-115.27825	9.703529	10040.061206817627
237	209.41353	272.75696	564.52875	-210.26675	-109.7572	477.71393	446.83926	-904.6869	1000.0	1000.0	1185000	114.12794	52.53533	249.53354	0.3999238	-115.06166	9.452562	10083.802107810974
238	265.0968	548.4751	953.16595	-312.44397	-5.0262823	289.79013	477.33618	-531.9261	1000.0	1000.0	1190000	113.39206	52.652477	249.3137	3.1437397	-114.293465	9.356313	10127.242259263992
239	306.9093	276.7084	804.079	-124.34522	118.856064	743.7709	1269.2384	-1667.8721	877.6667	1000.0	1195000	112.86874	53.195164	245.90633	-14.807124	-113.79528	9.507603	10170.502239465714
240	268.00677	221.97627	594.54663	-37.911842	590.01465	367.18164	1161.3105	-143.52843	1000.0	1000.0	1200000	112.58051	53.59189	247.0093	5.4832973	-113.55688	10.1043215	10213.145532131195
241	144.83932	686.1566	1182.1661	-883.2072	480.35904	483.33426	1140.6355	-326.8026	1000.0	1000.0	1205000	113.705025	53.987743	243.31903	-3.8562422	-114.6823	9.627054	10254.75192451477
242	-168.78691	299.78525	228.88522	-681.9279	244.28804	499.4998	1323.3685	-690.51715	1000.0	1000.0	1210000	113.60188	54.74166	248.44327	-51.55495	-114.54357	9.976387	10294.261347532272
243	182.32938	298.77307	506.3036	-244.43141	-531.71423	444.92444	242.59744	-1218.4972	1000.0	1000.0	1215000	113.34646	55.10639	250.28784	-5.98579	-114.29098	9.94522	10333.57681131363
244	207.81802	79.58728	337.98685	107.664	32.5418	115.47327	263.9549	-143.09395	1000.0	903.2	1220000	112.81755	55.329563	250.50682	-16.533264	-113.74726	10.075401	10370.951001644135
245	129.14809	361.55954	762.06445	-246.15823	162.93939	258.29288	875.13873	-142.54446	1000.0	1000.0	1225000	112.37298	55.26145	248.53152	-2.5896358	-113.33022	9.710075	10409.25994849205
246	256.9598	666.36865	1248.2185	-549.0279	-224.37949	442.65854	667.8789	-813.8427	1000.0	829.9	1230000	112.28271	55.879368	247.94098	12.272648	-113.21783	10.249034	10447.470609426498
247	-93.60891	353.3672	367.94147	-674.815	238.53777	544.0953	1109.4757	-450.64175	1000.0	1000.0	1235000	111.87066	57.00779	253.62758	5.5806375	-112.79855	10.234451	10486.568095445633
248	-239.57231	302.0459	132.002	-551.82404	79.64055	565.53906	933.48474	-782.75574	1000.0	1000.0	1240000	111.511536	58.251404	251.98926	-50.427605	-112.46556	11.006969	10525.241549253464
249	-33.792145	319.19687	514.9685	-359.70865	296.96796	382.9551	781.005	-497.83417	1000.0	1000.0	1245000	111.34965	59.116127	253.28091	-34.306664	-112.31746	11.1382	10563.74011516571
250	-150.61496	420.3804	430.2402	-611.64233	206.43237	375.14844	676.2755	-330.77817	1000.0	1000.0	1250000	111.53918	59.405647	254.38531	-13.5444565	-112.49136	11.248547	10602.672615766525
251	-350.76947	466.87723	17.21518	-1269.7264	102.1098	421.60846	853.17694	-506.78174	1000.0	921.7	1255000	110.80352	59.663517	258.38724	-27.389732	-111.76014	12.039945	10640.507738351822
252	98.87484	155.70259	287.14145	-80.025055	210.77176	630.97986	1136.5779	-929.0495	1000.0	964.9	1260000	110.905	60.79282	256.17825	-41.613045	-111.8703	11.558543	10679.024905443192
253	-312.53046	719.24884	937.47906	-1073.326	115.38139	693.1079	890.7749	-1043.1407	1000.0	1000.0	1265000	110.58558	61.742153	254.68279	-12.657546	-111.55105	11.798057	10718.739259958267
254	-167.8383	335.80127	322.27097	-720.45154	211.1296	606.3327	989.6395	-694.3402	1000.0	954.7	1270000	111.02777	62.256023	257.77097	-53.65515	-112.023926	12.288088	10757.74710559845
255	-407.3221	699.3394	802.54376	-1367.6857	-589.4504	374.9964	229.63292	-1005.33167	851.1667	1000.0	1275000	111.62169	61.36483	251.60567	-27.305634	-112.63632	12.1054325	10797.36064171791
256	-369.74106	318.00378	23.834637	-849.10925	-145.54843	244.18971	214.68501	-489.2491	840.6667	1000.0	1280000	111.31678	60.939846	259.83426	-24.664577	-112.25362	12.32821	10836.850075244904
257	-132.5825	546.3498	817.6999	-811.8412	-334.32724	382.46237	610.80304	-798.3058	951.4	1000.0	1285000	109.6924	61.097633	254.7352	-6.384691	-110.647675	12.076999	10876.291196346283
258	-70.299416	185.80222	148.24918	-364.06677	-194.97397	219.22658	223.55388	-486.58902	1000.0	913.0	1290000	109.59454	61.79062	257.2059	-2.1187758	-110.55669	12.505974	10915.048092603683
259	39.702614	321.65433	631.6366	-350.29358	236.0383	446.74506	1054.9581	-246.83492	1000.0	1000.0	1295000	109.02151	62.223854	251.18834	-25.675364	-109.98827	12.25201	10954.869295835495
260	-11.5453825	330.53662	449.4995	-421.19083	-380.02158	354.23764	218.47556	-919.61835	1000.0	921.9	1300000	109.01006	61.83717	258.86893	-29.421345	-109.988525	11.760642	10993.941908597946
261	-557.95386	630.3631	670.2215	-1118.4923	-497.67148	686.53265	304.0063	-1959.4443	1000.0	838.4	1305000	108.64718	61.782524	252.71588	-1.2052317	-109.595276	12.061782	11032.00093793869
262	-920.0516	576.36774	-320.28592	-1691.013	-143.56621	387.9674	451.96152	-634.2481	1000.0	917.5	1310000	107.701416	63.00085	258.7717	-43.13651	-108.64515	12.640376	11071.165864229202
263	-389.64374	119.3364	-222.92902	-539.214	-164.0494	453.09457	876.1799	-748.55475	1000.0	911.4	1315000	106.740616	63.896782	248.66803	-40.449802	-107.67935	12.544842	11109.341236114502
264	-63.67056	468.20474	666.0926	-661.82733	-389.29507	495.86566	574.3378	-1164.2294	867.6667	1000.0	1320000	106.19063	64.52946	257.6918	-35.386566	-107.138306	12.5184355	11149.768421888351
265	-631.7261	644.74365	147.48346	-1610.1104	-252.30066	238.97493	70.469025	-742.084	1000.0	1000.0	1325000	106.207214	65.179855	253.05165	-47.068127	-107.20804	14.096319	11189.998157024384
266	-491.5319	281.99255	30.385887	-791.9815	-125.7604	381.59973	399.9499	-615.59186	1000.0	1000.0	1330000	105.95903	65.23879	254.69623	-33.193707	-106.91985	13.580467	11229.869488954544
267	-356.3144	247.43494	-107.84434	-772.0736	-249.11414	155.09636	82.093414	-494.03143	1000.0	1000.0	1335000	105.04533	64.97538	254.09422	-14.452958	-105.98425	13.11885	11270.281823396683
268	-147.46783	577.2602	944.91394	-668.43335	-234.9338	757.4138	772.3895	-1999.1135	1000.0	1000.0	1340000	104.33726	64.629	255.52824	-34.139942	-105.29315	14.44565	11310.377168416977
269	-15.9452915	335.25803	480.30283	-380.1757	-577.98096	152.23991	-191.77174	-765.26465	1000.0	1000.0	1345000	104.358986	65.011696	254.47571	-25.747263	-105.31342	13.491368	11351.14580488205
270	-625.405	705.58466	-104.19013	-2010.086	-140.08823	323.94504	469.18372	-683.575	1000.0	1000.0	1350000	104.48374	65.50443	251.68973	-22.86392	-105.466576	13.977972	11390.856741189957
271	-344.60852	210.22612	-40.034523	-595.55646	-339.4455	286.96378	93.59557	-897.19763	1000.0	1000.0	1355000	104.453316	65.77309	259.52515	-19.178326	-105.43215	14.173891	11430.788197755814
272	-396.02258	358.45334	235.46005	-821.24054	-303.4312	266.73508	144.03452	-610.2144	1000.0	915.5	1360000	103.99653	65.76864	258.0283	-9.184361	-104.959465	13.649436	11469.958138465881
273	-73.73645	180.45853	145.05663	-271.72092	-347.1895	161.17412	-118.50472	-644.37506	1000.0	1000.0	1365000	104.2218	65.579254	261.4155	-7.8903265	-105.20193	14.2084675	11509.670115947723
274	-65.30839	618.4181	960.0375	-723.9096	-411.67755	627.19183	342.71054	-2045.6244	1000.0	1000.0	1370000	103.7605	65.39094	254.43393	-8.198367	-104.72516	13.485124	11548.844317436218
275	-55.89657	273.60245	420.85886	-425.97604	-77.23318	456.45724	709.36523	-863.82983	1000.0	1000.0	1375000	103.76071	65.51996	257.22327	-6.925753	-104.75634	14.073103	11589.769688606262
276	-257.22552	244.85316	68.38268	-533.09454	83.23861	698.39777	881.0526	-1678.5016	1000.0	1000.0	1380000	104.05158	65.52416	254.80415	-8.1567	-105.02911	13.422673	11629.741381883621
277	174.64938	447.68317	1022.6684	-193.92365	-595.29114	827.0972	361.00693	-1946.1604	1000.0	1000.0	1385000	103.95209	65.46512	256.56656	-8.777155	-104.96082	13.442525	11669.88464307785
278	-410.32446	419.629	198.01366	-1062.9408	-339.43463	164.7691	33.435722	-544.5012	1000.0	1000.0	1390000	104.42284	65.670265	256.67584	-21.458488	-105.45097	13.458289	11710.406436681747
279	-160.8836	511.698	818.2441	-580.04095	-376.64014	191.52919	56.692577	-617.0153	1000.0	1000.0	1395000	104.73961	65.52385	260.7116	-13.362005	-105.74045	13.882259	11751.249923229218
280	-118.7703	215.06528	208.1459	-409.24924	-110.39298	414.03436	493.6632	-1073.4897	1000.0	1000.0	1400000	104.98737	65.79243	260.31512	-36.843834	-105.98297	13.405881	11792.114914894104
281	-185.16554	794.8948	550.24506	-1621.2908	-458.10196	363.57233	42.43531	-1273.3319	1000.0	1000.0	1405000	104.58429	65.69933	255.58585	-44.275787	-105.611084	13.4182205	11833.094775438309
282	-421.15298	399.5537	351.24744	-800.5736	-369.3697	323.41727	166.60045	-860.64874	1000.0	925.4	1410000	105.484055	65.70116	255.79823	-10.334831	-106.5222	13.751733	11872.9289021492
283	-238.63315	147.71991	-54.803154	-483.9159	-99.59827	425.48434	517.6021	-816.4052	1000.0	1000.0	1415000	105.39843	65.841835	254.07072	-7.992671	-106.377174	13.564656	11912.95284152031
284	-51.24229	356.0226	405.9305	-495.60428	-44.052223	356.5613	492.8038	-595.2552	1000.0	841.1	1420000	104.58313	65.48426	259.35724	-43.74838	-105.57448	13.81204	11952.227216720581
285	-284.7505	273.6164	16.518372	-726.0004	-246.14182	187.21388	58.632767	-606.9682	1000.0	1000.0	1425000	103.53113	65.11226	259.5293	-59.1614	-104.49567	14.082247	11993.475675344467
286	-86.21049	404.03186	637.7052	-454.5533	-196.98058	238.51582	288.19608	-579.46606	1000.0	1000.0	1430000	102.17505	64.66847	250.68622	-42.572	-103.12681	13.387544	12033.447316884995
287	-269.3901	278.44162	84.882835	-616.9789	-155.35553	269.82886	424.7219	-462.6344	1000.0	1000.0	1435000	101.090416	64.13131	254.14244	-20.598736	-102.04282	13.476986	12074.069359064102
288	-177.72667	299.3839	401.2891	-467.3094	-43.33894	292.7563	608.2551	-486.40588	1000.0	1000.0	1440000	100.15007	63.710327	254.62625	-49.34003	-101.091835	13.436966	12114.360973596573
289	-228.42007	222.66368	154.14374	-495.12775	-222.0886	317.53217	181.82481	-1000.5828	1000.0	1000.0	1445000	99.40308	63.926098	246.99387	-31.799725	-100.33478	13.74671	12156.019390106201
290	66.25368	389.99414	689.25775	-338.3036	485.559	402.54312	942.36957	-380.01923	1000.0	1000.0	1450000	98.96688	64.48972	247.91354	-14.867708	-99.94368	13.806506	12196.804668426514
291	52.602234	251.65736	443.2878	-159.0251	-109.23285	329.68814	591.1973	-572.7941	1000.0	1000.0	1455000	98.87167	64.75615	250.063	-17.5273	-99.82489	13.107297	12237.882604837418
292	-215.69565	247.83449	103.77518	-585.837	-139.82887	512.5191	702.4031	-1104.8472	1000.0	945.4	1460000	98.77931	64.460365	249.49266	-12.907919	-99.7738	13.021442	12278.229150295258
293	-209.97017	404.69965	265.61642	-723.50604	-511.26447	400.37946	40.278004	-1256.8326	1000.0	1000.0	1465000	98.51781	64.77341	252.20784	2.923883	-99.458984	12.6415825	12319.852339029312
294	-559.4195	399.4288	-59.558323	-1239.9664	-578.41766	239.79027	-200.70612	-1075.0332	1000.0	1000.0	1470000	98.32722	64.96616	249.76707	1.6737552	-99.29013	13.38165	12360.882013082504
295	-297.98126	223.2882	102.75682	-522.145	-455.47403	385.26816	164.89616	-1135.8789	1000.0	1000.0	1475000	97.46612	65.15536	250.439	-26.614906	-98.41021	14.349637	12401.695358276367
296	-65.310776	500.13086	857.0283	-518.96625	-204.44153	380.15393	480.27637	-1037.674	1000.0	1000.0	1480000	97.10587	64.69337	248.47485	-15.730474	-98.05604	14.034731	12442.415346384048
297	-269.0899	249.80353	216.58894	-488.9036	-337.46954	273.77914	137.20752	-668.69977	1000.0	1000.0	1485000	97.02407	64.52541	252.07016	-18.106834	-97.99027	13.037141	12484.096812486649
298	-197.7327	246.69252	143.49522	-515.1767	-477.67422	283.5031	-34.031834	-996.3356	1000.0	1000.0	1490000	96.80445	64.7937	247.46643	-14.619333	-97.75936	13.50129	12524.394547462463
299	-265.74362	486.01395	339.65424	-1063.9379	-78.296906	523.7677	920.9729	-876.5443	1000.0	1000.0	1495000	96.118835	64.86106	245.38046	-6.6132126	-97.09405	13.904478	12565.770188808441
300	-565.918	409.18488	120.09785	-1185.68	-229.95842	284.97885	81.79741	-788.922	863.0	912.2	1500000	96.45385	65.40069	256.5429	-3.3699203	-97.43478	14.469251	12607.684381246567
301	-228.64629	567.4567	745.7928	-759.32965	-76.97616	396.90485	655.2301	-448.24295	1000.0	1000.0	1505000	95.42957	65.67291	251.69946	-17.598953	-96.35975	14.022525	12648.757417917252
302	7.601233	166.26508	123.97353	-319.80432	-211.45535	304.9029	253.74524	-673.698	1000.0	1000.0	1510000	94.63917	65.9662	245.99294	-11.733524	-95.56639	14.692077	12690.229238986969
303	-494.1419	450.64532	235.50009	-1154.9813	-319.33673	300.71652	96.19181	-783.9238	1000.0	1000.0	1515000	93.83285	65.732254	250.61311	-16.178436	-94.7687	14.03195	12731.279000759125
304	-155.09842	486.05606	673.2516	-744.9298	99.795	507.89148	948.87305	-635.5474	1000.0	1000.0	1520000	93.03097	65.265526	245.49217	-23.520489	-93.95669	14.009663	12772.867353439331
305	-295.94293	206.50772	36.04326	-597.1723	-71.697556	350.34442	589.56	-614.5247	1000.0	1000.0	1525000	92.03543	65.05303	250.8076	-27.39258	-92.9615	13.707704	12814.308087587357
306	-634.7807	426.91608	-33.610664	-1351.9314	-375.57376	360.68408	279.64954	-896.3329	1000.0	1000.0	1530000	91.48409	64.968636	241.40144	-23.765646	-92.4112	13.359909	12855.02233171463
307	-436.60898	169.59569	-172.18895	-701.3578	-569.87054	208.97054	-267.21423	-1006.6553	1000.0	1000.0	1535000	90.96038	64.75917	245.76166	-24.67855	-91.89584	13.91048	12897.277272224426
308	-208.72954	558.7456	871.82745	-657.8367	-284.78812	251.98235	191.33118	-650.67303	1000.0	917.8	1540000	90.55365	64.853325	245.46008	-39.14053	-91.48578	13.924422	12938.699494123459
309	-323.28748	225.01717	111.33437	-518.86426	-7.3081803	530.2678	1067.4922	-525.85205	853.0	1000.0	1545000	90.79666	65.539	246.07477	-31.367235	-91.76039	14.086218	12977.682578325272
310	-249.74594	482.348	699.2985	-592.8855	-80.468994	579.40295	1024.6011	-688.97833	1000.0	1000.0	1550000	90.08972	65.28386	244.9216	-25.670502	-91.02917	14.630884	13019.068420171738
311	-257.5036	687.8386	274.54306	-1593.5596	-93.095894	224.51419	261.52582	-536.7483	1000.0	1000.0	1555000	90.02942	65.740265	245.30336	-31.986816	-91.01002	14.93693	13060.310378551483
312	-378.82275	173.2167	-215.86497	-606.54645	-121.2144	218.36438	230.26392	-490.13202	1000.0	934.7	1560000	91.233055	66.1418	248.72083	-21.237688	-92.23281	14.289056	13101.780911445618
313	-48.576195	713.7031	1359.8679	-569.1064	-343.03693	244.5495	120.49036	-617.8775	1000.0	1000.0	1565000	91.26002	66.27069	247.0961	-4.1022563	-92.211525	14.281135	13143.46712398529
314	-461.261	441.4513	201.83191	-1162.7582	-192.47806	276.5205	163.68776	-615.99506	1000.0	1000.0	1570000	90.77097	66.82713	246.2638	-13.274268	-91.742485	14.391936	13184.07033586502
315	-207.40266	513.04535	720.2939	-705.64844	-579.5101	473.66815	547.17316	-1342.1774	1000.0	945.2	1575000	90.60881	67.17434	250.14592	-7.61783	-91.56739	15.056288	13225.722920179367
316	-498.99136	99.1838	-343.14893	-606.62787	-352.59808	285.26187	77.92515	-736.0925	1000.0	1000.0	1580000	90.59863	67.91451	247.15114	-30.889711	-91.561935	14.727341	13267.542305469513
317	-709.6813	456.6006	-171.99068	-1515.5164	-159.2962	198.63495	213.61276	-514.01843	1000.0	1000.0	1585000	90.05676	68.19664	244.62039	-50.388344	-91.04482	14.641051	13308.657419919968
318	-413.10938	628.2757	780.35077	-1078.29	-405.63763	316.54202	57.776546	-1011.5402	1000.0	913.7	1590000	89.757965	68.32335	252.41586	0.78840446	-90.69731	14.9188595	13350.038819551468
319	-529.0231	353.00592	-104.26705	-1180.1964	-454.98486	473.03235	862.89703	-890.70856	1000.0	1000.0	1595000	88.31852	68.36789	244.95413	8.216476	-89.22267	14.626569	13391.799243211746
320	-239.84615	560.8917	777.8029	-984.8333	-188.75012	359.95993	457.5078	-618.45374	874.5	1000.0	1600000	86.819855	68.09676	247.89938	-2.6779327	-87.73501	14.989559	13434.241940021515
321	-341.68597	407.89203	423.14297	-691.8704	-196.38202	323.4822	316.54382	-675.1983	1000.0	919.3	1605000	86.073006	68.11014	243.20943	-1.9686742	-87.02639	14.234272	13475.005056619644
322	-598.71594	186.96657	-423.47183	-955.26215	-358.63803	159.07794	-25.089233	-559.38745	1000.0	1000.0	1610000	85.90097	67.95333	243.8371	0.85850143	-86.833916	14.603604	13517.233126163483
323	-550.68445	572.3111	138.92845	-1598.6945	-374.10504	340.7064	207.70152	-860.78955	840.3333	1000.0	1615000	84.8895	67.67261	243.63264	-14.57312	-85.81803	15.148179	13559.987602710724
324	-150.70798	488.51898	451.80328	-915.5854	-231.94604	582.4088	572.8882	-1212.5438	1000.0	1000.0	1620000	84.60033	67.64332	238.33731	-19.302746	-85.55246	15.2071905	13601.094597816467
325	-198.91724	362.6413	318.45947	-640.2536	-153.58344	450.7224	832.347	-822.66595	896.8333	1000.0	1625000	85.74704	67.866135	245.92912	-25.59114	-86.74267	15.181797	13643.95073890686
326	-601.0462	482.41714	79.357956	-1313.2592	-459.18848	230.8763	13.767615	-805.2227	1000.0	1000.0	1630000	86.97171	67.50786	244.31207	-37.765835	-88.03444	14.67011	13686.335400819778
327	-166.23796	324.43863	382.7866	-614.158	-335.51678	364.83154	177.46368	-1185.5063	1000.0	1000.0	1635000	88.17587	67.21849	243.79193	-35.434814	-89.18865	14.911416	13727.909329414368
328	-57.68595	317.0606	513.61774	-402.51688	-606.7899	164.89778	-426.6522	-887.7775	1000.0	1000.0	1640000	88.775406	67.56201	251.01857	-17.286057	-89.77062	15.683635	13771.067893505096
329	-354.54044	483.89288	555.142	-840.54047	-397.196	414.5152	398.1371	-991.08014	1000.0	1000.0	1645000	88.13986	67.381	248.57425	-19.158566	-89.11811	15.004394	13813.322881937027
330	-415.2885	523.7718	469.62695	-1016.73535	-203.98984	437.1954	774.92255	-1010.1475	1000.0	1000.0	1650000	87.53443	67.527916	241.34204	-17.204876	-88.490486	14.912163	13856.241799592972
331	-752.49664	415.43045	-267.21765	-1268.9285	-184.93185	315.3205	652.9456	-493.5211	1000.0	1000.0	1655000	86.74248	67.6924	242.83867	-40.115772	-87.71641	15.719357	13899.136234998703
332	-152.12369	434.47495	310.23035	-746.8735	-91.01853	380.7361	742.2229	-632.94653	1000.0	1000.0	1660000	86.15968	67.84021	247.50291	-29.386309	-87.13698	16.100056	13940.739413022995
333	-255.33614	209.85805	20.365913	-486.0595	-160.066	184.29555	196.36255	-436.59186	1000.0	1000.0	1665000	85.425285	67.94732	242.14594	-37.360977	-86.35476	15.418877	13983.428025007248
334	-302.34406	200.18948	79.31359	-469.1032	-46.03727	409.4547	632.31024	-540.5023	1000.0	1000.0	1670000	84.17831	67.77366	243.14438	-15.069077	-85.143265	15.093878	14026.448824167252
335	-107.70583	234.98363	296.6706	-314.5695	-300.77792	437.27054	349.31937	-1381.5162	1000.0	1000.0	1675000	84.58736	67.784	242.78094	-24.241545	-85.5986	15.426903	14068.921850442886
336	-442.18378	330.87067	-15.422106	-831.75885	-703.28485	449.84256	-44.182644	-1554.5323	1000.0	1000.0	1680000	85.09427	67.70483	242.22493	-8.277877	-86.108635	15.560964	14111.783588647842
337	-677.6437	319.784	-277.6919	-1229.6917	-403.154	188.0473	-168.61331	-813.92773	1000.0	1000.0	1685000	85.244934	67.69859	247.52768	-12.653238	-86.245186	16.16239	14154.850171804428
338	-509.29672	258.88525	-75.73912	-836.459	-521.45526	611.4945	20.460012	-2068.303	1000.0	926.8	1690000	85.204056	68.077156	245.45201	-8.557419	-86.20549	15.35963	14196.311095237732
339	-506.05112	387.29773	150.07932	-933.1585	-370.41394	227.38419	40.536854	-900.4164	1000.0	1000.0	1695000	85.03623	68.00137	247.2798	-15.990242	-86.01692	14.993453	14239.891628026962
340	-232.84299	406.08337	262.6563	-814.1648	-360.4518	499.92413	622.02734	-1055.4828	1000.0	1000.0	1700000	84.91081	67.456856	246.49777	-25.176928	-85.890755	15.10585	14282.09412240982
341	-660.8324	309.03882	-294.749	-1210.8518	-411.98965	456.57632	712.11993	-813.7028	1000.0	1000.0	1705000	84.38309	66.88344	245.61667	-63.77915	-85.38334	16.083712	14325.855019330978
342	-442.4296	204.1176	-179.499	-689.87494	-573.02295	362.40054	305.11215	-1124.0248	1000.0	1000.0	1710000	84.25934	67.3388	244.13702	-16.485071	-85.25185	16.105017	14367.668382406235
343	-612.47076	159.15868	-320.13257	-748.22174	-707.1561	277.10632	-278.7714	-1157.0743	1000.0	1000.0	1715000	84.278755	67.186325	246.55154	-39.683395	-85.307144	15.761702	14410.059695005417
344	-716.7397	167.05728	-525.02026	-948.48615	-421.90485	239.95271	-98.59329	-795.0321	1000.0	1000.0	1720000	85.090866	67.109856	246.31432	-16.797153	-86.1252	15.4803705	14452.762289524078
345	-415.29257	177.81915	-186.2689	-602.9038	-437.85077	218.39174	65.02589	-841.6725	1000.0	1000.0	1725000	84.30598	67.16753	244.76071	-32.93135	-85.312546	15.475731	14495.873412370682
346	-578.84094	219.60217	-302.54828	-817.18176	-863.92725	377.07828	-442.65332	-1502.9128	1000.0	1000.0	1730000	84.753136	68.01431	242.03067	-30.395458	-85.788124	16.623302	14537.697230815887
347	-558.3163	453.79977	-111.25974	-1405.8344	-319.76196	551.5338	745.9658	-1089.8773	1000.0	1000.0	1735000	84.69866	68.84625	247.56346	-19.420502	-85.7159	16.23056	14580.264045000076
348	-982.5623	240.56181	-764.1975	-1329.2639	-153.08281	462.80072	533.3156	-691.3924	1000.0	1000.0	1740000	84.51633	69.39094	247.01144	-32.18279	-85.53942	15.996101	14622.024187803268
349	-723.95996	311.1467	-272.97906	-1089.2131	-575.9672	310.74783	-28.91486	-935.09	1000.0	1000.0	1745000	84.18963	70.03315	251.20235	-7.258802	-85.232445	16.824497	14664.967082977295
350	-570.94293	270.1228	-233.5322	-921.0393	-655.2308	430.61053	71.69771	-1204.0306	1000.0	1000.0	1750000	84.61262	71.97149	256.654	-17.392471	-85.67565	16.996847	14707.172708034515
351	-448.01093	208.55463	-129.07468	-752.85156	-518.29285	158.47528	-223.99026	-788.5695	1000.0	1000.0	1755000	84.93498	72.464905	254.10068	-69.679344	-85.98641	17.42489	14750.05678486824
352	-383.7403	463.33057	107.4781	-1211.2992	-453.9394	315.54163	111.945656	-919.05524	1000.0	934.7	1760000	85.095665	72.513374	244.92577	-16.14782	-86.14229	17.082289	14793.25675702095
353	-300.2127	184.15714	-50.725933	-549.2612	-312.80597	305.65195	230.50735	-825.29065	1000.0	1000.0	1765000	84.55736	71.26252	246.73103	-42.272503	-85.57977	16.936277	14836.40845155716
354	-516.91034	227.35596	-176.77966	-755.3589	-802.6059	245.9459	-278.29016	-1106.0953	1000.0	1000.0	1770000	84.01822	70.79143	243.39984	-17.899872	-85.07345	16.931135	14879.00541973114
355	-389.36035	447.40836	206.59962	-899.806	-889.26904	458.81296	-63.25305	-1513.9724	1000.0	1000.0	1775000	84.291115	70.75335	249.9981	-44.94402	-85.34006	16.586174	14921.638107299805
356	-201.88387	208.67242	54.270496	-543.5626	-390.9673	273.5542	75.44636	-767.10834	815.8	1000.0	1780000	83.395065	70.403885	242.7555	-25.562939	-84.40025	16.95654	14961.592052698135
357	-588.8923	527.2467	-39.356415	-1512.6752	-582.464	428.60297	-63.8292	-1701.6555	1000.0	1000.0	1785000	82.69	70.49626	249.50737	-48.151485	-83.69936	16.502956	15004.71215391159
358	-778.7706	465.46628	-352.94928	-1684.8802	-792.33234	197.31995	-443.5737	-1072.9464	1000.0	1000.0	1790000	81.95988	71.10968	245.77734	-28.60645	-82.99862	16.646845	15048.323300361633
359	-741.4336	352.91797	-336.98785	-1223.8086	-841.1881	566.18463	-234.89609	-1948.6484	1000.0	1000.0	1795000	81.56496	71.63884	251.99605	-47.03595	-82.61365	16.92824	15091.21519947052
360	-674.6737	469.58606	111.300934	-1298.3705	-847.2194	299.3654	-394.45517	-1520.416	1000.0	1000.0	1800000	81.62747	71.53132	243.33018	-51.29616	-82.64955	16.90937	15134.963045597076
361	-894.3729	293.72263	-334.3773	-1165.9261	-372.43936	441.508	273.0628	-917.6809	1000.0	1000.0	1805000	81.07867	71.8374	240.56879	-42.439064	-82.106636	17.021812	15177.717639684677
362	-325.47162	535.3641	542.8713	-836.6391	-912.9329	480.9982	-476.29514	-1683.2545	1000.0	1000.0	1810000	79.977234	72.50482	245.16489	-28.372175	-80.97523	17.425743	15221.845094919205
363	-673.02185	409.21262	120.91743	-1007.3515	-726.57556	365.89844	-321.7239	-1600.2819	1000.0	1000.0	1815000	78.76827	72.81484	245.23538	-31.644743	-79.76615	17.333103	15265.728343009949
364	-623.8047	275.54688	-415.8103	-1154.0256	-143.38754	638.9605	928.91766	-743.3655	1000.0	1000.0	1820000	78.602	73.016426	249.49474	-43.830112	-79.64914	17.108171	15309.170357465744
365	-747.2186	364.4115	-253.4433	-1360.9846	-392.57724	273.01755	185.65234	-802.8721	1000.0	1000.0	1825000	78.26862	72.98788	250.99237	-38.31262	-79.287125	17.569832	15352.857600212097
366	-405.01126	392.0659	-5.9374495	-1124.143	-593.2748	375.65814	338.99835	-1002.48663	1000.0	1000.0	1830000	77.805	73.23322	245.03108	-38.83754	-78.82639	17.548265	15396.423918008804
367	-631.696	515.2477	335.08984	-1203.3483	-673.692	159.32747	-398.1295	-895.8104	1000.0	1000.0	1835000	77.36309	73.5578	242.16106	-34.667217	-78.37723	17.357162	15439.760085344315
368	-613.6252	266.6706	-340.04614	-1112.4155	-439.08722	244.0371	-27.577894	-695.8369	1000.0	1000.0	1840000	75.96375	73.37713	246.90428	-57.275288	-76.94756	17.668139	15482.043640851974
369	-681.83215	199.63795	-354.17145	-870.3827	-469.26767	316.2148	98.96106	-1107.692	1000.0	1000.0	1845000	75.12196	73.300095	242.63086	-23.844242	-76.113365	17.560944	15524.944287538528
370	-161.10332	249.26909	321.65546	-394.58826	-705.55896	444.15536	214.77692	-1074.1183	1000.0	1000.0	1850000	74.59154	73.15219	238.86221	-23.767094	-75.599045	17.943108	15568.216485023499
371	-706.2677	466.0284	-250.94243	-1527.608	-470.8343	155.57404	-268.1804	-741.7086	1000.0	1000.0	1855000	74.62679	72.43957	241.08908	-36.773083	-75.67685	17.708364	15612.027107000351
372	-557.1891	244.80016	-192.03528	-829.54114	-664.58606	226.87964	-357.05115	-1217.3843	1000.0	1000.0	1860000	75.49084	72.20073	236.51402	-30.925642	-76.55739	17.69255	15654.569182395935
373	-509.77866	204.34622	-388.24982	-917.0078	-355.28674	328.5768	74.46486	-1160.7444	1000.0	1000.0	1865000	76.14389	72.089836	241.41373	-23.870691	-77.21201	16.760004	15697.741728544235
374	-476.55136	336.13684	54.725525	-956.339	-419.36353	278.23764	13.630283	-927.0259	846.5	1000.0	1870000	75.836365	72.33375	233.67036	-31.804085	-76.86424	17.234734	15742.350058317184
375	-432.88947	415.62125	102.0625	-1030.4054	-358.9111	262.42163	41.980328	-721.4936	1000.0	845.5	1875000	75.12046	73.08026	242.8287	-27.239502	-76.153885	18.159164	15784.093198537827
376	-293.66605	491.87485	317.9592	-1084.9711	-475.61493	197.8884	-215.46597	-999.47015	847.0	1000.0	1880000	75.063705	73.65355	243.87262	-25.921076	-76.09063	17.408062	15827.949751138687
377	-545.60675	421.85406	237.82863	-1009.35126	-678.08264	525.7342	68.816376	-1931.9192	1000.0	907.9	1885000	75.033554	73.48849	242.24661	-23.765032	-76.083244	17.842703	15871.321470975876
378	-602.6269	436.97498	62.349056	-1374.4336	-1103.789	782.1871	103.69314	-2696.479	864.1667	921.9	1890000	75.30034	74.892334	245.74727	-21.116375	-76.37233	18.719742	15914.573645353317
379	-680.38763	311.2911	-249.39299	-1196.0537	-547.10095	478.2953	555.16547	-1349.4695	1000.0	1000.0	1895000	75.683205	75.97925	250.34035	-38.02161	-76.73671	18.5564	15958.780246973038
380	-332.19586	417.00052	336.91034	-758.60376	-772.54517	377.30554	-125.78827	-1292.5643	1000.0	1000.0	1900000	75.12495	76.32759	238.84492	-90.32951	-76.16724	18.666025	16003.303204774857
381	-450.54376	158.48035	-298.8181	-732.8572	-516.064	424.62045	31.309797	-1240.2222	1000.0	1000.0	1905000	74.12229	76.455444	238.83846	-29.811993	-75.13689	18.04382	16047.070947408676
382	-380.05624	498.4605	570.41174	-799.057	-875.82684	255.9627	-432.17773	-1345.007	1000.0	1000.0	1910000	73.093216	76.47879	237.10408	-53.875954	-74.09745	18.577637	16091.493495702744
383	-800.4141	342.1088	-499.81134	-1457.0645	-428.4485	303.50293	90.05529	-857.17584	1000.0	919.8	1915000	71.62633	75.98158	236.90092	-35.60711	-72.63836	18.6418	16135.230359077454
384	-711.2611	280.03415	-209.85686	-1027.6542	-741.86884	313.9633	-27.567001	-1058.5079	1000.0	913.7	1920000	71.488045	76.169106	233.42586	-33.149685	-72.53747	18.951756	16178.095191001892
385	-543.1952	395.47943	103.867004	-1006.2085	-919.9963	326.46094	-227.08257	-1309.9102	1000.0	1000.0	1925000	71.59684	76.81913	233.51787	-34.607697	-72.65875	18.503637	16222.491109371185
386	-1010.779	141.1849	-772.4346	-1175.4119	-1048.0968	186.74069	-759.3028	-1431.6777	1000.0	1000.0	1930000	71.99578	77.340126	238.69934	-39.248405	-73.08236	19.674248	16267.524803161621
387	-423.12518	307.33777	49.221107	-873.327	-612.844	361.65866	70.806274	-1127.9287	1000.0	1000.0	1935000	71.3554	78.3347	238.83328	-53.708084	-72.384834	19.953148	16312.334659337997
388	-548.87146	474.91284	91.16732	-1171.421	-805.1652	227.10097	-425.01932	-1210.1786	1000.0	1000.0	1940000	70.8824	78.37629	237.4395	-29.589127	-71.906265	19.821003	16357.123436450958
389	-961.0167	209.98842	-651.67645	-1282.9933	-990.61066	481.10287	-377.19846	-2261.0603	1000.0	1000.0	1945000	69.68889	79.06414	237.38853	-26.410345	-70.72386	20.37326	16401.244713783264
390	-814.5791	256.03738	-384.45065	-1130.9293	-1101.8354	247.39201	-724.7795	-1564.2864	1000.0	1000.0	1950000	68.66985	79.6332	237.33484	-29.479136	-69.67487	18.625454	16446.08348584175
391	-887.1053	179.10628	-541.5332	-1028.6857	-656.7457	361.7894	137.90681	-1068.4181	1000.0	922.0	1955000	67.56177	80.19703	239.39093	-35.87309	-68.58821	18.861048	16488.6503636837
392	-806.10364	274.28806	-338.92862	-1190.6864	-951.11884	191.69298	-685.6046	-1306.5331	1000.0	1000.0	1960000	66.62037	81.02592	239.63918	-58.7157	-67.648	19.619284	16532.6054751873
393	-805.0667	247.77142	-376.74423	-1128.749	-598.6276	404.1125	134.23827	-1261.0002	1000.0	1000.0	1965000	66.02036	81.92128	240.8364	-47.89448	-67.06777	20.407839	16575.440158843994
394	-863.2875	314.53214	-303.48715	-1167.3394	-827.6188	261.359	-559.7031	-1347.0901	1000.0	1000.0	1970000	66.19402	82.94389	243.17686	-50.501434	-67.24665	21.450087	16619.85964655876
395	-921.8125	400.7956	-48.023174	-1251.4869	-1347.3271	102.8428	-1197.8547	-1505.7542	884.0	1000.0	1975000	65.67256	84.37682	244.94838	-47.925507	-66.70052	21.148155	16666.21126484871
396	-1048.7874	89.64392	-972.77637	-1222.2244	-1098.6757	77.43675	-984.9103	-1186.6199	1000.0	1000.0	1980000	63.904884	85.63457	246.76773	-56.185257	-64.892136	21.657576	16710.593215703964
397	-988.458	446.3895	-115.944626	-1388.8013	-932.43634	463.05362	-148.22968	-1569.8014	1000.0	1000.0	1985000	62.295937	85.62799	243.35564	-45.276157	-63.282837	22.113842	16756.014693021774
398	-970.44025	473.5103	-26.06244	-1263.9436	-622.2597	527.9729	85.79437	-1755.5935	1000.0	1000.0	1990000	60.8846	85.85593	244.18092	-54.45653	-61.89513	23.075796	16799.646786928177
399	-703.6118	518.9828	191.328	-1219.3557	-1169.9158	236.23997	-663.3585	-1478.4877	1000.0	1000.0	1995000	59.93116	85.55728	239.38527	-80.53377	-60.92897	22.37521	16844.321404457092
400	-873.27844	437.40027	-151.81961	-1532.4615	-988.98096	322.5803	-490.8865	-1603.7786	1000.0	1000.0	2000000	59.546673	85.33945	240.20842	-44.132004	-60.574863	22.09165	16888.277146100998
401	-790.2252	271.49292	-497.86026	-1219.9695	-983.10614	139.55362	-776.3778	-1216.7804	1000.0	1000.0	2005000	59.282295	84.85158	238.91837	-60.109417	-60.315533	22.593565	16933.00505232811
402	-741.68787	196.01382	-473.60626	-1055.4657	-619.568	448.21548	338.85794	-1340.8035	1000.0	1000.0	2010000	58.948715	84.65862	243.48883	-39.800716	-59.96359	22.192303	16977.13247036934
403	-500.54166	306.99063	-69.05274	-837.79865	-454.6271	686.445	611.7285	-1732.6775	933.0	923.1	2015000	58.536404	85.23712	238.87946	-44.338257	-59.55528	21.883759	17018.4544839859
404	-443.82178	360.29797	218.9987	-779.30884	-619.41876	428.09515	117.56524	-1416.0759	1000.0	1000.0	2020000	57.794064	85.16644	238.4393	-48.175465	-58.789104	21.855125	17062.83461046219
405	-733.43463	503.20016	165.29594	-1124.5413	-655.9269	429.57178	29.412477	-1361.1451	1000.0	1000.0	2025000	56.54864	85.083565	237.75305	-57.660423	-57.522625	21.572563	17108.05212855339
406	-900.586	333.2247	-174.04854	-1122.5778	-781.05426	457.53903	210.65456	-1357.5182	874.0	1000.0	2030000	54.86521	84.35538	234.52965	-57.66726	-55.812344	20.6004	17152.9909389019
407	-625.02637	466.27863	166.29129	-1197.2825	-754.6988	360.16797	-331.5046	-1573.4785	1000.0	1000.0	2035000	53.76404	83.1787	234.60083	-70.99933	-54.774612	21.484684	17196.88925766945
408	-716.87805	475.28912	215.69395	-1126.2216	-971.621	411.39166	-554.6845	-1634.4368	1000.0	1000.0	2040000	53.46843	83.26507	233.24007	-68.82068	-54.427032	20.611341	17241.32418680191
409	-975.44403	318.9404	-573.6712	-1543.5958	-943.8102	525.6129	156.23116	-1784.4211	1000.0	1000.0	2045000	51.635303	83.186325	232.16124	-62.524643	-52.543476	21.607649	17286.021666526794
410	-1122.0543	379.26608	-642.97424	-1791.4989	-1130.8201	319.5406	-522.3624	-1697.4623	1000.0	1000.0	2050000	50.305466	82.906425	234.7835	-80.15872	-51.30791	21.416965	17331.194128990173
411	-941.37286	244.54492	-542.0755	-1258.8334	-1236.4075	471.27264	14.409687	-1866.1421	1000.0	1000.0	2055000	50.57644	82.955925	232.0089	-74.82509	-51.568306	21.601894	17375.68612742424
412	-626.3954	634.9571	402.34344	-1219.0793	-1066.9534	292.2695	-477.87076	-1605.3147	1000.0	1000.0	2060000	50.171215	83.134705	229.68573	-58.468742	-51.179092	21.601162	17420.313893795013
413	-970.4595	204.18724	-652.6704	-1296.2137	-1000.8755	333.79388	-311.2205	-1312.215	1000.0	1000.0	2065000	50.54371	83.734825	231.80511	-78.491	-51.583424	21.526201	17463.70946455002
414	-531.1951	551.22064	358.85623	-1235.1466	-1122.0339	298.05682	-489.0776	-1402.5319	1000.0	1000.0	2070000	50.383118	83.65666	230.3697	-75.1316	-51.40052	20.908304	17507.66610264778
415	-926.4378	585.7717	-335.70502	-1916.5492	-1466.8677	231.50677	-1224.0669	-1815.3196	1000.0	1000.0	2075000	50.491116	81.61669	229.36325	-73.568565	-51.529114	19.890444	17551.557148694992
416	-900.0436	324.2429	-492.55457	-1345.5167	-1021.49414	388.55905	-287.55457	-1580.2805	1000.0	1000.0	2080000	49.191177	80.66739	225.48375	-79.44821	-50.10563	19.658558	17595.988766908646
417	-1137.5299	247.75786	-675.49805	-1354.2118	-885.4547	520.1121	376.61096	-1598.1985	1000.0	1000.0	2085000	46.5966	80.22977	225.07042	-77.15178	-47.50365	20.110283	17639.274027824402
418	-1090.1272	185.93687	-884.3886	-1311.8282	-1049.1627	313.98355	-411.61887	-1479.5344	1000.0	1000.0	2090000	44.226997	80.472275	217.83162	-96.430115	-45.135063	20.317247	17683.37600016594
419	-1273.5739	217.47192	-989.69995	-1504.4639	-921.56165	534.3547	41.68687	-1614.2668	1000.0	1000.0	2095000	42.43168	80.348434	221.59467	-108.3779	-43.38499	20.856564	17728.070642232895
420	-705.27026	521.1881	244.14995	-1122.7704	-1242.6528	346.0013	-490.75006	-1688.1134	1000.0	1000.0	2100000	41.42684	80.94323	217.88928	-75.2169	-42.37186	19.74053	17771.93279838562
421	-1201.4575	102.02992	-1029.7537	-1349.4954	-1206.2515	511.70926	-427.2035	-2114.9001	1000.0	1000.0	2105000	40.011246	81.709045	216.03123	-87.87073	-40.878414	19.61663	17816.157056093216
422	-831.7985	552.78827	17.234142	-1429.4496	-1082.7473	612.7857	114.14556	-1606.509	878.0	921.0	2110000	38.69925	81.75923	214.59047	-76.692764	-39.635036	20.17212	17861.074554681778
423	-1303.7214	106.719955	-1130.022	-1439.3501	-545.2877	577.4753	416.94193	-1298.9912	1000.0	1000.0	2115000	37.882874	82.60114	215.92639	-91.87431	-38.80575	21.365494	17906.12913751602
424	-630.2291	688.8046	655.64636	-1295.0615	-1335.3207	505.73135	-414.89752	-2165.1533	1000.0	1000.0	2120000	36.559097	82.172356	217.0048	-94.86322	-37.460567	21.08926	17950.69427394867
425	-905.59766	575.67847	-126.21478	-1557.1182	-1197.0116	464.18198	21.02927	-1610.7319	1000.0	906.7	2125000	35.724026	82.502945	215.74132	-95.726875	-36.594643	20.273623	17994.434698820114
426	-939.8553	562.511	63.25229	-1592.6661	-903.3275	801.6629	250.24367	-2035.5868	1000.0	1000.0	2130000	35.878456	81.97277	214.78474	-87.389015	-36.8283	20.758331	18037.705426216125
427	-1320.8835	48.870914	-1245.6667	-1397.664	-897.7391	594.70953	440.31717	-1695.283	1000.0	1000.0	2135000	35.3543	80.367065	211.39886	-89.91532	-36.28162	19.738312	18081.996705532074
428	-778.66693	624.5598	440.60278	-1247.7546	-1379.717	484.36554	-49.377327	-1772.4628	1000.0	922.2	2140000	34.557358	78.961334	208.0189	-94.90095	-35.443672	19.387293	18125.658663272858
429	-1346.7108	233.20866	-1062.1534	-1708.8177	-928.3341	504.65182	-149.56317	-1713.4503	1000.0	1000.0	2145000	32.83451	79.14338	207.85216	-99.052155	-33.694286	19.491673	18170.019270181656
430	-848.7816	464.59952	-96.75714	-1322.0437	-1172.6093	301.98553	-778.4219	-1779.2488	952.0	1000.0	2150000	30.214901	79.21696	203.20647	-94.33574	-31.03226	18.937035	18214.753063201904
431	-1276.3625	431.13	-484.94095	-1736.1445	-1679.1823	661.6363	-6.0155463	-2436.5579	1000.0	1000.0	2155000	29.101473	79.130196	204.50893	-124.97479	-30.000532	20.317118	18259.076174020767
432	-1061.6056	697.3355	-81.69674	-2147.1133	-776.3765	532.39777	522.2674	-1462.0702	1000.0	1000.0	2160000	28.19393	78.8569	203.18732	-88.01708	-29.031	19.511019	18303.659246444702
433	-832.6818	524.83856	51.302597	-1533.3988	-1115.3108	717.8835	305.92526	-1675.9148	1000.0	1000.0	2165000	26.532743	79.82364	206.92578	-84.714005	-27.372334	19.301706	18349.415945768356
434	-1149.0593	456.61182	-532.9848	-1885.4779	-1093.888	896.51556	453.15842	-2245.5815	1000.0	1000.0	2170000	25.649014	79.998085	203.71233	-111.65092	-26.485806	19.671448	18393.927622318268
435	-554.9714	907.24097	855.5504	-1676.9663	-1354.1179	414.0687	-339.56113	-1703.1399	896.0	1000.0	2175000	23.916279	79.42892	204.46121	-91.03647	-24.740711	19.689072	18439.374394655228
436	-1199.8601	424.79126	-370.61548	-1488.613	-1237.4393	429.55267	-495.01343	-2105.371	1000.0	1000.0	2180000	22.822182	78.76784	200.30411	-93.86412	-23.65159	19.418169	18483.8358874321
437	-1049.867	232.78291	-793.8307	-1461.2083	-1995.1166	305.4248	-1390.1102	-2471.9546	1000.0	1000.0	2185000	22.29598	78.75488	198.16628	-107.68553	-23.15176	18.53835	18528.825461626053
438	-1341.9175	410.64838	-773.03296	-1964.6598	-920.32996	742.95233	44.90712	-2299.3823	1000.0	1000.0	2190000	21.360786	78.57707	201.34007	-94.20803	-22.168154	19.108068	18573.0342233181
439	-539.89246	755.84	679.0399	-1529.3162	-1333.4235	524.86224	-99.346	-1815.1886	1000.0	1000.0	2195000	20.227596	78.02931	200.59436	-115.33384	-21.066532	19.625982	18617.114145755768
440	-856.66864	483.8511	57.741642	-1270.8374	-682.0255	666.3404	579.9317	-1467.1674	1000.0	1000.0	2200000	19.880615	78.14763	195.5606	-75.00408	-20.71228	19.545662	18661.552263498306
441	-420.11542	613.7862	453.9878	-1227.1812	-632.305	637.85034	-33.398582	-1548.6088	871.0	1000.0	2205000	18.610577	78.34185	193.97415	-91.77223	-19.393173	19.93445	18704.06452703476
442	-815.90204	709.65063	414.5004	-1578.8961	-269.54263	492.63004	178.13959	-1470.0853	1000.0	909.6	2210000	17.055906	78.295456	192.08644	-112.57022	-17.858662	19.8839	18747.979103565216
443	-847.31036	682.77673	106.46888	-1880.9851	-893.9667	670.68036	174.88594	-1671.2649	1000.0	1000.0	2215000	17.190254	79.12825	193.90515	-106.972755	-18.021235	19.551208	18793.729276180267
444	-843.24475	593.46497	248.17236	-1529.2107	-1295.2306	500.49393	-454.6956	-2039.5482	1000.0	1000.0	2220000	16.711117	78.449104	194.90279	-96.37405	-17.542736	19.22907	18839.32015967369
445	-1496.4548	579.8405	-617.3918	-2397.0625	-1337.4916	482.39145	-441.256	-1951.3684	1000.0	1000.0	2225000	16.637968	78.518	199.5944	-83.46207	-17.498411	18.874784	18884.877592086792
446	-871.54376	659.8874	254.20679	-1654.3721	-1082.6877	429.49112	-70.98569	-1579.7587	1000.0	1000.0	2230000	16.236267	79.23472	195.95581	-131.15144	-17.061697	20.022268	18930.37708592415
447	-1110.2346	294.22113	-725.9447	-1400.274	-1326.5914	536.8462	-235.83527	-2106.491	1000.0	1000.0	2235000	15.451774	79.60777	201.04868	-94.09123	-16.288689	20.592182	18975.80105829239
448	-1280.4086	634.59314	-61.22246	-1897.0438	-624.6085	702.03796	368.5963	-1426.2416	1000.0	1000.0	2240000	15.219112	79.44593	199.99368	-88.70894	-16.057346	20.398233	19021.17273068428
449	-692.15845	668.54663	338.1835	-1574.2839	-681.73474	677.8165	477.41473	-1582.3452	848.6667	1000.0	2245000	14.514945	78.99708	191.03549	-92.30568	-15.355441	19.784502	19067.261663913727
450	-440.3456	388.51086	188.01538	-831.05383	-543.8641	572.15405	166.2644	-1446.6635	1000.0	1000.0	2250000	14.293636	78.739784	194.42065	-121.694984	-15.1334095	20.07212	19112.143355846405
451	-800.1977	620.49133	377.45474	-1412.7845	-1198.346	450.99326	-132.59471	-1630.1748	1000.0	931.7	2255000	13.745606	77.9437	197.31439	-99.890465	-14.564216	19.377172	19156.588957071304
452	-261.2758	507.19223	187.57137	-1209.391	-1278.1915	460.66492	-217.61186	-1801.4482	1000.0	1000.0	2260000	13.195257	78.03546	189.50662	-113.58642	-14.019294	18.89165	19202.51085281372
453	-563.8437	812.02203	437.09885	-1596.5164	-937.0963	736.8156	826.9889	-1760.9734	859.6667	1000.0	2265000	13.056015	78.56784	188.72789	-99.63566	-13.881126	20.07905	19248.954195261
454	-535.50995	709.13055	91.96368	-1851.7407	-1310.3994	286.94867	-750.26825	-1893.3658	1000.0	1000.0	2270000	12.927575	78.60512	188.22977	-102.55615	-13.794242	20.217512	19294.338797569275
455	-656.7628	570.79425	361.44525	-1374.6329	-1311.4309	341.70404	-705.35175	-1873.7953	1000.0	1000.0	2275000	12.166611	78.19604	186.13661	-110.26697	-12.960864	19.19954	19340.12336540222
456	-778.05975	601.2393	19.233276	-1472.2681	-808.58997	799.831	572.24097	-1814.0059	840.6667	919.7	2280000	11.869969	77.54654	185.84601	-99.63827	-12.687021	18.939316	19385.218953847885
457	-1032.1631	346.5255	-352.39337	-1257.4303	-969.16144	590.40173	114.12534	-1847.5375	1000.0	875.3	2285000	11.685956	77.292564	185.68639	-113.30797	-12.506476	18.83836	19430.477636814117
458	-1302.3074	269.51855	-956.9562	-1750.5789	-1004.0876	248.55188	-502.78696	-1321.2443	1000.0	1000.0	2290000	10.515456	76.63058	185.92212	-107.94293	-11.307425	18.82997	19475.90552186966
459	-625.56104	613.10547	186.4657	-1506.6559	-1064.526	489.05273	-43.590134	-1868.203	1000.0	1000.0	2295000	9.277778	76.42157	183.6001	-114.8722	-10.044254	18.156126	19521.79727602005
460	-1321.4613	78.42062	-1207.4661	-1407.3247	-1241.8336	606.673	389.6808	-1808.42	1000.0	1000.0	2300000	8.44096	76.80749	183.0914	-84.88661	-9.245193	17.88496	19566.967405557632
461	-1468.9641	165.29686	-1301.6383	-1674.4686	-897.55566	581.0551	173.06761	-1529.8812	1000.0	851.9	2305000	8.266335	77.14813	179.3594	-108.626625	-9.0923	18.118582	19610.87303996086
462	-1460.976	86.365425	-1374.0612	-1609.5841	-1329.0281	528.53894	14.780223	-1687.2742	1000.0	913.2	2310000	7.993898	77.380295	182.73033	-114.64703	-8.807262	19.03621	19655.389619350433
463	-1333.9084	207.01202	-1057.5758	-1686.8916	-897.39484	766.47284	363.7169	-2056.0925	1000.0	1000.0	2315000	7.567717	76.922935	186.02289	-129.11545	-8.375384	19.189497	19700.585304498672
464	-1103.0759	539.1568	-124.762886	-1772.6257	-935.5926	624.2113	75.47287	-2199.819	1000.0	922.9	2320000	7.533216	76.7263	185.58394	-104.61717	-8.355048	18.374231	19745.694713115692
465	-1057.5701	523.51605	-59.891586	-1613.2721	-822.36505	540.6421	117.06536	-1359.988	853.8333	914.4	2325000	7.1763506	76.57249	186.40848	-96.04035	-8.000706	18.764702	19791.56096124649
466	-800.1632	626.57104	322.5031	-1316.8911	-1237.7432	407.1124	-183.54742	-1846.0729	1000.0	1000.0	2330000	6.5915337	76.45633	179.7837	-122.086105	-7.3997006	19.216166	19837.961904525757
467	-922.59357	657.3657	335.95578	-1496.5228	-1054.1791	388.9822	-27.160799	-1534.6068	1000.0	941.1	2335000	6.3222017	76.49934	180.54938	-121.23239	-7.123961	18.717674	19883.510993242264
468	-1409.2034	243.7953	-1030.3109	-1790.6636	-1167.802	606.00635	54.24184	-1862.225	1000.0	952.8	2340000	5.7409315	77.06932	176.70439	-104.600525	-6.5538445	19.918192	19928.251161813736
469	-999.71747	450.48502	-470.85745	-1587.6418	-1120.0222	609.90533	14.643607	-1840.2329	1000.0	839.2	2345000	5.546538	77.06183	175.70477	-96.18894	-6.363759	18.388744	19972.63728260994
470	-1106.1876	594.2473	141.04953	-1640.3347	-919.65967	631.85394	70.45214	-1752.328	861.3333	820.3	2350000	3.9863753	76.9296	177.22008	-104.61743	-4.7591033	18.137178	20017.336481809616
471	-1235.7246	791.6583	72.839226	-2161.3777	-1003.79346	469.37027	135.62486	-1538.59	843.0	939.4	2355000	4.0290213	77.645294	177.9774	-87.117386	-4.8585024	17.99273	20061.682914733887
472	-1186.1156	278.1042	-778.84265	-1537.5322	-990.42883	393.7045	-319.0254	-1436.157	1000.0	942.0	2360000	4.757755	78.488914	187.67157	-85.08088	-5.624943	18.95496	20107.879073381424
473	-932.11084	441.65762	-12.156258	-1395.9065	-1235.0531	504.89365	-225.2446	-1972.7462	862.3333	949.3	2365000	5.5537314	78.63702	180.37701	-99.12092	-6.4413476	19.649614	20154.635788202286
474	-1013.5695	569.4316	80.56187	-1654.3829	-1395.3077	240.26016	-822.16974	-1832.0463	852.3333	1000.0	2370000	5.871647	78.3777	193.18736	-120.4318	-6.717476	19.044561	20201.400468587875
475	-1408.3269	235.60316	-1006.6405	-1702.7451	-1343.6031	239.45354	-859.8995	-1654.4136	1000.0	1000.0	2375000	5.01731	78.34739	186.60426	-122.081856	-5.8496337	19.37181	20248.068126916885
476	-1150.6705	542.52765	49.690758	-1552.081	-1226.7715	266.66858	-731.472	-1514.7765	843.5	1000.0	2380000	4.251346	78.37564	183.43158	-87.082726	-5.0751143	19.135384	20295.38050031662
477	-1565.4779	286.27866	-1218.4401	-2030.5415	-1113.9241	420.55215	31.51713	-1483.3016	1000.0	904.5	2385000	2.1971247	78.376366	178.12025	-150.2099	-2.9641926	19.895706	20341.04923224449
478	-1137.5629	452.06693	-241.99864	-1479.9683	-1012.41034	514.2574	-52.284496	-1957.3884	1000.0	906.6	2390000	1.1175091	78.45737	184.03146	-137.37898	-1.9549953	20.145128	20387.96444773674
479	-1256.9905	89.1396	-1160.5332	-1398.8849	-1046.0237	591.1209	140.65561	-1748.2109	1000.0	829.2	2395000	0.8584684	78.63982	184.38203	-94.96695	-1.6605582	20.074274	20433.086605787277
480	-1275.8197	300.9113	-898.6062	-1640.1755	-1341.1919	258.79013	-701.16614	-1622.5791	1000.0	1000.0	2400000	-0.5571793	78.81791	174.82765	-95.527985	-0.2628706	20.307743	20480.509640932083
481	-1142.219	312.26675	-627.82214	-1526.2693	-1074.5868	578.0338	81.32926	-1764.6243	1000.0	1000.0	2405000	-0.81925726	79.13187	176.22781	-110.440544	0.019357935	20.581337	20527.166028738022
482	-921.45654	91.25241	-802.73065	-1028.2677	-998.7493	555.305	-22.804312	-1680.4331	1000.0	812.0	2410000	-2.0299432	78.62052	178.53362	-102.27319	1.2180477	21.292469	20572.51161456108
483	-1102.8436	350.19568	-531.3489	-1471.4486	-899.9329	414.0327	2.391079	-1306.0585	1000.0	1000.0	2415000	-1.7140915	78.551765	176.01616	-114.38921	0.8789933	20.499538	20618.496378421783
484	-755.3661	411.96948	-298.60336	-1421.2848	-1037.5842	594.6513	-82.05521	-2129.1047	1000.0	1000.0	2420000	-2.1667793	78.62054	178.21355	-175.02174	1.3532991	21.093548	20665.881888866425
485	-1158.867	327.36307	-575.29803	-1537.1344	-1162.168	225.87738	-796.67334	-1691.2266	1000.0	1000.0	2425000	-2.8437786	78.51889	180.1299	-101.02464	2.0339868	20.422077	20713.21141576767
486	-996.6382	173.80205	-824.232	-1328.9431	-1094.7465	413.04605	26.995695	-1708.894	1000.0	905.3	2430000	-2.4351485	78.991646	177.43552	-100.60714	1.5793712	21.2671	20759.362625598907
487	-1046.3127	892.0949	564.8263	-2173.8645	-868.5333	531.12213	365.7077	-1301.0342	919.6	913.5	2435000	-2.80233	79.0116	180.00865	-109.37342	1.9650903	21.10877	20804.749291419983
488	-910.3469	426.09042	35.47694	-1186.0475	-1240.5984	563.81647	-457.40585	-2501.1262	843.0	1000.0	2440000	-2.4936028	78.79966	178.20761	-109.5323	1.6398379	20.99384	20850.707609176636
489	-1284.237	217.95409	-1023.5928	-1686.491	-1501.4084	426.7333	-1184.0352	-2470.2788	1000.0	1000.0	2445000	-2.7650437	78.818726	176.53346	-99.712906	1.9371277	20.37616	20898.09988427162
490	-837.0368	421.27676	-21.025608	-1214.7883	-1067.4594	324.6871	-688.2426	-1505.1895	1000.0	1000.0	2450000	-4.0033765	78.823524	177.54868	-101.27345	3.2002723	20.68891	20944.660526514053
491	-972.57996	238.39566	-665.681	-1354.028	-886.57275	478.38464	50.46042	-1425.1975	1000.0	849.7	2455000	-5.356057	79.24206	176.83643	-96.93275	4.575711	20.477537	20990.658986091614
492	-909.60236	202.62668	-588.5818	-1140.9415	-986.3083	465.41425	-186.7873	-1589.5168	1000.0	1000.0	2460000	-6.0101476	79.16043	175.02881	-97.35121	5.208376	20.09223	21038.012746334076
493	-674.1401	375.57407	76.24767	-1012.5383	-1047.3887	441.4626	-110.59329	-1489.6238	854.0	915.0	2465000	-6.218591	79.18303	175.71124	-126.7594	5.371843	20.635996	21083.746188640594
494	-604.9906	412.18008	194.90451	-931.3596	-858.1917	635.87976	86.15224	-1682.0933	1000.0	924.3	2470000	-5.6473603	78.544395	177.28342	-98.38551	4.7898154	21.382833	21131.0268805027
495	-1203.3451	302.14835	-725.6353	-1764.2224	-691.8895	504.9937	-80.67715	-1306.3468	941.5	702.7	2475000	-5.6807942	78.95983	179.20917	-129.84416	4.848818	20.5297	21177.43706035614
496	-1043.9651	539.77954	-199.94975	-1685.8398	-1088.0017	527.09644	-67.56343	-1682.7974	1000.0	827.7	2480000	-6.42035	79.29099	172.51778	-118.99558	5.6069975	20.914965	21223.305994033813
497	-1020.4836	456.57376	-502.0685	-1607.5735	-919.0915	409.44623	192.77162	-1329.6841	1000.0	936.5	2485000	-7.2377505	78.719284	172.17984	-110.75291	6.421828	22.09299	21269.70022559166
498	-1125.1326	314.2407	-552.42175	-1394.6538	-1082.9403	226.53316	-792.4114	-1518.6942	1000.0	1000.0	2490000	-7.490569	78.53803	173.59746	-101.260635	6.668134	22.137089	21316.657442092896
499	-992.5202	218.49658	-724.11536	-1230.916	-987.8592	297.68283	-542.73425	-1566.132	1000.0	1000.0	2495000	-8.066828	78.34802	170.7681	-108.79177	7.250405	21.655472	21364.991893529892
