Epoch	AverageEpRet	StdEpRet	MaxEpRet	MinEpRet	AverageTestEpRet	StdTestEpRet	MaxTestEpRet	MinTestEpRet	EpLen	TestEpLen	TotalEnvInteracts	AverageQVals	StdQVals	MaxQVals	MinQVals	LossPi	LossQ	Time
1	4682.6294	59.746117	4833.332	4602.707	4635.1553	12.265736	4653.095	4618.16	1000.0	1000.0	10000	129.14084	58.043835	366.42648	-52.305977	-129.9177	15.2821	82.39459729194641
2	4687.1543	9.129072	4700.528	4667.462	4634.404	13.343695	4655.852	4620.0977	1000.0	1000.0	20000	273.2003	30.336752	452.62338	98.92544	-273.40134	7.1390123	170.274099111557
3	4686.2944	6.4475694	4700.918	4678.2036	4631.5337	9.734286	4647.239	4622.459	1000.0	1000.0	30000	352.87772	19.928501	723.02704	158.12143	-353.01773	6.400248	258.26468873023987
4	4685.0913	11.96021	4705.9043	4663.9365	4635.505	12.288525	4653.0293	4620.388	1000.0	1000.0	40000	401.6208	14.764336	566.9748	111.25714	-401.73367	6.249155	347.10659289360046
5	4685.8843	6.184878	4700.403	4678.2944	4631.8867	6.271622	4644.7056	4624.7974	1000.0	1000.0	50000	430.43338	12.06272	717.83936	97.56917	-430.52435	5.702751	434.6306643486023
6	4689.0693	8.80297	4705.453	4674.813	4631.782	10.176994	4656.351	4622.489	1000.0	1000.0	60000	447.5717	10.540219	795.6145	156.31053	-447.664	5.7182198	522.8707222938538
7	4685.4927	11.417005	4698.6255	4661.0083	4632.667	11.096148	4652.8857	4618.4067	1000.0	1000.0	70000	458.0664	9.363216	963.7512	158.37071	-458.141	5.124753	611.7795147895813
8	4689.718	7.407153	4703.801	4679.846	4631.1777	11.301277	4646.5435	4619.392	1000.0	1000.0	80000	464.53516	8.266083	800.1569	271.75006	-464.6285	4.703273	700.3294923305511
9	4689.5107	6.186779	4703.8696	4683.0938	4629.628	10.893185	4653.4526	4617.8623	1000.0	1000.0	90000	468.91092	7.6841326	807.42645	205.20657	-469.0012	4.192807	788.4254627227783
10	4694.259	10.276334	4709.6377	4679.209	4634.659	12.0286255	4653.217	4623.853	1000.0	1000.0	100000	470.91812	6.8981266	833.38934	148.20003	-470.9774	3.8950913	877.0152010917664
11	4685.1235	5.251357	4695.4604	4678.19	4639.092	12.247278	4654.3525	4622.985	1000.0	1000.0	110000	471.31796	5.9323697	661.4395	217.03891	-471.3646	3.3870578	965.8099792003632
12	4684.509	10.072774	4705.359	4666.45	4626.4434	8.377633	4648.777	4617.1206	1000.0	1000.0	120000	471.36584	5.4952955	658.5373	120.81625	-471.4093	3.392334	1055.0366826057434
13	4684.883	8.0550995	4694.4307	4665.4946	4633.8706	12.1434145	4653.7876	4620.1743	1000.0	1000.0	130000	470.95737	5.0398526	763.75806	308.2025	-470.9959	2.9507246	1144.238673210144
14	4689.4893	8.4011545	4709.829	4679.099	4635.417	12.134602	4653.8384	4617.2485	1000.0	1000.0	140000	470.9206	4.9513764	659.16614	315.2583	-470.9604	2.8625543	1233.945594549179
15	4689.811	9.396639	4708.5957	4677.5244	4629.9976	9.903255	4653.1274	4619.1123	1000.0	1000.0	150000	470.8545	4.773651	636.1141	313.92435	-470.89136	2.5778153	1323.3209629058838
16	4689.382	10.882435	4704.9165	4672.077	4632.155	8.4909525	4647.806	4622.862	1000.0	1000.0	160000	470.80508	4.7346473	696.18384	258.84802	-470.83865	2.6249206	1412.624324798584
17	4689.6475	9.532296	4705.724	4677.5312	4631.1274	11.524426	4654.837	4618.2163	1000.0	1000.0	170000	470.5358	4.677373	595.05096	299.31882	-470.564	2.4031644	1502.4049181938171
18	4694.085	7.085009	4706.8745	4683.6294	4636.7715	10.778462	4652.2104	4618.0703	1000.0	1000.0	180000	470.26236	4.4959664	666.9934	262.7031	-470.2842	2.319148	1592.6911296844482
19	4688.667	10.63723	4711.909	4671.573	4630.5674	8.953811	4647.377	4620.018	1000.0	1000.0	190000	469.85318	4.604193	683.2452	289.59305	-469.87375	2.259304	1682.098360300064
20	4688.9136	7.8527465	4706.2935	4678.041	4638.4536	8.762135	4650.2197	4624.854	1000.0	1000.0	200000	469.86575	4.759253	651.56793	293.97223	-469.89264	2.7425804	1771.4052453041077
21	4690.3115	7.1885786	4701.2217	4679.0405	4630.97	11.298104	4654.434	4620.358	1000.0	1000.0	210000	469.67087	4.5478406	654.2903	301.1536	-469.6891	1.9378582	1873.2748079299927
22	4684.891	8.428151	4701.195	4670.0244	4628.9165	7.6623173	4645.799	4619.6777	1000.0	1000.0	220000	469.38937	4.5553637	922.2411	325.82755	-469.4083	2.0629961	1978.4609994888306
23	4689.6846	5.4709597	4699.0273	4681.437	4630.4165	9.168108	4649.6875	4618.7944	1000.0	1000.0	230000	469.29996	4.5926847	601.6369	259.41333	-469.3116	1.7429166	2083.4366669654846
24	4690.341	7.2921047	4701.191	4681.4727	4633.2153	8.620541	4646.8325	4621.4175	1000.0	1000.0	240000	468.8165	4.501836	594.12354	271.27347	-468.82425	1.7282779	2187.694690465927
25	4686.079	10.201966	4703.4175	4673.994	4633.5527	12.835359	4651.155	4620.402	1000.0	1000.0	250000	468.39648	4.538064	610.2543	373.0046	-468.40045	1.493409	2291.5015285015106
26	4690.6045	8.281704	4705.468	4678.2764	4637.324	9.95217	4649.9185	4620.1235	1000.0	1000.0	260000	468.01822	4.561724	640.8504	280.0729	-468.02554	1.8375807	2395.018372774124
27	4688.3184	7.5317826	4701.386	4679.306	4633.0684	11.304376	4651.551	4620.522	1000.0	1000.0	270000	467.87143	4.60447	642.51385	287.32455	-467.87125	1.4546086	2498.452066421509
28	4687.0015	5.5609503	4701.421	4681.8545	4629.616	4.7104464	4642.3066	4623.813	1000.0	1000.0	280000	467.8136	4.4885774	691.6316	370.37448	-467.81995	1.5475609	2600.933625936508
29	4687.137	8.0269375	4703.0967	4675.9585	4634.2515	12.611	4651.6104	4620.6265	1000.0	1000.0	290000	467.55667	4.4073925	612.646	324.5252	-467.5592	1.5600405	2704.864293575287
30	4685.4097	10.098398	4705.802	4665.635	4627.6772	6.273843	4643.4126	4620.01	1000.0	1000.0	300000	467.3726	4.434739	568.83673	359.7218	-467.36896	1.3097794	2809.8630180358887
31	4686.835	11.796189	4703.705	4664.519	4628.671	8.481016	4646.623	4620.379	1000.0	1000.0	310000	466.9812	4.388956	669.95056	254.48645	-466.9739	1.3457173	2915.63227391243
32	4687.9404	8.18475	4706.742	4679.5073	4631.628	10.689237	4652.1094	4617.744	1000.0	1000.0	320000	466.8204	4.3667793	584.60846	350.80157	-466.8187	1.2767833	3021.2373106479645
33	4687.143	16.557428	4709.9697	4655.1304	4632.0312	11.836649	4649.732	4619.891	1000.0	1000.0	330000	466.82166	4.439116	604.4313	350.03098	-466.813	1.4910562	3127.3428962230682
34	4686.5874	3.9112804	4693.1177	4678.3887	4631.4487	8.109741	4649.432	4623.151	1000.0	1000.0	340000	466.6084	4.620011	631.7332	224.30823	-466.59946	1.3840154	3231.8320682048798
35	4692.6826	10.922728	4710.2666	4676.859	4632.9814	12.288182	4650.3257	4620.2754	1000.0	1000.0	350000	466.63504	4.534516	620.06067	376.7248	-466.63416	1.2765933	3335.387549638748
36	4688.1216	7.078879	4699.688	4677.1616	4631.592	7.7117915	4644.944	4621.938	1000.0	1000.0	360000	466.6336	4.5724025	605.7211	249.69344	-466.6202	1.3085303	3437.446091890335
37	4687.5103	9.941097	4705.244	4676.185	4635.4194	9.9225	4647.761	4620.9067	1000.0	1000.0	370000	466.4989	4.461256	595.3222	290.9703	-466.49704	1.2842484	3531.8907108306885
38	4688.862	8.899681	4702.4185	4674.733	4638.409	11.09159	4649.9995	4621.067	1000.0	1000.0	380000	466.6934	4.30574	607.9241	352.19763	-466.69046	1.0983742	3623.3426599502563
39	4688.513	8.025286	4701.6904	4675.224	4634.3413	11.616002	4651.623	4620.124	1000.0	1000.0	390000	466.8298	4.450185	577.92285	383.73636	-466.8259	1.1207714	3715.5613584518433
40	4687.3115	5.5711923	4698.6597	4681.6826	4630.3716	9.140891	4650.8057	4621.7407	1000.0	1000.0	400000	466.7775	4.528034	649.0514	337.87964	-466.7715	1.2257315	3806.466969013214
41	4687.4653	7.9924555	4702.8726	4675.4307	4630.5205	8.660832	4646.2173	4621.5615	1000.0	1000.0	410000	466.81027	4.4384985	593.3591	344.1669	-466.8071	1.0306792	3897.1407930850983
42	4683.425	9.386504	4706.466	4671.8325	4634.835	9.966099	4650.1284	4622.644	1000.0	1000.0	420000	466.8703	4.4687686	601.2558	259.59036	-466.86804	1.1445918	3988.479750394821
43	4687.2373	6.57377	4697.611	4679.0625	4630.2715	7.448763	4645.9316	4621.004	1000.0	1000.0	430000	466.83167	4.304134	579.4061	347.99637	-466.82666	1.1885864	4080.3154895305634
44	4687.768	5.498762	4697.321	4681.8994	4624.834	3.4415936	4630.6436	4618.5234	1000.0	1000.0	440000	466.85925	4.429085	711.2275	372.72498	-466.8565	1.116411	4171.006100893021
45	4691.9863	9.592518	4707.4263	4678.477	4633.4624	10.882924	4652.2935	4620.963	1000.0	1000.0	450000	467.00482	4.3980193	601.8167	371.17807	-467.0035	1.0095098	4262.351470947266
46	4689.0347	6.176587	4701.391	4680.633	4636.684	11.205967	4649.356	4620.692	1000.0	1000.0	460000	466.87823	4.4273534	690.1713	311.11414	-466.86926	0.9821771	4355.43017077446
47	4687.6377	4.206351	4693.576	4680.8066	4630.665	10.486499	4647.533	4619.167	1000.0	1000.0	470000	466.67624	4.338338	591.2764	366.4141	-466.66736	0.94125706	4447.578746557236
48	4685.6665	7.304983	4700.9214	4676.3623	4637.2217	12.438992	4654.2456	4619.2295	1000.0	1000.0	480000	466.5262	4.3724437	561.2124	374.96072	-466.51614	0.8991756	4538.874645233154
49	4690.995	10.374594	4703.9727	4672.984	4632.548	11.5704975	4652.6055	4617.8984	1000.0	1000.0	490000	466.53958	4.528822	598.95496	282.50143	-466.5311	1.0609043	4631.719551324844
50	4685.7046	5.6655583	4696.562	4679.55	4626.5234	8.78352	4650.6084	4615.4844	1000.0	1000.0	500000	466.51505	4.4101763	572.4099	364.71835	-466.5051	0.9336873	4726.344029903412
51	4685.8975	10.489155	4702.171	4661.704	4635.2603	12.406367	4655.155	4621.466	1000.0	1000.0	510000	466.5516	4.3940644	560.5552	400.28024	-466.54944	0.89817375	4821.721937894821
52	4689.9297	6.328368	4700.769	4681.479	4627.8467	2.5369387	4631.741	4623.6045	1000.0	1000.0	520000	466.6377	4.355226	592.2318	399.2728	-466.63	0.8310039	4919.27305150032
53	4686.04	6.536757	4700.8423	4678.534	4629.4126	10.011745	4657.442	4622.1343	1000.0	1000.0	530000	466.66684	4.3530483	556.737	350.01453	-466.6633	0.90273553	5020.864061355591
54	4691.1616	10.232054	4705.8447	4677.5723	4633.3936	10.550261	4652.987	4623.391	1000.0	1000.0	540000	466.81976	4.35625	600.52875	391.23834	-466.8148	0.9504685	5121.8782777786255
55	4691.225	10.0666895	4706.904	4676.8467	4634.7163	11.16902	4653.083	4624.1865	1000.0	1000.0	550000	466.6154	4.327183	582.1957	339.24048	-466.60315	0.7868894	5222.353760719299
56	4689.4844	6.527855	4702.6675	4682.1606	4638.2314	10.836311	4654.395	4618.8784	1000.0	1000.0	560000	466.64743	4.424165	633.822	342.60165	-466.6449	0.87913233	5324.348460435867
57	4686.801	8.526125	4702.642	4676.422	4629.3057	9.240102	4649.443	4621.8535	1000.0	1000.0	570000	466.76624	4.381253	580.5213	397.37433	-466.7613	0.8360828	5425.26283288002
58	4689.0137	14.851464	4703.787	4652.731	4633.645	9.055873	4648.8267	4621.4897	1000.0	1000.0	580000	466.6634	4.349977	554.06866	278.8209	-466.65454	0.78073514	5525.9585592746735
59	4689.83	10.854938	4707.4673	4674.512	4629.0767	8.346427	4652.1084	4619.2827	1000.0	1000.0	590000	466.51056	4.336882	581.8784	403.8748	-466.4977	0.7835396	5628.391255140305
60	4690.3784	8.607811	4703.6006	4679.129	4634.733	11.056659	4652.0146	4620.082	1000.0	1000.0	600000	466.4937	4.3042502	566.3701	391.10403	-466.48764	0.81619406	5728.919572591782
61	4684.956	7.3911233	4701.654	4675.457	4630.7866	10.864357	4652.866	4618.803	1000.0	1000.0	610000	466.56793	4.3532786	549.3862	372.67838	-466.56	0.74973226	5831.115065097809
62	4688.2407	6.980407	4703.3276	4678.382	4635.9443	15.089321	4654.9155	4617.362	1000.0	1000.0	620000	466.581	4.426481	639.0096	372.94858	-466.5767	0.91245437	5941.575532197952
63	4688.1606	9.461599	4713.08	4677.5366	4625.471	4.811029	4632.2666	4618.7583	1000.0	1000.0	630000	466.84244	4.4715242	574.067	361.78384	-466.8394	0.7488667	6050.06218290329
64	4688.476	6.93267	4699.59	4679.7583	4628.276	5.341332	4642.3013	4623.4453	1000.0	1000.0	640000	466.93344	4.3758125	557.7307	354.6549	-466.9325	0.76645195	6158.271948814392
65	4692.011	9.472396	4707.2104	4677.1313	4637.6787	11.778619	4652.8496	4619.285	1000.0	1000.0	650000	467.19083	4.3628073	566.9541	349.75317	-467.1933	0.76709545	6268.524281263351
66	4685.569	5.557899	4696.2334	4677.8804	4629.9536	8.533358	4644.4414	4619.9824	1000.0	1000.0	660000	467.25632	4.254562	595.3877	401.37756	-467.2539	0.75682306	6376.99502325058
67	4689.439	8.143797	4704.5317	4680.483	4629.059	9.803067	4651.017	4619.947	1000.0	1000.0	670000	467.22424	4.341148	558.8378	331.67917	-467.22195	0.79776984	6493.151871204376
68	4684.643	7.896831	4702.8145	4668.7847	4632.456	10.780863	4649.77	4620.048	1000.0	1000.0	680000	467.25848	4.250696	553.08234	396.06467	-467.2574	0.6639209	6611.3567950725555
69	4685.088	8.740879	4708.6514	4675.8125	4631.679	9.104102	4646.7217	4623.1904	1000.0	1000.0	690000	467.30188	4.2234254	592.4939	333.3714	-467.3026	0.81082624	6727.660518407822
70	4687.4014	8.25598	4705.0654	4676.9946	4630.7705	9.5421505	4649.5566	4619.1875	1000.0	1000.0	700000	467.40005	4.3445606	598.0556	281.41528	-467.399	0.69142234	6844.547548294067
71	4690.8384	4.803201	4699.7056	4683.226	4634.8193	10.825253	4657.4385	4620.736	1000.0	1000.0	710000	467.38028	4.297558	628.2257	385.93237	-467.383	0.75347036	6960.60435461998
72	4687.4736	7.4914536	4705.6562	4673.7275	4632.572	9.781992	4648.4365	4620.348	1000.0	1000.0	720000	467.36237	4.389613	545.9199	410.06848	-467.3568	0.64286083	7076.336812257767
73	4686.3125	8.228725	4700.928	4673.963	4631.7217	8.266244	4646.01	4621.9556	1000.0	1000.0	730000	467.17966	4.3399277	599.96893	398.64154	-467.1771	0.69317186	7194.585475444794
74	4687.711	4.0973043	4696.8384	4680.791	4634.309	10.547307	4654.506	4622.1807	1000.0	1000.0	740000	467.0702	4.2681584	642.8982	325.42496	-467.06674	0.8829661	7312.618387937546
75	4687.9824	9.240726	4708.696	4678.3774	4633.6455	12.7621565	4652.9854	4620.1104	1000.0	1000.0	750000	467.1149	4.284253	581.9971	375.69913	-467.11456	0.6304828	7431.673749446869
76	4685.8584	9.256262	4705.5024	4672.745	4626.7485	7.1358604	4645.8716	4618.889	1000.0	1000.0	760000	467.2368	4.2686152	572.3051	397.11957	-467.2355	0.6630742	7549.025153398514
77	4685.4805	10.741211	4708.896	4668.67	4631.427	10.178099	4649.842	4620.394	1000.0	1000.0	770000	467.17926	4.287472	540.555	402.66995	-467.1762	0.5951722	7658.890467166901
78	4681.442	6.2517314	4688.5845	4666.615	4630.4126	9.262332	4647.8345	4618.818	1000.0	1000.0	780000	467.1942	4.1893992	611.77625	388.44006	-467.194	0.61222136	7769.474113225937
79	4684.9854	8.08151	4700.259	4668.585	4630.509	8.151562	4648.1616	4622.2344	1000.0	1000.0	790000	467.2121	4.225467	617.42334	403.33078	-467.21274	0.6893881	7879.024770736694
80	4687.8247	5.978626	4697.0493	4680.142	4636.0337	9.917285	4650.648	4620.032	1000.0	1000.0	800000	467.35287	4.2321205	567.01825	415.34573	-467.3543	0.56614006	7991.055304050446
81	4687.304	7.4649086	4700.969	4674.324	4629.992	6.692462	4647.573	4621.654	1000.0	1000.0	810000	467.3737	4.3153787	569.728	376.98456	-467.37744	0.75042915	8106.787570238113
82	4690.483	12.09541	4703.7876	4663.4478	4633.521	10.595372	4651.454	4620.934	1000.0	1000.0	820000	467.48605	4.2136226	571.2178	374.8439	-467.4913	0.626933	8223.917833566666
83	4691.923	9.070239	4709.1997	4680.9097	4631.5063	8.909547	4648.987	4622.296	1000.0	1000.0	830000	467.58585	4.127495	664.0998	394.01135	-467.5873	0.6234508	8331.237577915192
84	4691.237	7.8953285	4706.248	4683.079	4634.4395	10.967984	4654.6235	4620.9507	1000.0	1000.0	840000	467.57587	4.1733193	540.8777	412.22955	-467.5807	0.5743315	8439.465548038483
85	4691.103	8.490355	4703.8296	4676.8613	4628.5537	9.712032	4646.3516	4616.711	1000.0	1000.0	850000	467.64752	4.3382716	551.7734	400.73682	-467.6496	0.5787787	8545.82993555069
86	4687.1006	6.097335	4697.9766	4675.9414	4633.528	6.812144	4646.478	4627.3203	1000.0	1000.0	860000	467.47183	4.291072	551.90063	395.2479	-467.4675	0.6347698	8653.520227432251
87	4691.983	9.907403	4708.8984	4680.6963	4627.47	6.4762063	4645.497	4621.775	1000.0	1000.0	870000	467.35587	4.2100506	545.1171	279.69202	-467.3556	0.55982137	8761.065653562546
88	4696.707	8.159575	4707.1187	4684.1465	4630.7017	9.563103	4649.078	4620.644	1000.0	1000.0	880000	467.50717	4.3544106	596.0484	372.44455	-467.5109	0.5829537	8869.546358585358
89	4687.986	9.964354	4702.211	4665.1924	4631.646	9.233516	4646.7817	4622.55	1000.0	1000.0	890000	467.59247	4.333166	580.2798	369.2377	-467.5931	0.5526765	8979.017001628876
90	4688.732	7.5609193	4706.903	4681.8745	4631.8525	11.053766	4651.466	4617.5703	1000.0	1000.0	900000	467.31412	4.2956014	547.53754	367.4866	-467.30716	0.57087356	9086.651618242264
91	4688.4033	7.948983	4702.1655	4675.7593	4634.9062	11.0539665	4655.2847	4622.7886	1000.0	1000.0	910000	467.21323	4.2714353	573.2196	417.13388	-467.20966	0.55010945	9196.233602285385
92	4690.1094	8.649607	4703.1284	4678.7534	4630.815	10.15548	4654.634	4620.987	1000.0	1000.0	920000	467.21216	4.209285	565.883	379.65002	-467.2127	0.54974	9305.832122087479
93	4685.3076	8.698617	4703.8667	4668.203	4630.3	10.357888	4653.8237	4619.6997	1000.0	1000.0	930000	467.50607	4.3161087	565.6335	305.51038	-467.5074	0.53872854	9414.514425516129
94	4687.342	11.711369	4706.9736	4661.219	4635.086	10.52703	4654.558	4621.3506	1000.0	1000.0	940000	467.6393	4.2312407	587.98114	366.23865	-467.6435	0.57660997	9523.561351299286
95	4689.245	8.805143	4702.119	4673.3438	4626.3843	2.6339948	4630.6147	4621.49	1000.0	1000.0	950000	467.70422	4.2133837	615.1003	390.09082	-467.7071	0.59193313	9633.637041091919
96	4685.9717	6.8673806	4702.248	4675.573	4634.7812	11.3786745	4654.33	4621.912	1000.0	1000.0	960000	467.71045	4.3022666	582.80054	389.4994	-467.7113	0.55712086	9742.9840362072
97	4690.9336	4.8751144	4704.6772	4686.2495	4637.214	11.561142	4652.0347	4619.551	1000.0	1000.0	970000	467.5549	4.2305818	540.9812	404.26364	-467.5539	0.5484799	9851.420382976532
98	4687.973	6.695762	4702.957	4681.1304	4629.1294	8.799064	4652.7827	4620.4756	1000.0	1000.0	980000	467.59302	4.2010875	554.3468	404.43478	-467.5968	0.5105307	9962.231909275055
99	4690.633	8.096169	4706.8965	4683.2554	4631.841	9.878021	4649.4326	4619.34	1000.0	1000.0	990000	467.7139	4.2239323	575.9007	394.36197	-467.7182	0.5168231	10071.526509046555
100	4692.6846	8.387182	4710.9526	4682.377	4638.6455	10.211753	4651.5864	4620.935	1000.0	1000.0	1000000	467.76672	4.309529	555.1976	381.64456	-467.7706	0.55644715	10181.175792455673
101	4688.839	6.399459	4703.84	4682.5356	4630.277	9.697041	4652.5	4619.743	1000.0	1000.0	1010000	467.7346	4.0976872	543.91156	419.2675	-467.7363	0.48627558	10295.630281448364
102	4688.751	10.605571	4703.5195	4668.378	4638.9453	11.440497	4653.2715	4619.2954	1000.0	1000.0	1020000	467.62	4.0724535	544.8396	407.6815	-467.6211	0.4915253	10415.31110906601
103	4689.6514	6.7163825	4702.7275	4679.6436	4635.343	10.949339	4651.211	4620.4463	1000.0	1000.0	1030000	467.5707	4.0598683	534.06104	421.9622	-467.5713	0.39496806	10535.127851963043
104	4687.781	10.2731905	4702.945	4664.939	4631.7134	6.44064	4642.8604	4621.303	1000.0	1000.0	1040000	467.54544	4.129203	619.0069	398.12994	-467.54504	0.4649601	10653.757472991943
105	4688.8076	9.14886	4702.7754	4678.131	4639.005	11.947592	4656.245	4624.262	1000.0	1000.0	1050000	467.4858	4.1008554	563.04736	383.76437	-467.4888	0.47582763	10773.238197565079
106	4684.292	6.9624333	4700.751	4673.5913	4630.999	11.932922	4652.232	4619.417	1000.0	1000.0	1060000	467.61948	4.031221	555.80255	396.18405	-467.62454	0.43357196	10892.282933712006
107	4686.267	9.647414	4703.2173	4665.4404	4628.478	10.225146	4652.2134	4616.7417	1000.0	1000.0	1070000	467.9025	4.0916166	563.04456	350.5882	-467.90695	0.43173218	11012.033073663712
108	4685.962	12.568255	4702.652	4654.4673	4631.7314	13.3148985	4653.953	4618.6436	1000.0	1000.0	1080000	468.40497	4.0370045	539.1787	410.42215	-468.4086	0.39341396	11130.44350862503
109	4691.2896	5.9548454	4702.8403	4684.638	4635.547	11.5169735	4652.9077	4620.1333	1000.0	1000.0	1090000	468.16284	4.064189	544.97614	417.35114	-468.1662	0.41325688	11249.52236366272
110	4683.7036	11.393822	4706.1787	4665.76	4631.5786	7.614824	4647.3115	4622.903	1000.0	1000.0	1100000	468.15802	4.104289	555.2412	428.5291	-468.1644	0.4162297	11372.641333580017
111	4684.2373	6.7955976	4697.463	4669.591	4639.0127	13.160813	4656.883	4619.83	1000.0	1000.0	1110000	468.11703	4.1307645	535.38776	428.31705	-468.1238	0.38396713	11501.573043107986
112	4682.195	8.047943	4699.358	4666.4565	4633.7397	11.059193	4652.0957	4622.0034	1000.0	1000.0	1120000	468.07248	4.0547943	615.23035	408.72324	-468.07806	0.42783818	11629.150809526443
113	4690.727	7.1909328	4702.652	4676.7754	4633.4033	10.63269	4651.165	4621.5728	1000.0	1000.0	1130000	468.17618	4.1424007	586.82074	366.5489	-468.1846	0.42648393	11756.21024942398
114	4686.694	8.528759	4702.83	4677.1787	4635.5737	11.073255	4647.2964	4622.5894	1000.0	1000.0	1140000	468.17838	4.1763067	568.93695	391.4861	-468.18604	0.41262382	11884.184440612793
115	4684.258	7.618868	4694.103	4665.2974	4633.8193	13.178717	4654.639	4617.808	1000.0	1000.0	1150000	468.12216	4.114362	546.92316	427.83948	-468.12766	0.38180754	12012.8854970932
116	4690.8413	7.800703	4704.002	4677.1455	4638.462	10.840281	4649.2007	4621.9795	1000.0	1000.0	1160000	468.1441	4.0497813	530.57324	424.68042	-468.15176	0.40712723	12141.133594036102
117	4688.369	8.36736	4707.1777	4674.661	4635.1377	11.856166	4654.453	4622.5854	1000.0	1000.0	1170000	468.16245	4.018855	552.48926	364.51895	-468.1688	0.41725704	12261.296287298203
118	4690.9595	8.2734785	4707.4395	4680.6577	4629.6807	10.952598	4650.2617	4617.69	1000.0	1000.0	1180000	468.00317	3.916448	527.69183	407.30582	-468.00635	0.3765669	12380.809241771698
119	4688.5874	10.358373	4703.2554	4671.7847	4629.0293	10.487963	4653.8486	4619.3057	1000.0	1000.0	1190000	468.04303	4.0361238	538.7109	422.8742	-468.05045	0.37336075	12498.999232053757
120	4690.251	9.797139	4706.9966	4672.1396	4632.215	11.661266	4648.449	4619.984	1000.0	1000.0	1200000	468.11984	4.01661	543.7527	426.36014	-468.1251	0.35846686	12618.185178041458
121	4690.8936	9.254495	4702.4316	4671.396	4628.6406	6.563095	4645.644	4622.9443	1000.0	1000.0	1210000	468.06973	3.9525099	545.7575	393.57785	-468.07535	0.40498945	12739.184051036835
122	4686.34	8.1169	4699.3086	4670.2075	4630.6016	6.697647	4643.2217	4622.8037	1000.0	1000.0	1220000	468.11407	4.0844254	552.99243	426.62976	-468.12305	0.39936346	12857.366324186325
123	4682.282	8.499618	4699.113	4671.08	4630.3413	11.7147455	4650.7686	4617.974	1000.0	1000.0	1230000	468.23807	4.0230746	545.9192	431.45816	-468.2496	0.36453575	12975.896692276001
124	4689.0713	12.68825	4709.0786	4666.702	4635.1123	9.653021	4647.6147	4619.577	1000.0	1000.0	1240000	468.41135	4.0601897	549.8304	393.80252	-468.4217	0.3930854	13095.475533246994
125	4692.797	8.859465	4706.1636	4680.8193	4632.501	8.084111	4649.853	4624.7666	1000.0	1000.0	1250000	468.42514	4.097952	605.74243	407.77307	-468.437	0.44845206	13214.261121988297
126	4691.666	10.415249	4705.7935	4673.4375	4631.289	9.494975	4650.4624	4623.785	1000.0	1000.0	1260000	468.45795	4.157704	534.9722	415.40616	-468.46716	0.3890135	13323.7786693573
127	4686.6133	7.559609	4705.887	4675.2793	4636.614	11.423027	4653.679	4622.7803	1000.0	1000.0	1270000	468.47607	4.113131	563.59424	406.81003	-468.4872	0.40144572	13432.848887681961
128	4688.8564	6.92028	4703.5854	4681.6855	4632.951	10.120001	4652.6377	4623.329	1000.0	1000.0	1280000	468.49036	4.065177	550.7982	418.3673	-468.5008	0.37840575	13542.667541742325
129	4685.89	4.8119845	4696.334	4679.2505	4628.1523	6.1934137	4644.065	4621.683	1000.0	1000.0	1290000	468.49698	4.0613656	527.0267	422.3036	-468.508	0.36384636	13652.585229873657
130	4688.4736	3.6431012	4694.381	4680.56	4636.4097	9.241015	4648.378	4622.3765	1000.0	1000.0	1300000	468.5967	4.1463194	554.90204	426.1004	-468.6096	0.37222597	13762.867956399918
131	4692.0303	8.758821	4705.203	4682.165	4641.6895	12.197455	4656.013	4618.0586	1000.0	1000.0	1310000	468.65805	4.088548	567.82117	422.39386	-468.6716	0.40318304	13873.541174411774
132	4687.405	5.3303914	4696.7935	4679.0225	4634.7397	12.542619	4653.2466	4620.437	1000.0	1000.0	1320000	468.6682	4.097703	556.3365	408.3825	-468.67856	0.41451696	13983.692398309708
133	4692.9795	8.91769	4714.807	4679.8506	4624.128	3.4077952	4628.4253	4618.5195	1000.0	1000.0	1330000	468.68176	4.203266	531.5487	412.7581	-468.6943	0.34691826	14094.007511138916
134	4687.831	11.919155	4707.489	4663.6304	4631.316	9.538392	4649.9307	4620.514	1000.0	1000.0	1340000	468.6209	4.175574	576.29694	398.8596	-468.6308	0.4156043	14204.222871303558
135	4688.241	8.297891	4703.864	4675.785	4632.909	9.561111	4649.162	4622.327	1000.0	1000.0	1350000	468.74518	4.0965004	555.5511	418.9452	-468.7625	0.3703514	14315.296095132828
136	4688.177	8.718768	4698.9097	4669.558	4631.3936	8.163784	4648.3945	4619.0117	1000.0	1000.0	1360000	468.8376	4.174831	533.79913	417.91412	-468.84976	0.35950148	14425.366132736206
137	4687.3423	8.381103	4710.0464	4677.306	4632.311	11.103999	4655.5693	4622.711	1000.0	1000.0	1370000	468.77426	4.1902366	550.9452	381.83823	-468.7865	0.42689404	14536.994466304779
138	4686.1333	6.518207	4699.0977	4676.6235	4627.824	7.80633	4647.4688	4619.931	1000.0	1000.0	1380000	468.7128	4.2085543	561.60834	405.4467	-468.72626	0.3982954	14659.692302942276
139	4685.676	7.206104	4698.055	4675.117	4633.062	11.319544	4649.9414	4622.837	1000.0	1000.0	1390000	468.78732	4.2119536	553.76514	418.8803	-468.8021	0.3786788	14842.446625709534
140	4689.79	10.617498	4708.7734	4677.0522	4630.5703	8.556954	4646.8984	4620.668	1000.0	1000.0	1400000	468.78186	4.117088	532.9701	415.24756	-468.79395	0.34247184	14978.75854420662
141	4686.3896	6.131304	4700.307	4680.4214	4632.46	9.680574	4649.728	4622.484	1000.0	1000.0	1410000	468.82446	4.186661	544.9188	416.25424	-468.83734	0.38329434	15115.728833198547
142	4689.5625	9.490236	4705.0913	4674.127	4629.8735	11.761107	4653.1245	4620.0273	1000.0	1000.0	1420000	468.6979	4.204695	553.5147	391.90878	-468.70886	0.3851381	15252.346255540848
143	4689.481	6.153019	4702.866	4681.4673	4634.7915	9.381351	4648.6606	4622.408	1000.0	1000.0	1430000	468.6371	4.2083077	538.50305	401.1264	-468.64835	0.38225093	15404.250455617905
144	4696.58	5.7051105	4704.0635	4685.7383	4624.445	3.3250895	4631.4854	4619.651	1000.0	1000.0	1440000	468.7743	4.2954144	530.9783	423.7842	-468.79105	0.3857435	15600.160893678665
145	4688.336	6.884183	4700.2803	4679.336	4634.9795	11.65109	4652.4976	4622.8047	1000.0	1000.0	1450000	468.8698	4.250246	578.7342	360.57516	-468.8859	0.46651983	15802.920181035995
146	4689.8477	9.126963	4708.3296	4681.475	4629.855	8.7446575	4648.2437	4619.0034	1000.0	1000.0	1460000	468.91452	4.254527	526.58966	419.43723	-468.92755	0.35007408	15996.445887088776
147	4688.868	15.223025	4707.5327	4654.5225	4629.8906	6.2625875	4641.4604	4621.139	1000.0	1000.0	1470000	468.98663	4.2542396	553.9199	411.96027	-469.0051	0.37623537	16186.757028579712
148	4689.07	12.007405	4707.453	4670.0347	4633.457	10.932265	4648.922	4621.21	1000.0	1000.0	1480000	469.1116	4.2655115	553.5411	400.09952	-469.1289	0.42581168	16365.056738138199
149	4684.359	8.229216	4699.1367	4666.9297	4634.7773	13.412649	4653.8647	4619.0586	1000.0	1000.0	1490000	469.05603	4.2370977	552.4211	400.9918	-469.07074	0.40635058	16540.211644887924
150	4684.837	6.292658	4699.8003	4672.7393	4637.8154	9.537957	4651.4526	4625.07	1000.0	1000.0	1500000	468.91342	4.262257	537.5902	414.01508	-468.9263	0.38050234	16717.2366437912
151	4689.622	11.296722	4709.822	4675.445	4634.473	11.851032	4654.1846	4619.143	1000.0	1000.0	1510000	468.88367	4.2435136	557.1847	423.426	-468.8953	0.3779866	16888.972784280777
152	4683.64	7.060071	4696.4746	4672.2163	4635.535	8.464781	4648.746	4623.0723	1000.0	1000.0	1520000	468.72885	4.3472934	540.75305	395.3159	-468.7412	0.415121	17066.39949321747
153	4686.1074	5.351385	4698.5303	4677.5474	4633.5166	11.352722	4648.867	4619.615	1000.0	1000.0	1530000	468.75156	4.2734814	559.0861	404.74884	-468.7678	0.37516183	17242.409074306488
154	4680.8687	8.6918955	4692.6733	4663.4443	4631.5947	8.818227	4645.273	4621.284	1000.0	1000.0	1540000	468.86288	4.204666	557.58026	407.80154	-468.8796	0.40405884	17423.060069084167
155	4688.8813	9.64872	4706.4067	4674.326	4636.462	13.130696	4653.5903	4618.1865	1000.0	1000.0	1550000	469.03375	4.3706307	528.0306	411.5243	-469.0527	0.38771376	17595.785597085953
156	4689.714	7.0074463	4705.12	4681.8574	4631.5186	8.609548	4652.4824	4624.818	1000.0	1000.0	1560000	469.05475	4.3831677	552.51465	414.56808	-469.0702	0.40983847	17771.996863126755
157	4690.6875	7.9284678	4704.5747	4681.489	4630.876	12.653002	4657.21	4619.1	1000.0	1000.0	1570000	469.1248	4.2989316	556.6702	400.79993	-469.14474	0.4345766	17959.099571466446
158	4686.7266	3.3338802	4693.2764	4680.2173	4629.758	9.95952	4652.91	4618.869	1000.0	1000.0	1580000	469.235	4.264373	544.5731	415.42786	-469.2549	0.41649857	18151.050030469894
159	4688.342	8.930572	4703.473	4674.6396	4628.227	10.5506525	4652.308	4619.7754	1000.0	1000.0	1590000	469.3347	4.3141594	532.14355	411.2625	-469.35364	0.3920692	18345.065321922302
160	4689.6426	5.4533424	4699.48	4681.4683	4635.669	10.339342	4650.0986	4622.6265	1000.0	1000.0	1600000	469.2476	4.3121796	545.12024	378.41837	-469.2658	0.42294654	18542.070441007614
161	4685.9717	10.782585	4701.1675	4664.6543	4631.1885	11.8681965	4653.0947	4618.3936	1000.0	1000.0	1610000	469.26303	4.3099732	528.45264	405.17456	-469.28116	0.45624468	18730.144483327866
162	4689.441	5.1535482	4700.1655	4683.315	4630.13	12.076481	4651.7573	4620.79	1000.0	1000.0	1620000	469.25208	4.365936	553.80786	398.24643	-469.26764	0.41557494	18912.459270000458
163	4686.9854	4.4049187	4696.5083	4679.483	4627.693	7.824557	4648.047	4619.2075	1000.0	1000.0	1630000	469.09912	4.279922	529.3714	406.26724	-469.11414	0.4147817	19079.56947040558
164	4687.337	4.6683	4696.902	4679.4844	4635.0576	9.791937	4650.6636	4624.4204	1000.0	1000.0	1640000	469.0571	4.3016925	552.8132	414.04813	-469.07236	0.3987146	19245.97704076767
165	4692.3604	7.9931784	4704.3486	4676.3555	4630.734	9.556569	4650.854	4622.209	1000.0	1000.0	1650000	469.0944	4.231523	562.5864	417.52142	-469.11505	0.41959032	19415.697835445404
166	4685.806	6.350286	4697.7705	4673.242	4632.7456	10.097879	4649.2935	4621.813	1000.0	1000.0	1660000	469.2425	4.3222	541.2097	405.3306	-469.263	0.4075919	19581.599841356277
167	4691.3916	5.949132	4701.4478	4684.381	4637.267	12.0550995	4651.924	4621.9023	1000.0	1000.0	1670000	469.36026	4.3129005	540.09784	420.52756	-469.3813	0.38893032	19748.417151927948
168	4686.0566	9.326167	4697.213	4663.6655	4629.062	8.641327	4652.4717	4621.2334	1000.0	1000.0	1680000	469.32666	4.226434	547.0861	413.48785	-469.34515	0.4260381	19911.860033750534
169	4690.359	7.6551123	4708.479	4683.541	4632.476	9.30458	4651.0005	4623.1455	1000.0	1000.0	1690000	469.29803	4.268839	548.10516	427.48557	-469.3147	0.37899026	20082.326484680176
170	4690.3076	6.2552123	4702.108	4682.029	4629.1685	8.332015	4651.8345	4620.418	1000.0	1000.0	1700000	469.2299	4.2639785	563.3821	361.9897	-469.2499	0.40854082	20250.664595603943
171	4688.9653	7.177483	4701.7676	4680.5557	4631.3354	9.760752	4654.08	4621.5	1000.0	1000.0	1710000	469.36682	4.2703457	530.54694	424.48523	-469.3865	0.34554398	20418.41384458542
172	4685.8994	4.8202686	4692.275	4675.1167	4633.76	10.684917	4654.9385	4622.536	1000.0	1000.0	1720000	469.25156	4.3468003	529.1228	427.524	-469.2674	0.3524474	20588.009167432785
173	4683.797	3.2580068	4689.1904	4678.923	4635.5493	10.5453205	4649.012	4621.8433	1000.0	1000.0	1730000	469.26758	4.3545885	549.3145	417.8966	-469.2896	0.35101265	20752.095868110657
174	4686.1772	13.638034	4706.0845	4653.1694	4634.0195	8.740826	4646.2036	4622.2036	1000.0	1000.0	1740000	469.2529	4.2848763	522.3138	424.04956	-469.26825	0.36653435	20924.229940891266
175	4688.966	8.132201	4702.3213	4677.786	4629.5327	7.9981537	4647.2437	4620.2837	1000.0	1000.0	1750000	469.21747	4.2092013	562.14417	417.47733	-469.2362	0.42911094	21087.561799526215
176	4687.215	9.0138235	4707.007	4673.6597	4633.952	11.21664	4649.961	4623.264	1000.0	1000.0	1760000	469.30182	4.2926316	544.1449	431.11902	-469.32205	0.35268775	21258.529123067856
