Epoch	AverageEpRet	StdEpRet	MaxEpRet	MinEpRet	EpLen	AverageVVals	StdVVals	MaxVVals	MinVVals	TotalEnvInteracts	LossPi	LossV	DeltaLossPi	DeltaLossV	Entropy	KL	Time
0	4593.0796	86.2845	4742.6196	4475.276	1000.0	0.0996292	0.7848998	2.4467034	-2.848873	5000	0.0061233	180249.38	-0.07551722	-11406.9375	15.710059	0.0850557	19.889503955841064
1	4550.189	43.925034	4613.6553	4488.343	1000.0	13.395161	2.6602893	14.21455	-13.705073	10000	0.007029431	167763.16	-0.048958115	-5545.125	15.704642	0.06324935	30.997008323669434
2	4523.6387	44.38733	4560.048	4444.422	1000.0	20.28616	1.2392821	20.442762	-11.264057	15000	0.013273828	158668.14	-0.03483893	-4445.828	15.682645	0.057277307	42.20301413536072
3	4562.073	57.6126	4673.634	4506.808	1000.0	25.9629	1.3711644	26.079012	-15.264154	20000	-0.011645398	157627.14	-0.029370919	-4255.5	15.705903	0.058929548	53.48620653152466
4	4539.0737	41.810394	4612.158	4485.698	1000.0	31.450605	1.3958603	31.538185	-14.290996	25000	0.015910992	151365.5	-0.029982366	-4055.7031	15.718506	0.07228485	64.23597979545593
5	4533.8325	31.904308	4564.166	4475.69	1000.0	36.493275	3.8809304	36.849133	-32.244045	30000	0.07733584	147426.81	-0.018002663	-4137.547	15.687155	0.08241107	75.14948844909668
6	4536.6436	15.078564	4561.1646	4516.152	1000.0	41.97981	1.5136747	42.06195	-10.924344	35000	0.020658432	143342.23	-0.016977292	-3818.625	15.702028	0.0824444	85.99294328689575
7	4550.9043	29.503393	4594.398	4504.002	1000.0	47.157227	1.0914181	47.21227	-1.6028445	40000	-0.035499744	140510.77	-0.018604461	-3719.125	15.7563095	0.08162458	96.79784393310547
8	4546.1426	58.693825	4648.3438	4478.13	1000.0	52.251	1.5668535	52.3188	-24.714275	45000	-0.005688544	136024.14	-0.018958202	-3627.875	15.701969	0.11294232	107.76617956161499
9	4558.0615	64.27086	4655.266	4483.504	1000.0	57.30893	1.4120094	57.362473	-12.355801	50000	0.014414933	133422.27	-0.013666946	-3568.6719	15.669462	0.0592776	119.00102829933167
10	4531.2114	63.377045	4620.858	4451.4414	1000.0	62.350975	0.9485246	62.37936	1.8338516	55000	0.013986822	129663.59	-0.015741663	-3460.7422	15.71931	0.09242194	130.76854538917542
11	4539.2056	24.652624	4577.652	4499.8413	1000.0	67.34028	0.23237872	67.349304	53.02864	60000	0.03668179	125108.23	-0.014644971	-3340.9297	15.743509	0.076099485	141.98533606529236
12	4538.3945	31.500105	4594.401	4505.5596	1000.0	72.227325	1.3327328	72.261536	-15.831937	65000	-0.06291796	122916.71	-0.017639503	-3312.586	15.646906	0.08727154	153.36600160598755
13	4522.167	38.249363	4593.358	4488.825	1000.0	77.07302	2.260894	77.155975	-28.56546	70000	0.027496174	118875.69	-0.013136363	-3225.7969	15.628011	0.061491124	164.34155535697937
14	4518.6616	19.20982	4545.392	4495.2036	1000.0	81.99301	0.037349716	81.99549	80.65657	75000	0.00062341616	113992.83	-0.012184449	-3106.2734	15.667369	0.06905912	175.32110953330994
15	4573.337	55.92052	4654.641	4506.1943	1000.0	86.745995	1.8476807	86.79125	-33.718773	80000	0.015881635	115163.63	-0.0150873605	-3163.8594	15.685672	0.07082692	186.5505039691925
16	4531.3105	52.613197	4597.9595	4452.9775	1000.0	91.560715	2.2649503	91.62235	-24.399387	85000	-0.045017403	108930.71	-0.010717593	-3034.6953	15.714173	0.069291994	197.57528018951416
17	4544.426	56.77494	4652.4053	4494.3066	1000.0	96.339424	1.4741305	96.37825	8.699818	90000	-0.005732498	107273.1	-0.01327807	-2991.1328	15.693756	0.08257777	208.51189661026
18	4536.741	49.01044	4623.531	4481.8955	1000.0	101.06444	2.2727582	101.12429	-33.28068	95000	0.031439368	104300.82	-0.010552585	-2949.9453	15.635967	0.061206758	219.64589428901672
19	4567.958	31.072725	4605.636	4531.987	1000.0	105.80851	1.5005018	105.84428	2.5793352	100000	0.036183465	102580.336	-0.011534689	-2885.789	15.724453	0.073723376	230.59013676643372
20	4571.3306	26.737558	4608.2505	4545.3027	1000.0	110.527374	0.79522085	110.55605	69.29234	105000	-0.06262383	99505.03	-0.012517124	-2831.586	15.750879	0.08008132	242.49808812141418
21	4521.745	42.82859	4583.4507	4477.876	1000.0	115.23745	0.1356365	115.24426	110.149185	110000	0.007750717	94551.24	-0.012175348	-2700.2422	15.796381	0.090789	253.9628267288208
22	4566.1597	47.936478	4610.492	4505.341	1000.0	119.83353	1.6007825	119.86034	7.6289864	115000	-0.015396295	93741.57	-0.0111962315	-2701.6094	15.738097	0.09373034	265.4362609386444
23	4541.4116	57.172264	4629.954	4455.9214	1000.0	124.41972	2.025103	124.48228	21.60362	120000	0.004673468	89450.484	-0.012114336	-2630.5703	15.697082	0.06220056	276.7536382675171
24	4529.089	46.457523	4602.9155	4460.463	1000.0	128.98404	3.0005262	129.05244	-54.0283	125000	-0.07355394	86923.77	-0.012342401	-2567.8984	15.646553	0.085289165	288.4982614517212
25	4488.3125	33.25803	4527.2593	4442.023	1000.0	133.54039	1.9898278	133.58977	1.2786055	130000	0.04882741	81445.55	-0.0108901	-2413.2812	15.755772	0.09165318	299.73992943763733
26	4525.328	40.37692	4600.7915	4485.2993	1000.0	138.01137	0.9745977	138.04187	84.99801	135000	-0.000421698	81425.695	-0.010947089	-2426.1406	15.696463	0.09326632	310.7158296108246
27	4524.575	76.00061	4601.569	4426.27	1000.0	142.45586	2.617089	142.52136	8.770781	140000	-0.052399218	78844.375	-0.012085989	-2399.789	15.692103	0.07646174	321.68494272232056
28	4543.548	31.822176	4600.3115	4515.2837	1000.0	146.97932	0.10446224	146.98383	142.83862	145000	0.047230512	77961.55	-0.009264924	-2348.0078	15.720399	0.06836814	332.8296654224396
29	4542.6836	45.597023	4613.4683	4477.3135	1000.0	151.39723	1.8992136	151.45912	59.621086	150000	0.024004795	75021.75	-0.009917041	-2312.0	15.652273	0.076151416	344.0150611400604
30	4548.288	44.29153	4600.3467	4472.8735	1000.0	155.86508	1.1602997	155.89474	77.62008	155000	-0.014907165	73251.64	-0.014215329	-2250.625	15.766422	0.08255837	355.97255301475525
31	4572.935	41.107147	4627.555	4511.287	1000.0	160.29918	0.65248126	160.31648	121.6129	160000	-0.023371475	71979.37	-0.010674974	-2234.9219	15.709334	0.065993	367.35971689224243
32	4517.807	61.644684	4638.5205	4471.0977	1000.0	164.74464	0.39792067	164.75519	138.54156	165000	0.024866462	67125.234	-0.011954029	-2101.918	15.668847	0.09083394	378.476380109787
33	4511.87	51.675537	4587.4375	4441.4287	1000.0	169.09406	0.10736255	169.09752	162.99619	170000	0.035952587	64739.7	-0.012088219	-2029.2852	15.616018	0.0628028	389.59087228775024
34	4540.7197	39.549587	4577.264	4472.7847	1000.0	173.37369	1.2194463	173.39375	87.32601	175000	-0.03402633	64037.863	-0.010012403	-2033.5352	15.677468	0.07057054	400.78805565834045
35	4536.4917	64.78565	4612.5522	4442.23	1000.0	177.70366	0.26074883	177.70866	159.76228	180000	-0.00078156736	61846.043	-0.0112518035	-1974.9531	15.705522	0.079982504	411.77977681159973
36	4556.125	97.86745	4734.8057	4476.007	1000.0	181.976	0.68493277	182.00414	153.22162	185000	-0.06367914	60861.203	-0.009467095	-1981.5469	15.622825	0.087919265	423.12708616256714
37	4482.464	32.730553	4544.956	4450.291	1000.0	186.29463	0.99904794	186.32108	129.70097	190000	0.095433146	56059.81	-0.011532746	-1827.2656	15.716934	0.073541574	434.3267719745636
38	4576.133	45.39961	4632.9434	4509.6606	1000.0	190.47372	1.3595744	190.50705	112.19811	195000	-0.020473152	57984.543	-0.01361531	-1908.0039	15.707149	0.08824641	445.5163564682007
39	4533.9326	39.473232	4585.6396	4467.5317	1000.0	194.75992	1.4970204	194.79979	117.14459	200000	0.018731644	54364.613	-0.010101712	-1820.6914	15.667923	0.07054582	456.60836362838745
40	4580.9346	63.86758	4698.8022	4505.6255	1000.0	198.99762	1.2164984	199.02322	124.892365	205000	-0.049302597	54427.008	-0.009962503	-1826.6797	15.756476	0.08509387	468.20553183555603
41	4566.2173	11.525934	4581.001	4550.3975	1000.0	203.26805	0.7094454	203.283	155.6713	210000	0.013647955	52470.27	-0.012465539	-1775.9375	15.705503	0.078985505	479.5838053226471
42	4534.1895	37.71446	4588.3877	4483.4424	1000.0	207.46089	2.720489	207.52426	26.290937	215000	-0.0972899	48981.453	-0.011288129	-1708.6992	15.660211	0.0633431	490.7426896095276
43	4544.474	44.134453	4602.315	4475.57	1000.0	211.62386	3.7660294	211.67906	-54.624283	220000	0.017189553	47601.273	-0.010519466	-1659.9922	15.6496315	0.059109002	502.07322669029236
44	4538.845	29.948763	4577.371	4490.187	1000.0	215.7829	0.8230594	215.79727	157.94981	225000	-0.032731347	46261.402	-0.010966372	-1585.2109	15.602909	0.05656746	513.0637509822845
45	4530.8994	23.445724	4563.7144	4493.762	1000.0	219.8426	2.2230446	219.89546	92.65799	230000	0.0051228637	44179.73	-0.012712842	-1573.4141	15.632896	0.07975183	524.1377284526825
46	4563.742	22.010483	4591.648	4524.2524	1000.0	223.9369	1.9687821	223.97316	87.422386	235000	-0.06692527	43878.43	-0.010816723	-1543.8594	15.73875	0.09311	535.4333937168121
47	4538.0483	26.409416	4584.925	4509.045	1000.0	228.00305	2.7871814	228.07059	78.64252	240000	0.06174934	41369.02	-0.011102896	-1498.2852	15.690178	0.06287633	546.4731211662292
48	4565.339	72.6585	4698.1147	4507.9546	1000.0	232.0925	0.8157897	232.11214	183.38919	245000	0.0100820465	40582.168	-0.009162812	-1444.9062	15.696335	0.056776863	557.6146233081818
49	4582.1567	58.374645	4655.2153	4494.0996	1000.0	236.09802	1.8507535	236.14705	139.58769	250000	-0.022734344	40015.46	-0.01263839	-1440.0703	15.769365	0.07803578	568.891167640686
50	4563.8657	79.6114	4631.9863	4408.5933	1000.0	240.10735	3.4267325	240.1985	22.09659	255000	-0.025115173	37634.996	-0.012875285	-1386.7578	15.750703	0.07793392	581.1752271652222
51	4552.6724	36.047554	4590.711	4502.057	1000.0	244.11446	3.2541442	244.17848	18.26445	260000	0.036448613	35759.89	-0.012037313	-1348.4141	15.71407	0.075763464	592.3595316410065
52	4515.495	38.707268	4581.224	4460.808	1000.0	248.10616	1.3145186	248.13524	159.17114	265000	0.050067134	33443.508	-0.011789858	-1237.4434	15.827794	0.12849402	603.9959118366241
53	4520.827	13.322442	4543.4004	4509.674	1000.0	251.96883	1.0001884	251.99707	204.73036	270000	-0.006884894	32283.795	-0.013038933	-1194.3652	15.751204	0.08291374	615.1713283061981
54	4568.771	37.257298	4607.948	4498.1567	1000.0	255.77202	1.978075	255.82814	167.15195	275000	-0.064693905	33253.395	-0.012241162	-1225.125	15.636628	0.055671852	626.4406816959381
55	4561.2866	11.988842	4571.1387	4539.2456	1000.0	259.5558	5.629547	259.74173	-30.166206	280000	-0.017828515	31663.695	-0.009708742	-1263.6465	15.706921	0.07978744	637.524572134018
56	4519.2646	35.78978	4577.837	4474.334	1000.0	263.5881	3.15878	263.6361	40.355003	285000	0.029170746	29277.709	-0.010496285	-1108.8828	15.694372	0.07745609	649.0310792922974
57	4537.802	43.553513	4581.1797	4475.85	1000.0	267.3691	0.87621915	267.40073	227.09746	290000	-0.033484623	28627.207	-0.012501273	-1080.4609	15.650469	0.049701203	660.6118383407593
58	4574.9644	72.776436	4688.437	4476.0073	1000.0	271.1545	1.0013877	271.1717	200.70355	295000	0.01659527	28144.102	-0.009119352	-1065.9902	15.734669	0.10706985	672.0507428646088
59	4531.3833	33.636806	4566.9653	4468.1235	1000.0	274.95517	0.2967731	274.96295	258.86295	300000	-0.040657904	26280.227	-0.011370502	-985.93945	15.755297	0.070757546	682.8318448066711
60	4503.4556	36.08387	4546.089	4446.3438	1000.0	278.6378	1.167624	278.65842	196.68808	305000	-0.006801935	24328.633	-0.010970501	-918.7539	15.690092	0.069597945	694.6301002502441
61	4554.7637	47.33913	4594.9263	4465.914	1000.0	282.24255	0.51318115	282.25793	259.75696	310000	-0.045336686	24861.008	-0.011984516	-939.26953	15.717159	0.09845803	706.0744204521179
62	4549.1587	47.507484	4591.361	4467.4585	1000.0	285.91006	0.33200145	285.91968	266.5717	315000	-0.042377483	23560.889	-0.009764619	-927.35547	15.70595	0.089054935	717.0006234645844
63	4552.5894	43.072086	4586.658	4476.742	1000.0	289.56165	0.758014	289.57413	236.0732	320000	-0.01856904	22892.53	-0.01416322	-902.2754	15.7861185	0.079152405	728.2701165676117
64	4527.4937	35.883133	4572.267	4475.5186	1000.0	293.13614	1.229195	293.18042	223.46541	325000	0.018285425	21241.314	-0.010160857	-824.88477	15.698309	0.10064769	739.3980848789215
65	4517.2905	64.30133	4616.503	4442.6777	1000.0	296.69806	0.5276351	296.71652	273.3125	330000	-0.04462552	20310.46	-0.011460327	-774.45703	15.602208	0.061681237	750.529736995697
66	4554.4683	62.9713	4669.56	4487.6978	1000.0	300.17462	0.27297276	300.1855	287.7558	335000	0.011624915	20277.75	-0.009268701	-782.834	15.747606	0.074888706	761.6028645038605
67	4583.56	36.653164	4635.646	4539.8364	1000.0	303.62274	3.5461073	303.71936	93.552315	340000	-0.030015562	20071.057	-0.014277171	-822.85156	15.669985	0.06313429	772.9163591861725
68	4509.55	47.73338	4570.466	4456.988	1000.0	307.13403	4.580979	307.26862	100.227646	345000	0.015793106	18124.084	-0.00898728	-704.8887	15.753615	0.10865681	783.9364705085754
69	4517.0493	46.65274	4593.9307	4466.8887	1000.0	310.62677	0.34746483	310.63763	292.22537	350000	-0.072106704	17564.453	-0.012245692	-650.27734	15.685955	0.07970037	794.8674082756042
70	4518.864	37.83563	4567.6006	4469.0737	1000.0	313.9059	1.6507473	313.96896	253.1982	355000	0.05262827	16748.816	-0.012489796	-618.10254	15.637047	0.059558008	806.7015447616577
71	4580.7607	72.32385	4690.4844	4485.795	1000.0	317.15085	2.1469	317.23785	237.2206	360000	0.016863843	17599.488	-0.012286539	-684.2793	15.670542	0.055665065	818.0958399772644
72	4506.1978	24.682005	4523.434	4457.7075	1000.0	320.5389	5.612773	320.6476	-69.67153	365000	0.074929096	15728.449	-0.010635883	-610.624	15.619439	0.110650174	829.4038457870483
73	4526.778	70.99276	4659.636	4464.3926	1000.0	323.75934	2.0621173	323.8431	219.45595	370000	0.05768202	15025.296	-0.010431919	-551.5996	15.774322	0.11665476	840.6205673217773
74	4536.5127	33.657116	4592.5415	4489.775	1000.0	326.9286	2.9067647	327.00327	152.79861	375000	0.02189781	14668.461	-0.013831782	-591.6592	15.690708	0.06889825	851.9455852508545
75	4556.5986	52.54097	4643.008	4493.6006	1000.0	330.07455	1.7776192	330.1546	270.5249	380000	-0.036620896	14696.308	-0.012795072	-526.7881	15.712184	0.06942279	863.1305644512177
76	4521.796	37.155163	4586.2407	4485.5273	1000.0	333.3126	0.9603982	333.33615	275.39124	385000	-0.05030028	13580.396	-0.01118993	-468.6328	15.646462	0.0714473	874.4196150302887
77	4528.495	39.912773	4600.3037	4493.126	1000.0	336.3923	0.3003128	336.40164	321.98184	390000	-0.06707953	13441.972	-0.009950563	-475.53223	15.656072	0.07488563	885.6234185695648
78	4531.951	34.51425	4586.017	4480.591	1000.0	338.99872	4.7360883	339.45593	207.27533	395000	-0.017104173	12799.963	-0.013254579	-1058.5742	15.723168	0.094046324	896.7841694355011
79	4514.0493	66.255684	4593.325	4415.8213	1000.0	341.22995	13.013697	342.49	-154.15196	400000	0.008898398	12446.85	-0.011581393	-1757.2627	15.81204	0.08146858	908.2464742660522
80	4540.87	26.743698	4577.342	4504.231	1000.0	332.31595	35.109367	345.4245	43.79326	405000	0.06811804	15305.799	-0.008721735	-3628.6455	15.711109	0.065073535	920.4754059314728
81	4548.4517	49.522724	4597.224	4473.7217	1000.0	348.0843	8.417346	348.35605	-161.95235	410000	-0.05274669	12448.859	-0.013844505	-470.01172	15.680378	0.0753968	931.9483187198639
82	4519.874	35.46128	4568.6064	4482.831	1000.0	350.50494	11.827888	351.23016	-94.789635	415000	-0.052950274	11521.341	-0.0109304525	-555.02344	15.673268	0.07490895	943.211362361908
83	4580.0786	65.18275	4683.3853	4490.327	1000.0	353.86456	4.1591773	354.00613	165.82962	420000	0.006920917	11670.85	-0.014927954	-371.00293	15.613469	0.056728035	954.2517266273499
84	4548.423	30.704214	4589.4033	4503.1084	1000.0	356.36575	8.18339	356.866	119.97292	425000	0.10735728	11031.086	-0.011200964	-421.22168	15.732869	0.078579895	965.8463962078094
85	4591.421	93.80357	4766.4995	4492.1533	1000.0	359.28076	5.698159	359.53543	137.78087	430000	0.013649445	11296.4	-0.013484799	-355.9795	15.699192	0.051958058	977.3276262283325
86	4559.129	27.054585	4590.717	4510.6562	1000.0	362.1379	4.1038365	362.30243	164.24898	435000	0.022138208	10602.221	-0.009197672	-291.50586	15.624872	0.075775534	988.5910120010376
87	4541.2637	66.298355	4627.7827	4464.0405	1000.0	364.8485	3.0528777	364.94843	207.18837	440000	0.055487476	10325.153	-0.013293885	-241.67188	15.582117	0.06459759	999.8045125007629
88	4539.8076	34.857334	4591.862	4499.315	1000.0	367.37134	1.0869186	367.42957	322.10986	445000	0.06351531	9921.479	-0.012504701	-281.72852	15.721975	0.06959627	1010.8389391899109
89	4552.98	72.46753	4651.092	4446.82	1000.0	369.468	5.467346	369.85455	91.8568	450000	-0.0069784913	9854.584	-0.01362358	-268.44922	15.698533	0.09281504	1021.9656391143799
90	4572.0483	83.28249	4658.743	4434.453	1000.0	370.22696	14.267401	372.26355	70.52731	455000	0.039622407	10236.9375	-0.0136331655	-868.21387	15.74581	0.097921126	1033.776617050171
91	4529.3613	34.022457	4573.584	4494.475	1000.0	373.5102	8.0777645	374.8029	164.76535	460000	0.023470685	9354.64	-0.0131047	-1409.0347	15.726164	0.10281743	1044.8920822143555
92	4545.5146	48.357693	4598.4414	4457.899	1000.0	369.9789	23.167534	377.12427	4.120392	465000	-0.023803089	8834.301	-0.011922613	-1155.544	15.716405	0.08430496	1055.9848849773407
93	4535.27	42.1282	4606.242	4474.938	1000.0	374.0034	17.696276	379.60767	226.57686	470000	-0.022642724	9038.924	-0.011282086	-2467.9116	15.654803	0.051005576	1067.295478105545
94	4568.093	68.99743	4667.3384	4488.137	1000.0	364.60114	35.448296	382.16638	0.9319701	475000	0.06148263	11156.485	-0.012877125	-2892.0117	15.641481	0.085595846	1078.153809785843
95	4554.7295	22.056978	4579.898	4526.5425	1000.0	375.9401	25.281761	384.5171	135.47568	480000	-0.04605174	9615.546	-0.010491606	-1871.0962	15.729669	0.07784954	1089.3824996948242
96	4532.013	21.158579	4554.2603	4492.2007	1000.0	382.11447	15.958011	386.72644	231.73776	485000	0.004323227	8740.618	-0.012471488	-926.07275	15.639455	0.07835241	1100.5542244911194
97	4537.503	37.019268	4590.3223	4482.548	1000.0	386.82346	9.935443	388.5873	239.22469	490000	-0.015296081	8788.878	-0.010473352	-616.90137	15.687059	0.08382571	1111.4855661392212
98	4593.3022	71.25215	4705.0835	4481.7905	1000.0	386.2983	15.7350645	390.38745	122.20347	495000	-0.017376617	9123.613	-0.013382362	-1159.6069	15.687797	0.09154644	1122.7340686321259
99	4538.7	37.941673	4595.0557	4490.8584	1000.0	388.695	15.336513	392.3958	-17.693071	500000	0.02898263	8890.516	-0.013050336	-871.1548	15.662428	0.08732293	1133.811428308487
100	4517.7617	23.565306	4560.0254	4493.5757	1000.0	389.4245	15.96368	394.07834	257.47614	505000	-0.044611678	8178.541	-0.011465881	-1835.7178	15.62943	0.0789373	1145.64133810997
101	4505.7534	25.04886	4547.372	4485.453	1000.0	386.93875	23.69132	395.8484	170.09517	510000	-0.010500415	8526.365	-0.012620087	-1879.521	15.752919	0.06939434	1156.7841272354126
102	4561.814	28.531422	4596.2944	4509.5396	1000.0	387.3298	23.911076	397.45334	231.34943	515000	0.028443573	8804.554	-0.013450574	-2095.7407	15.746084	0.07193592	1168.0955965518951
103	4529.92	37.84447	4579.143	4481.7783	1000.0	390.53476	22.826065	399.29773	114.706154	520000	0.08173973	9337.868	-0.014257126	-2700.5547	15.745822	0.1001111	1179.3467495441437
104	4571.71	34.27783	4628.4834	4527.9424	1000.0	388.94183	29.246851	400.97308	119.30313	525000	-0.0834689	9213.303	-0.013703391	-2024.4819	15.644465	0.062055066	1190.6731870174408
105	4508.173	39.771927	4573.5493	4460.4097	1000.0	394.5594	18.806974	402.48654	241.0186	530000	0.033227473	8352.469	-0.011211211	-2562.5142	15.686019	0.054994036	1201.9042983055115
106	4549.2783	35.27456	4614.468	4508.415	1000.0	391.71405	27.76007	404.06052	200.5745	535000	-0.04990321	8620.635	-0.011429541	-1977.2563	15.704508	0.091138765	1213.1861760616302
107	4547.3105	35.293667	4614.016	4511.854	1000.0	388.9341	33.326103	405.66806	-11.423036	540000	0.029961389	9408.797	-0.012838207	-2845.6055	15.706036	0.08422414	1224.7159268856049
108	4550.637	60.257523	4666.319	4491.9644	1000.0	395.66077	23.578115	407.37396	248.40308	545000	0.02142612	8488.001	-0.0119694285	-2307.75	15.76885	0.08232329	1235.6113650798798
109	4538.203	46.334194	4594.697	4478.8247	1000.0	387.0163	37.569534	409.1274	150.22841	550000	0.015514197	10634.309	-0.011938086	-3447.604	15.666192	0.06136588	1246.640298128128
110	4574.5996	50.395687	4617.266	4512.4243	1000.0	399.10977	21.361881	410.0195	277.8419	555000	0.040075835	8559.257	-0.013312306	-1487.3081	15.663022	0.07188953	1258.7404356002808
111	4475.093	34.585255	4517.248	4421.2646	1000.0	387.12552	34.43576	411.06882	243.18027	560000	-0.052206207	9101.228	-0.010784347	-3278.185	15.71723	0.057871155	1269.5168979167938
112	4523.789	52.068874	4604.8604	4473.399	1000.0	397.40912	27.69389	411.94943	59.235287	565000	0.012895611	8936.962	-0.010416335	-2151.621	15.66744	0.101469874	1280.5659444332123
113	4561.3135	35.11717	4606.56	4503.5415	1000.0	387.93814	36.223843	412.58527	173.64766	570000	0.0041394653	9190.197	-0.011309851	-3381.334	15.689814	0.10750232	1291.8269217014313
114	4553.9497	59.167427	4630.8677	4456.36	1000.0	398.95486	27.67962	413.84192	183.5341	575000	0.029365674	8722.073	-0.0121742245	-2255.4507	15.779403	0.081809975	1302.9246661663055
115	4541.212	30.971195	4580.7246	4487.1245	1000.0	398.50854	27.544134	414.6993	178.35854	580000	-0.011572663	8443.965	-0.014869394	-2214.4902	15.711738	0.0881453	1314.0306959152222
116	4564.848	54.115936	4654.17	4511.278	1000.0	397.99075	29.176678	415.6573	187.39539	585000	-0.02258972	8543.494	-0.011644736	-3035.148	15.732197	0.07066199	1324.8981816768646
117	4499.9595	23.716309	4546.6826	4481.8276	1000.0	400.8167	29.262058	417.2171	159.97992	590000	0.003927084	8459.074	-0.011160975	-2312.1606	15.721675	0.103002585	1336.0595500469208
118	4578.3965	61.26567	4654.251	4475.5405	1000.0	399.9765	29.923208	417.91956	102.81129	595000	-0.05207599	9603.246	-0.012753099	-2885.081	15.71724	0.07412412	1347.1695711612701
119	4582.874	60.27939	4653.566	4491.689	1000.0	398.91003	32.9285	418.9382	8.037612	600000	-0.024154296	9560.671	-0.012411641	-2717.8062	15.717781	0.07396021	1357.9946851730347
120	4543.171	10.849139	4560.252	4530.494	1000.0	406.67285	25.623892	419.90604	258.89523	605000	-0.027755657	8501.184	-0.011493335	-2326.416	15.649775	0.06481146	1369.9806563854218
121	4558.0225	76.20529	4695.0215	4473.557	1000.0	385.29874	48.806976	420.49542	-2.2484593	610000	-0.019379005	10498.108	-0.01296195	-4141.65	15.720422	0.072210446	1381.2624928951263
122	4596.0376	36.153336	4645.054	4534.415	1000.0	401.7343	32.710045	421.3121	237.2959	615000	0.026303295	9260.513	-0.011768752	-2427.8071	15.707565	0.08205482	1392.4199454784393
123	4556.1143	50.41069	4624.505	4472.8657	1000.0	405.75934	28.614164	422.48944	220.5613	620000	-0.03445884	8666.537	-0.011513084	-1828.249	15.775009	0.07845529	1403.6213018894196
124	4554.953	31.37273	4589.3696	4505.1826	1000.0	406.56332	28.845419	422.60855	49.477917	625000	-0.0026702147	9113.397	-0.014623134	-1908.9673	15.755137	0.09050904	1415.466638326645
125	4553.218	12.026566	4572.1978	4536.672	1000.0	404.1943	26.454529	422.41724	56.37068	630000	0.042291466	8675.734	-0.009540141	-2034.3052	15.756244	0.057015613	1426.6791806221008
126	4554.216	55.14279	4639.3833	4476.1826	1000.0	398.54245	32.627995	422.98312	42.68226	635000	0.06540869	9138.158	-0.01704222	-2769.6108	15.669342	0.064343795	1437.7156796455383
127	4584.1714	63.04243	4683.4917	4511.3037	1000.0	399.43134	34.571194	423.91565	196.02966	640000	0.06879056	8688.637	-0.0141640045	-2422.6333	15.678397	0.08779373	1448.7368850708008
128	4528.0967	67.3279	4577.522	4397.0444	1000.0	401.07306	36.249233	424.97382	160.24895	645000	0.036434874	8924.352	-0.011029463	-2827.2842	15.722233	0.070465356	1460.103407382965
129	4527.2007	16.689499	4552.29	4508.948	1000.0	411.3705	24.162014	425.16498	255.6579	650000	0.044729542	8390.419	-0.008324105	-1706.5366	15.677622	0.082263365	1471.2059860229492
130	4568.7217	21.921247	4593.103	4532.4717	1000.0	400.4659	32.649887	425.03735	-34.080658	655000	0.036701497	9502.442	-0.013717372	-2365.3047	15.713481	0.083582096	1482.9555444717407
131	4502.6123	37.0243	4553.547	4463.897	1000.0	396.97165	34.884407	425.28238	168.08397	660000	-0.02589844	8946.427	-0.011557745	-2957.8218	15.702557	0.08918186	1494.2448906898499
132	4533.277	34.53098	4579.7666	4485.7236	1000.0	402.59073	33.162346	425.27646	108.21762	665000	-0.010495838	8953.791	-0.01759682	-2642.9336	15.760356	0.08683242	1505.5558767318726
133	4554.4814	29.238745	4589.123	4517.833	1000.0	406.627	28.291239	425.71307	-19.14782	670000	-0.013530566	8393.459	-0.013391248	-2077.9282	15.6825905	0.08786706	1516.4401865005493
134	4531.1777	58.494614	4633.5537	4477.098	1000.0	401.64395	33.985996	426.035	177.54807	675000	0.013419213	8212.953	-0.010156328	-2102.3228	15.655319	0.06553263	1527.625500202179
135	4560.3706	54.453926	4636.2363	4473.0654	1000.0	404.90204	30.559225	426.48828	225.0424	680000	0.052223656	8959.319	-0.016355693	-2507.8047	15.704447	0.059926856	1539.1841475963593
136	4576.2593	74.034676	4682.9634	4478.096	1000.0	397.1005	37.31615	427.05948	188.28265	685000	-0.05212716	9700.863	-0.012643546	-2728.9	15.793231	0.103148974	1550.4474012851715
137	4555.1045	49.749943	4634.988	4486.7793	1000.0	406.81573	29.145002	427.60583	232.2269	690000	-0.030623557	8529.573	-0.011402333	-2154.7979	15.685716	0.08085319	1561.3494548797607
138	4547.882	37.52951	4616.8643	4504.8315	1000.0	400.8668	35.312084	427.99402	179.45084	695000	0.081690885	8484.153	-0.011013381	-2486.8667	15.727356	0.0723588	1572.7981271743774
139	4527.2393	55.933525	4633.3687	4468.9995	1000.0	409.21774	28.58518	428.63245	199.08334	700000	-0.0010170258	8914.107	-0.009636502	-1956.6323	15.715247	0.09226599	1584.3310887813568
140	4553.4478	44.80648	4626.966	4500.521	1000.0	400.29605	34.4601	427.93225	178.30627	705000	-0.047423553	8475.474	-0.011708327	-2143.3555	15.700547	0.07427008	1596.2219424247742
141	4548.468	47.75053	4641.673	4512.426	1000.0	406.9445	29.794544	428.18405	76.5263	710000	-0.04874225	8888.632	-0.011452105	-1928.4463	15.649653	0.07186069	1607.3317506313324
142	4569.3794	54.861996	4646.4385	4493.045	1000.0	405.1707	28.165894	427.84113	233.82918	715000	-0.071165964	8659.365	-0.012004994	-2323.4219	15.681207	0.10772747	1618.5062093734741
143	4564.086	21.322674	4597.0225	4536.2695	1000.0	402.16916	33.029957	428.82376	183.05916	720000	-0.031372346	8821.927	-0.011451665	-2344.9268	15.774028	0.054408446	1629.9084432125092
144	4573.841	35.7644	4634.524	4527.7803	1000.0	400.5853	35.07546	429.7016	229.64334	725000	0.015185657	8959.698	-0.012990406	-2560.2817	15.642475	0.101454794	1641.0011715888977
145	4558.7505	37.051525	4610.167	4502.215	1000.0	406.56403	31.435295	430.69403	188.23344	730000	0.11760656	8388.223	-0.0091801435	-1980.3164	15.715463	0.09535837	1651.984976530075
146	4569.4355	98.06593	4716.516	4407.436	1000.0	408.38556	30.652252	430.87775	174.86084	735000	0.008574256	9417.677	-0.014879193	-2150.5264	15.746512	0.075962804	1662.8146343231201
147	4538.042	51.714733	4625.2534	4479.3335	1000.0	400.4013	34.2378	431.00308	72.68826	740000	-0.020081054	9130.369	-0.012350585	-2537.9077	15.66578	0.07838968	1673.7099933624268
148	4520.9023	83.01674	4629.654	4418.6875	1000.0	409.34424	24.474073	430.87518	199.05719	745000	-0.05743318	8695.947	-0.012455329	-1637.0488	15.696894	0.075818054	1684.1418011188507
149	4550.81	52.25536	4612.965	4486.2285	1000.0	396.3486	32.020706	429.62048	179.2282	750000	0.038350392	8980.714	-0.010022523	-2387.3228	15.734576	0.09398487	1694.8451330661774
150	4542.236	39.02669	4571.653	4468.6865	1000.0	409.37354	27.221895	430.28497	199.23041	755000	0.03204289	8710.224	-0.010650227	-1617.1221	15.681144	0.058479115	1706.4738626480103
151	4565.4736	54.60132	4638.9004	4484.7153	1000.0	404.0935	25.670507	429.92886	237.59537	760000	-0.02245134	8909.392	-0.01177855	-2265.3906	15.664863	0.11703479	1717.2054963111877
152	4545.914	32.351902	4573.618	4492.534	1000.0	394.06717	42.075638	430.65176	219.12334	765000	0.04349994	9682.349	-0.012986854	-3577.3667	15.761138	0.08415339	1727.6497275829315
153	4530.3	74.22756	4663.3784	4453.6885	1000.0	407.32028	29.989042	430.74902	238.2643	770000	-0.038226563	7901.928	-0.011633746	-2389.0752	15.731489	0.070906594	1738.3674943447113
154	4552.832	46.877113	4615.864	4470.7314	1000.0	407.61136	30.935745	431.28903	143.50095	775000	0.027490826	8685.522	-0.010274146	-2617.727	15.78079	0.09485685	1749.219158411026
155	4588.6006	12.945262	4604.783	4576.0215	1000.0	406.89102	33.231136	432.30963	141.29166	780000	0.009247015	9122.122	-0.015877081	-2197.0996	15.759797	0.07447603	1760.1309688091278
156	4517.1733	43.531673	4598.5093	4479.336	1000.0	406.5786	34.09188	432.1602	69.10648	785000	0.061528284	8025.872	-0.012017958	-2566.6333	15.673434	0.089461565	1770.765552997589
157	4538.543	50.06586	4616.6475	4473.319	1000.0	402.3817	36.06482	433.26358	189.48961	790000	0.000670047	8545.85	-0.011234928	-2623.331	15.586303	0.083587885	1781.3439104557037
158	4587.911	80.39804	4732.9595	4490.285	1000.0	378.3275	63.560616	434.1745	-26.257263	795000	-0.0078019714	11157.406	-0.01174751	-5478.672	15.749186	0.10401112	1792.3527202606201
159	4560.0146	22.888878	4592.125	4531.608	1000.0	407.12378	48.6626	435.55795	37.742443	800000	-0.007728424	9591.022	-0.012953168	-3110.1504	15.692328	0.08730976	1802.7053871154785
160	4543.7314	98.38635	4686.5938	4435.969	1000.0	411.7591	31.683535	434.62192	222.62564	805000	-0.08132221	8111.7466	-0.009231001	-2019.9102	15.7625065	0.07982494	1814.1654179096222
161	4517.501	15.245964	4541.1226	4496.9575	1000.0	404.89926	37.680622	434.5514	194.0617	810000	0.03827343	7712.5054	-0.010234885	-2094.3364	15.669466	0.058819275	1824.922188282013
162	4594.202	47.687233	4646.9863	4511.777	1000.0	406.25003	35.656693	434.58987	122.80823	815000	0.047383208	9262.392	-0.014975786	-2585.9062	15.713191	0.074232616	1836.1840145587921
163	4550.0825	49.24868	4631.463	4487.433	1000.0	406.2853	35.796867	435.39886	166.49496	820000	0.011967366	8823.928	-0.009550528	-2134.454	15.660742	0.085121706	1846.9235491752625
164	4557.107	68.38375	4667.5234	4454.7896	1000.0	410.78445	26.717066	434.87848	128.56306	825000	0.05019126	8930.814	-0.014539849	-1655.5425	15.668472	0.0906105	1857.6656589508057
165	4546.589	52.36232	4613.7905	4480.796	1000.0	383.43594	49.32174	435.37692	140.14685	830000	-0.014481177	10270.215	-0.011261719	-4154.5605	15.796618	0.079752736	1868.5606858730316
166	4539.9443	43.60539	4597.794	4489.9697	1000.0	418.83386	21.844255	434.25607	266.26743	835000	-0.018094294	8304.396	-0.011158945	-1533.6587	15.766097	0.089381546	1879.3066236972809
167	4559.9424	48.91389	4648.6245	4498.592	1000.0	393.5127	43.622444	433.43738	-55.28647	840000	-0.0016459122	9357.686	-0.008479021	-2708.7485	15.708434	0.07717586	1890.1356508731842
168	4552.846	26.390427	4593.243	4514.1333	1000.0	414.95786	27.427654	433.67328	-135.5973	845000	-0.055312183	8703.683	-0.011894699	-1672.8052	15.716518	0.080130905	1900.844809770584
169	4497.4443	35.0557	4532.028	4441.524	1000.0	405.25845	28.233418	433.1221	181.40585	850000	-0.035986535	8696.776	-0.010075923	-2008.6401	15.690828	0.08579177	1911.9162192344666
170	4508.97	35.69849	4555.839	4448.127	1000.0	393.8795	37.32081	431.99274	176.73187	855000	0.047645587	8521.363	-0.011197347	-2460.4111	15.731188	0.08593065	1923.3448796272278
171	4546.825	39.29054	4578.9697	4475.651	1000.0	413.86826	23.893026	432.6441	238.5428	860000	0.032811265	8371.72	-0.010167701	-1435.9556	15.665137	0.09215703	1933.7437210083008
172	4603.103	40.042995	4656.4424	4552.7964	1000.0	396.8489	37.17081	431.8666	146.69878	865000	-0.07110087	10048.666	-0.011019342	-2679.5845	15.707379	0.09092475	1944.447392463684
173	4517.6245	59.800957	4597.127	4430.612	1000.0	411.2444	20.235271	431.72836	265.7285	870000	-0.025417835	8449.397	-0.012341045	-1429.6528	15.630892	0.063088864	1955.2520167827606
174	4542.58	68.75738	4655.819	4446.2515	1000.0	402.19772	25.690626	431.8652	217.01952	875000	0.01708556	8863.312	-0.0127458135	-2136.8945	15.7038145	0.071717784	1965.4774346351624
175	4526.001	34.96725	4556.4526	4459.4717	1000.0	397.44397	37.069633	432.39627	65.41359	880000	-0.001822583	9827.015	-0.010590893	-2732.4185	15.747406	0.07969685	1976.0259125232697
176	4558.169	27.325184	4592.906	4516.6685	1000.0	405.53903	23.362852	429.79953	228.33017	885000	0.041395035	8238.362	-0.010913266	-1815.1289	15.660129	0.07064536	1986.9845821857452
177	4594.95	54.648632	4667.888	4520.233	1000.0	411.98038	22.498434	429.24466	163.45801	890000	-0.015356085	8712.549	-0.012164875	-1207.897	15.686481	0.097109914	1997.712325334549
178	4539.7383	57.377106	4613.878	4487.187	1000.0	405.57574	26.295197	429.7623	32.02829	895000	-0.04807505	8206.857	-0.010098871	-2299.5576	15.667611	0.08081909	2008.0302150249481
179	4591.984	43.04904	4660.4697	4544.182	1000.0	403.8858	32.8355	430.65842	154.10661	900000	0.070164315	9267.562	-0.011137325	-2277.4937	15.708908	0.055559862	2018.922123670578
180	4535.824	18.522743	4560.782	4518.003	1000.0	404.2318	30.293472	431.47333	225.28171	905000	0.026274988	8331.028	-0.014377591	-2245.3906	15.664334	0.065573215	2030.8722331523895
181	4525.1763	49.553722	4619.207	4486.935	1000.0	408.26373	30.878164	432.98187	216.3401	910000	-0.011993415	8110.2783	-0.0112180775	-2225.5806	15.668536	0.06811064	2041.2534790039062
182	4578.0757	106.97516	4777.187	4473.7236	1000.0	407.08054	26.995768	432.57376	1.7989941	915000	-0.06144023	9300.582	-0.011878341	-1740.5942	15.72433	0.09292115	2051.7783086299896
183	4534.3486	43.8383	4599.897	4473.3813	1000.0	406.05182	31.27699	432.76474	228.49702	920000	0.021158399	8580.947	-0.011625229	-1964.0312	15.8183	0.07900753	2062.2612912654877
184	4571.298	36.03358	4635.318	4533.5415	1000.0	402.56555	32.31941	432.22415	207.74893	925000	-0.06225741	8667.467	-0.009991601	-2145.2637	15.657699	0.07256979	2073.1188595294952
185	4560.9985	38.92823	4613.214	4495.958	1000.0	410.79254	26.71537	433.00046	258.7692	930000	-0.04522414	8450.294	-0.013496295	-1516.6299	15.673579	0.07928954	2083.509867668152
186	4546.372	16.639004	4569.7227	4520.236	1000.0	402.15686	34.892704	432.10104	186.85403	935000	-0.006622261	8878.706	-0.01096412	-2258.296	15.6601095	0.06945375	2094.0548915863037
187	4519.1333	37.49654	4570.5093	4464.472	1000.0	410.2125	22.828821	431.79007	256.21838	940000	0.061523724	8641.976	-0.013879515	-1378.4219	15.743281	0.069729984	2104.7166769504547
188	4525.611	33.461662	4575.857	4474.7544	1000.0	402.615	27.130302	431.7354	173.47182	945000	-0.052286536	8636.062	-0.009932447	-1798.2856	15.719609	0.08382943	2115.5001361370087
189	4523.349	12.95488	4539.447	4503.3135	1000.0	403.9366	28.006828	430.69354	220.02234	950000	0.046942305	8246.914	-0.011510335	-1840.1475	15.681102	0.06732405	2125.8456711769104
190	4526.3394	23.677309	4562.412	4498.0728	1000.0	402.58908	30.820332	431.49207	202.20663	955000	-0.050224885	7721.676	-0.010774985	-2136.6133	15.695903	0.07225423	2137.5157556533813
191	4537.4287	43.99974	4597.5454	4480.9507	1000.0	408.36374	30.954958	434.17764	217.89241	960000	-0.038093336	9269.281	-0.012240764	-1893.5532	15.71477	0.07940487	2148.988155603409
192	4585.78	68.22159	4710.327	4515.8306	1000.0	404.79126	22.430756	431.47858	237.94366	965000	-0.09664385	9081.292	-0.015456602	-1423.6934	15.728898	0.06845406	2159.8875942230225
193	4552.871	41.25399	4628.018	4508.7456	1000.0	406.51147	22.205069	432.33826	186.36331	970000	-0.0037815187	7936.6343	-0.011869849	-1200.6968	15.744613	0.09197198	2170.3796219825745
194	4524.353	50.701065	4604.993	4466.174	1000.0	408.8905	22.51977	433.7427	234.31027	975000	-0.04319375	7939.584	-0.015394647	-1395.6826	15.693167	0.07495069	2181.387907266617
195	4570.1157	28.452568	4608.9243	4534.395	1000.0	406.52325	26.378937	434.45273	234.6796	980000	0.014811346	8658.8545	-0.00984964	-1623.5249	15.719462	0.07884469	2192.561234474182
196	4527.6953	29.152449	4556.2983	4489.607	1000.0	408.15558	23.374393	435.97336	248.21983	985000	0.053129945	8124.8335	-0.008802492	-1795.3296	15.693002	0.08451543	2203.0466017723083
197	4540.882	77.72972	4642.9766	4444.0776	1000.0	398.9403	41.93079	438.1157	178.6789	990000	-0.09075152	9525.07	-0.012702413	-2497.7407	15.683769	0.06812634	2213.5572278499603
198	4546.1084	52.95753	4625.4272	4479.9937	1000.0	411.9463	23.468166	436.4283	261.63022	995000	0.005054144	8106.5728	-0.012463549	-1468.1729	15.722522	0.08849775	2224.2550206184387
199	4569.4497	17.93377	4597.722	4551.883	1000.0	407.89212	26.866962	436.50125	240.70189	1000000	0.0532006	9237.1455	-0.010053143	-1780.3545	15.748235	0.079205215	2234.989725112915
200	4552.471	114.916466	4740.3857	4413.5635	1000.0	404.13635	30.044586	437.33203	190.41661	1005000	-0.012214285	8854.012	-0.010625071	-2022.2012	15.714284	0.086334914	2246.638970375061
201	4575.2095	36.3755	4618.649	4529.3457	1000.0	408.9732	26.623213	436.96155	192.1875	1010000	0.017359374	9083.143	-0.011802904	-1563.6514	15.7130375	0.0833731	2257.2397060394287
202	4556.6963	57.120346	4656.5024	4483.038	1000.0	405.9742	27.863384	436.72617	141.59651	1015000	0.06479712	8233.346	-0.010632012	-1485.7275	15.638385	0.057332106	2268.1858534812927
203	4559.801	32.953835	4605.748	4503.075	1000.0	408.13895	27.938805	437.7366	207.08456	1020000	-0.044634484	8627.993	-0.013160601	-1445.9067	15.764022	0.08869794	2278.8284134864807
204	4533.5283	86.39504	4644.3047	4411.5786	1000.0	405.57974	27.287668	437.44977	145.07338	1025000	0.029339654	8548.268	-0.010071361	-1469.1538	15.686663	0.07168743	2289.438450574875
205	4541.2363	44.551167	4626.4736	4501.153	1000.0	407.20377	20.669252	437.52374	250.3222	1030000	0.016160663	8389.157	-0.011976395	-1156.9014	15.719792	0.06786837	2300.319825410843
206	4542.4844	29.420525	4581.4053	4509.0933	1000.0	406.03726	20.704285	438.2522	270.26123	1035000	-0.014703784	8342.833	-0.01115747	-977.3081	15.621995	0.06349689	2310.859429359436
207	4539.524	80.96424	4665.923	4411.1978	1000.0	405.1245	21.423958	436.9715	268.01266	1040000	0.083899744	8138.8423	-0.011918224	-1215.9199	15.681704	0.0886525	2321.46142911911
208	4524.138	34.669968	4580.839	4483.001	1000.0	405.6411	24.262945	437.28677	198.38638	1045000	0.04552815	7816.068	-0.012409821	-1662.4536	15.707794	0.084635966	2331.9416451454163
209	4547.866	36.720417	4603.548	4491.119	1000.0	400.57526	32.738716	439.34332	178.58676	1050000	0.013392322	8552.207	-0.012481372	-1992.436	15.7695465	0.08468552	2342.503209590912
210	4507.852	40.761425	4587.1587	4470.638	1000.0	404.8672	31.574263	443.75058	190.68997	1055000	-0.102700785	7660.0913	-0.0134996325	-2329.0962	15.631163	0.09005039	2355.0733511447906
211	4559.439	31.865494	4613.2	4523.6836	1000.0	409.07916	34.783722	445.4693	178.24416	1060000	-0.011018	8749.164	-0.013099414	-1896.6299	15.721375	0.078171864	2366.225103378296
212	4548.421	40.383495	4614.1416	4493.362	1000.0	406.69824	31.686527	442.40067	97.600555	1065000	-0.0054740966	8312.649	-0.009621149	-1545.7998	15.672797	0.07311968	2376.947435617447
213	4529.376	26.743322	4572.8228	4493.629	1000.0	410.03418	26.15273	443.2694	116.04949	1070000	0.033557814	8760.443	-0.009826209	-1545.0225	15.647688	0.056273896	2387.5038645267487
214	4518.986	47.58684	4584.3687	4465.125	1000.0	403.0893	29.248169	441.76892	226.03723	1075000	-0.019522192	8546.247	-0.012088431	-1658.167	15.680678	0.07899773	2398.2193398475647
215	4534.362	35.530586	4590.9116	4498.701	1000.0	399.16257	31.58709	441.48584	187.88614	1080000	0.025962958	8505.364	-0.011366602	-1863.8955	15.720683	0.07264585	2408.776602268219
216	4548.483	49.5953	4617.8145	4477.0835	1000.0	412.87897	22.375443	442.64124	147.3502	1085000	-0.014031231	8270.822	-0.0126310885	-1464.5488	15.743235	0.07362033	2419.3989684581757
217	4534.8037	17.90063	4555.388	4503.184	1000.0	400.50732	33.151897	442.34186	225.96735	1090000	0.02582105	8337.808	-0.01301275	-2194.0356	15.745053	0.090207204	2430.2065513134003
218	4561.532	65.32677	4675.6743	4492.2427	1000.0	414.1938	26.419382	443.4338	245.89807	1095000	-0.051485047	8968.76	-0.013557404	-1447.9199	15.649368	0.07781153	2440.9332404136658
219	4524.0254	23.124994	4554.5513	4487.024	1000.0	389.3184	40.098824	441.22278	132.83632	1100000	-0.062559545	8691.88	-0.010457769	-3107.7305	15.7109	0.079096705	2451.508142232895
220	4545.729	71.81741	4635.1577	4429.6626	1000.0	417.12384	26.395157	443.9308	136.79579	1105000	-0.05788595	8203.534	-0.012206476	-1943.3008	15.665375	0.066975586	2463.9769575595856
221	4558.5186	33.64683	4603.664	4523.3403	1000.0	401.38284	38.868248	444.7366	194.92229	1110000	-0.006113687	9050.244	-0.011440882	-2404.65	15.732951	0.08796487	2474.789885997772
222	4552.8096	33.84826	4604.0776	4522.2314	1000.0	412.82626	22.986372	446.13153	129.41948	1115000	0.018455295	8609.16	-0.01185355	-1191.3936	15.676675	0.06657932	2485.4796419143677
223	4584.95	67.45674	4709.111	4518.0312	1000.0	403.40976	30.45393	445.41876	217.90295	1120000	-0.036627214	9712.11	-0.010907173	-1843.2847	15.689059	0.06919302	2496.0591957569122
224	4561.494	49.817417	4629.812	4491.967	1000.0	410.60925	18.000067	444.82358	266.2135	1125000	-0.042244427	8173.169	-0.0140848085	-850.63916	15.644032	0.07656831	2506.7046995162964
225	4560.843	59.670334	4678.0303	4509.7583	1000.0	410.36826	17.260576	443.9325	269.73257	1130000	0.021678068	8353.449	-0.012871775	-1167.1787	15.6918125	0.091616355	2517.770552635193
226	4540.662	33.055527	4594.15	4491.864	1000.0	407.60776	23.163422	446.8727	253.4032	1135000	0.052244414	8379.425	-0.00872612	-1582.8638	15.752519	0.10451057	2528.8182961940765
227	4552.97	43.89024	4606.5483	4487.451	1000.0	406.351	30.281788	447.9762	248.32805	1140000	-0.048976555	8339.538	-0.01224732	-1948.7383	15.721125	0.067004494	2539.633325815201
228	4540.157	35.9824	4572.657	4473.2183	1000.0	409.6422	27.402304	445.84644	249.38411	1145000	-0.017771954	8089.595	-0.012219148	-1709.5186	15.726531	0.06998032	2550.179191350937
229	4517.853	58.75126	4579.304	4408.5513	1000.0	398.6695	40.61595	449.66284	131.44035	1150000	-0.05809519	9267.899	-0.011946414	-2642.4712	15.695053	0.078490674	2561.170503139496
230	4529.9946	44.917946	4572.654	4458.9316	1000.0	409.76257	28.225744	445.85513	226.98747	1155000	0.013744825	8292.636	-0.011435065	-1538.9316	15.697234	0.09495106	2572.936213493347
231	4557.347	97.377235	4729.954	4431.0996	1000.0	398.73935	32.883427	445.2359	224.74431	1160000	0.04963754	8812.6045	-0.012034044	-1926.8213	15.765359	0.08516931	2583.6062064170837
232	4564.2812	16.353569	4589.5435	4539.0938	1000.0	409.46143	27.422989	446.3757	244.34853	1165000	0.050839208	8535.385	-0.0128813945	-1759.8599	15.754641	0.08634679	2594.238360643387
233	4548.515	46.20489	4632.6562	4507.8477	1000.0	406.19638	30.40394	444.39386	216.35068	1170000	-0.0067142616	8309.012	-0.011625359	-2115.4258	15.637637	0.05988025	2605.2545659542084
234	4549.2236	27.790945	4586.726	4517.2715	1000.0	403.9453	36.82546	447.1315	224.55052	1175000	0.01835741	8227.068	-0.009870398	-1779.7524	15.66335	0.12968208	2615.8732419013977
235	4553.8633	55.94987	4654.6694	4488.0596	1000.0	415.794	24.23692	444.8381	204.069	1180000	-0.033343423	8523.577	-0.012193613	-1673.9194	15.802303	0.08009409	2626.8566823005676
236	4558.2056	23.11284	4583.4775	4527.0933	1000.0	398.87607	37.48372	447.031	178.44554	1185000	0.00949394	8949.123	-0.010700086	-2100.9102	15.6275	0.07312503	2637.8635392189026
237	4572.6055	29.437727	4615.286	4531.3657	1000.0	410.43716	28.970957	446.19702	226.51837	1190000	-0.01800586	8346.466	-0.016387273	-1463.9609	15.693587	0.07425344	2649.1156561374664
238	4568.7485	24.684065	4611.12	4536.1924	1000.0	412.3059	27.14529	447.6412	237.85245	1195000	0.051018488	8840.11	-0.01226664	-1413.3999	15.709985	0.0754881	2660.303955554962
239	4589.827	45.16638	4667.34	4529.946	1000.0	406.32907	28.918898	446.3043	256.0848	1200000	0.0018632935	9001.664	-0.013273938	-1385.5347	15.704988	0.09152583	2670.7898297309875
240	4582.927	27.505737	4628.1055	4555.052	1000.0	409.2625	26.413109	445.58273	224.35887	1205000	0.05221858	8544.602	-0.011100639	-1363.7646	15.677478	0.079619914	2682.970381975174
241	4551.5283	61.230083	4618.4976	4436.5283	1000.0	411.74786	21.142853	444.3456	284.85135	1210000	0.04168757	8154.063	-0.011827238	-971.2285	15.696472	0.07474852	2693.609444618225
242	4572.789	44.436253	4648.3887	4516.457	1000.0	408.60864	23.013111	441.11835	158.88242	1215000	0.08499233	8484.1455	-0.011245608	-1529.3936	15.667509	0.07667151	2704.2116878032684
243	4577.804	68.30514	4679.3667	4496.718	1000.0	407.93134	25.811014	443.5832	200.57413	1220000	0.016826257	8684.241	-0.01201726	-1582.8955	15.685625	0.078703515	2714.8834924697876
244	4584.7886	67.76216	4659.5063	4488.619	1000.0	407.63177	30.007118	447.01834	232.55492	1225000	2.3803711e-06	8557.645	-0.010503656	-1547.5659	15.713434	0.111684054	2725.432596683502
245	4572.4946	43.136055	4655.5083	4534.038	1000.0	410.515	29.699575	449.63138	217.47473	1230000	0.010859558	8842.113	-0.010742158	-1441.9468	15.679305	0.07893537	2736.2046554088593
246	4552.8955	29.04112	4584.4395	4502.466	1000.0	413.06705	25.643227	445.8352	241.80144	1235000	-0.020641629	8558.935	-0.012226354	-1325.4912	15.7146	0.096427016	2746.6611251831055
247	4513.3525	44.99193	4603.29	4489.2593	1000.0	407.48615	23.818237	441.93115	236.84274	1240000	0.11034474	8465.675	-0.011736348	-1557.5454	15.746148	0.093199655	2757.3485593795776
248	4513.0566	27.099754	4553.428	4472.98	1000.0	412.32126	20.655003	444.01276	274.24466	1245000	-0.0043875887	7891.907	-0.01187079	-1215.8213	15.640862	0.08118656	2768.2937438488007
249	4559.7334	24.097918	4600.9336	4539.94	1000.0	395.85983	31.750082	443.78183	206.67833	1250000	0.044105183	8398.299	-0.011680178	-1615.8374	15.681462	0.08762793	2779.2635831832886
250	4582.7197	60.861095	4695.249	4524.4795	1000.0	412.91296	25.496342	446.2391	264.08762	1255000	-0.04528098	8779.224	-0.013114989	-1294.0908	15.699716	0.076412044	2791.438006401062
251	4557.3154	36.77689	4606.645	4519.261	1000.0	403.56464	28.881132	444.95486	178.79611	1260000	0.073280066	8901.48	-0.011515442	-1558.9893	15.780006	0.091293484	2802.549818754196
252	4555.8066	59.693382	4650.895	4480.096	1000.0	413.51804	21.125515	442.91776	231.36357	1265000	0.052123524	8581.517	-0.012127604	-971.771	15.672709	0.08826196	2813.3578128814697
253	4513.564	35.027073	4550.5723	4454.396	1000.0	406.5706	22.944523	441.21194	103.321526	1270000	0.02782696	7901.1455	-0.009162487	-1732.9429	15.673527	0.049716994	2823.8730046749115
254	4531.6455	18.6475	4559.3843	4510.8096	1000.0	410.92844	27.861782	441.40482	231.42223	1275000	0.0031729583	8454.511	-0.010135412	-1357.6714	15.673447	0.06260036	2834.371490955353
255	4566.478	97.38475	4751.624	4478.9185	1000.0	405.32462	23.902199	441.5757	230.38731	1280000	0.024918927	8382.512	-0.01340827	-1446.7949	15.681166	0.08056593	2845.3883171081543
256	4513.69	22.449463	4546.5527	4487.608	1000.0	411.83316	23.196388	443.90118	209.06813	1285000	-0.010003351	8332.083	-0.012957979	-1155.936	15.72436	0.08664329	2856.0191802978516
257	4569.358	102.13734	4734.4214	4418.2188	1000.0	411.55487	19.039383	442.43066	243.55885	1290000	-0.023653753	8813.047	-0.012101304	-1154.7837	15.708412	0.0509044	2866.5226578712463
258	4583.0405	29.584808	4616.9023	4542.05	1000.0	408.66125	22.72479	445.3076	211.47379	1295000	-0.025556924	8651.136	-0.012596043	-1298.147	15.734766	0.080964535	2877.258610725403
259	4637.751	78.17102	4704.004	4541.8706	1000.0	402.50485	30.978573	447.3637	226.66104	1300000	0.054963343	9078.339	-0.013386827	-1639.5181	15.704934	0.07955782	2888.214311361313
260	4547.3086	38.371838	4586.22	4485.923	1000.0	410.41248	30.912926	448.3481	243.71358	1305000	0.014248425	8299.696	-0.010377258	-2117.248	15.756864	0.096018784	2900.141674518585
261	4541.122	37.339977	4576.518	4485.206	1000.0	408.476	32.30044	445.49197	177.17215	1310000	-0.027068952	8593.376	-0.010815227	-1671.4185	15.690097	0.05883723	2910.685565471649
262	4579.9443	55.989227	4639.571	4512.5605	1000.0	412.57196	22.423798	443.43094	111.8519	1315000	0.055283934	8544.014	-0.013498221	-1337.5288	15.780178	0.08152821	2921.457899570465
263	4637.072	68.90293	4747.7295	4564.8755	1000.0	404.02267	35.029057	443.14954	201.0579	1320000	0.0074869017	9113.81	-0.012966443	-2080.5518	15.757975	0.058101695	2932.119479417801
264	4540.536	15.711894	4564.1567	4514.7646	1000.0	416.8876	19.62094	445.65213	216.21458	1325000	-0.012292093	8292.463	-0.010119358	-1007.6011	15.716523	0.09114818	2942.7862617969513
265	4556.5713	33.491806	4598.6953	4511.467	1000.0	406.43765	22.314156	445.08005	256.23386	1330000	-0.0021006928	8336.371	-0.010383819	-1364.939	15.732116	0.10003876	2953.396192073822
266	4533.827	41.464027	4600.494	4489.2666	1000.0	414.8503	21.774767	444.55423	258.2716	1335000	0.0067261932	8087.024	-0.0120504275	-1184.187	15.69035	0.052931767	2963.800499200821
267	4581.5913	45.880535	4638.577	4506.436	1000.0	404.74884	31.33152	445.89508	206.7024	1340000	-0.008691382	9678.794	-0.011113897	-1829.4292	15.678297	0.087350026	2974.4654898643494
268	4562.826	30.946413	4602.946	4524.577	1000.0	407.548	24.680414	444.4909	191.07278	1345000	-0.05354413	8893.579	-0.010915246	-1269.9102	15.720402	0.07116527	2985.088390111923
269	4540.6475	48.38226	4582.085	4454.8135	1000.0	411.874	15.62593	443.78378	270.76398	1350000	-0.020145532	8295.619	-0.011676587	-703.69775	15.7113905	0.064718485	2995.7224724292755
270	4579.742	75.985825	4684.051	4459.3853	1000.0	410.2162	16.826578	444.0911	278.11685	1355000	0.048260335	8348.739	-0.01062217	-982.708	15.692307	0.08117962	3007.435474872589
271	4570.6147	75.04968	4665.501	4458.154	1000.0	411.11856	16.42867	444.9456	272.84634	1360000	0.00754953	8405.787	-0.013695886	-1136.0093	15.6642065	0.09311367	3018.0613849163055
272	4547.7134	30.5024	4607.0186	4522.0957	1000.0	406.23566	25.083504	442.7604	264.87695	1365000	-0.0071324706	8739.975	-0.01186637	-1318.0786	15.697838	0.12395067	3028.6753709316254
273	4565.125	40.818455	4608.649	4512.597	1000.0	406.70514	21.45795	440.6197	267.67096	1370000	-0.0063588805	8435.982	-0.011544732	-1334.6289	15.759477	0.060489092	3039.3229463100433
274	4502.8296	72.63771	4614.0737	4392.0835	1000.0	409.31366	24.439058	443.68677	262.02582	1375000	-0.06172295	8424.817	-0.010485068	-1207.5015	15.79608	0.083971396	3049.9289622306824
275	4524.2905	47.81089	4604.034	4463.7764	1000.0	403.90704	24.681028	438.26508	110.22314	1380000	-0.013241823	8189.014	-0.010742736	-1308.5806	15.766428	0.09506269	3060.84779548645
276	4559.7476	85.632324	4652.323	4403.8745	1000.0	408.63474	17.43284	439.21155	252.01704	1385000	-0.02583916	8361.852	-0.01446438	-686.501	15.709383	0.08905864	3071.6409397125244
277	4567.18	78.164444	4712.4106	4497.3315	1000.0	409.0248	17.910244	437.8504	239.58437	1390000	-0.02127619	8356.972	-0.01125218	-1185.3335	15.718442	0.08911037	3083.1614229679108
278	4614.118	46.139114	4667.6406	4542.0986	1000.0	408.48264	24.55144	440.39655	228.16924	1395000	0.03858709	8785.012	-0.012693914	-1434.5391	15.779904	0.09197558	3094.1260752677917
279	4572.757	26.015537	4618.672	4544.8438	1000.0	413.8156	22.305653	442.1259	271.32156	1400000	-0.040880416	8427.4375	-0.011904165	-1135.5415	15.712622	0.093829244	3105.0744001865387
280	4575.354	47.558975	4662.414	4535.1514	1000.0	407.3642	26.48717	440.7734	260.44293	1405000	-0.029435787	8483.688	-0.012424577	-1754.8438	15.751075	0.10445278	3117.1988785266876
281	4540.8594	17.998238	4566.72	4515.719	1000.0	408.37576	27.838764	442.77264	260.37457	1410000	-0.1025105	8886.962	-0.011368692	-1610.5532	15.681567	0.07223656	3127.721804380417
282	4544.0537	60.35166	4620.865	4473.1035	1000.0	409.45242	22.128798	440.701	272.8191	1415000	-0.067244254	8288.148	-0.0117524415	-1194.6748	15.734405	0.087681815	3138.1676049232483
283	4569.2124	27.38377	4622.833	4550.5728	1000.0	411.7388	18.469784	439.89297	291.5864	1420000	-0.055419356	8713.98	-0.011599712	-893.9165	15.710156	0.0813725	3148.6214146614075
284	4527.3467	30.545189	4570.049	4474.579	1000.0	402.40826	27.0904	441.01346	152.42096	1425000	-0.027593626	8398.879	-0.011543477	-1532.7446	15.650873	0.056189943	3159.35321187973
285	4557.7627	29.990538	4601.8086	4515.379	1000.0	408.0079	22.973047	441.16302	264.61478	1430000	-0.020153021	8378.143	-0.010573108	-1168.3633	15.652631	0.0850787	3169.9098558425903
286	4580.0	50.916737	4671.328	4533.2827	1000.0	408.17035	23.037848	440.18732	229.42212	1435000	-0.061782166	8882.578	-0.014856145	-1347.1221	15.773427	0.07278137	3180.557896375656
287	4557.4834	78.46961	4685.98	4442.7314	1000.0	408.37506	23.81422	440.63092	249.98755	1440000	-0.05980712	8589.352	-0.010813169	-1444.3262	15.655144	0.05565263	3191.1626341342926
288	4584.8843	57.31861	4663.782	4504.427	1000.0	408.42465	23.559896	439.30484	277.53146	1445000	-0.06995261	8842.455	-0.012692265	-1555.9673	15.61913	0.055854175	3201.9527282714844
289	4573.819	67.01403	4703.624	4510.912	1000.0	411.58765	23.012606	442.12866	270.11957	1450000	-0.017482342	8679.354	-0.012715178	-1221.7573	15.6519575	0.089523636	3212.339211702347
290	4580.796	42.20056	4644.9707	4532.0073	1000.0	405.3822	26.146395	444.0344	253.17911	1455000	0.010401635	8856.8955	-0.013175104	-1458.5098	15.655185	0.06184607	3224.3305842876434
291	4593.5474	77.363556	4719.5557	4482.175	1000.0	412.13324	22.61069	443.50357	260.12323	1460000	-0.051204354	8932.888	-0.013212085	-1315.4092	15.722402	0.06526088	3235.0926847457886
292	4539.5054	10.055387	4549.728	4526.475	1000.0	412.09174	17.844706	444.1006	307.07574	1465000	0.04552585	8414.888	-0.011956744	-974.79346	15.696347	0.07789409	3245.6766238212585
293	4557.9316	42.634598	4613.0005	4499.2188	1000.0	406.46655	23.145332	444.7486	272.29718	1470000	0.028206408	8038.644	-0.014028802	-1131.644	15.723349	0.07088469	3256.3504848480225
294	4505.76	64.655556	4600.576	4408.7744	1000.0	406.5028	25.788338	445.78815	278.25085	1475000	0.08995119	8258.492	-0.010332666	-1658.4316	15.714775	0.091485545	3267.016381263733
295	4535.3174	60.903526	4641.5093	4476.959	1000.0	403.1196	27.465918	439.80603	264.58136	1480000	-0.059140973	8684.33	-0.012438364	-1712.6997	15.730197	0.09212702	3277.9593393802643
296	4545.936	42.1238	4621.689	4492.19	1000.0	409.0341	23.381285	441.31848	279.61044	1485000	0.037105452	8600.493	-0.012932323	-1104.9829	15.724832	0.07675207	3288.5258288383484
297	4560.837	92.72295	4715.476	4463.519	1000.0	407.4109	21.523636	441.8203	236.35114	1490000	0.023826255	8886.369	-0.012295959	-1216.1187	15.761639	0.078231044	3299.326029777527
298	4560.692	61.58905	4633.6714	4470.451	1000.0	407.64407	17.696104	445.42648	294.9411	1495000	0.043704137	8483.396	-0.009906411	-865.5503	15.693236	0.09989714	3309.79065823555
299	4558.419	27.716063	4593.872	4511.7856	1000.0	409.1835	21.601429	444.18613	274.75287	1500000	-0.05645724	8392.716	-0.01135749	-1105.648	15.79358	0.08379865	3320.675356388092
300	4543.5796	55.484886	4616.554	4455.93	1000.0	409.43295	24.557913	446.76083	264.1089	1505000	0.057214264	8309.156	-0.010778144	-1182.4971	15.74251	0.11055305	3332.468049287796
301	4547.661	51.518314	4602.503	4451.119	1000.0	409.90945	20.940401	445.3863	267.32516	1510000	0.0042337584	8403.352	-0.010279315	-820.13086	15.695137	0.10212351	3343.0920493602753
302	4609.926	74.27888	4687.112	4501.8354	1000.0	407.3892	21.471127	443.61627	251.56178	1515000	-0.016627433	8712.799	-0.014970658	-1136.7402	15.646227	0.05779073	3353.806362390518
303	4540.675	46.947723	4616.17	4490.3936	1000.0	415.1908	17.754416	447.0637	277.35623	1520000	0.0571685	8123.6577	-0.0086525865	-873.1362	15.726722	0.08486576	3364.611971139908
304	4521.904	73.640305	4609.811	4421.2446	1000.0	406.61493	23.182665	446.8068	63.76692	1525000	-0.021116894	8811.321	-0.01142234	-1546.9551	15.671556	0.08539701	3375.4529938697815
305	4608.708	103.19241	4770.954	4447.891	1000.0	407.712	18.625238	443.2465	273.7868	1530000	-0.11785556	8360.896	-0.01078812	-919.9365	15.684222	0.079126135	3386.2130002975464
306	4555.3657	37.199543	4595.408	4508.843	1000.0	412.0846	21.780779	445.3777	272.86182	1535000	-0.0027223022	7966.603	-0.01153266	-1876.2476	15.728432	0.08587356	3397.6511318683624
307	4567.0547	32.063675	4619.427	4522.5566	1000.0	416.46384	23.635948	445.59973	268.27554	1540000	0.005495026	8483.515	-0.012880683	-1450.8379	15.689935	0.07175834	3408.436925172806
308	4538.6904	51.87714	4629.9355	4483.2812	1000.0	409.5187	28.168993	444.86688	257.11954	1545000	0.034872316	8676.698	-0.010463135	-1613.9048	15.798723	0.10729141	3419.2941012382507
309	4535.3877	67.79616	4617.863	4411.1836	1000.0	397.65402	44.19309	443.53363	136.51393	1550000	-0.05557569	11142.907	-0.012574367	-3430.0962	15.726293	0.10339342	3430.1432223320007
310	4606.0986	72.64099	4717.79	4503.4565	1000.0	411.51376	11.937491	442.06558	206.90056	1555000	0.0017413788	8566.348	-0.011163348	-512.5718	15.6944685	0.07146719	3442.4419679641724
311	4525.6235	96.85131	4710.7266	4431.037	1000.0	413.7847	13.709181	443.8433	202.9103	1560000	-0.07002629	8094.5977	-0.009995259	-850.4346	15.72373	0.08359084	3453.0267124176025
312	4649.708	52.34394	4700.886	4583.989	1000.0	403.33105	21.875105	441.8621	62.192093	1565000	-0.07142594	8913.526	-0.010490797	-1443.2993	15.730008	0.06747502	3463.6933975219727
313	4567.524	72.8936	4664.9834	4478.061	1000.0	420.05	20.126566	447.25803	199.12971	1570000	0.008545304	8549.304	-0.014281055	-1060.4287	15.728295	0.080508575	3474.4420590400696
314	4593.8906	64.39464	4674.229	4511.8945	1000.0	411.59406	17.103893	444.12677	243.16533	1575000	-0.050957486	8406.189	-0.009191267	-796.4741	15.7368	0.07397513	3485.245365858078
315	4592.459	26.445444	4628.464	4564.646	1000.0	414.2847	17.758404	444.24023	282.476	1580000	0.07903685	8841.655	-0.014782205	-954.93604	15.729135	0.09025948	3495.725180864334
316	4557.368	45.10394	4636.2744	4511.205	1000.0	410.08707	19.669647	444.61264	304.6671	1585000	-0.048640937	8173.53	-0.011533674	-882.41064	15.743265	0.069332816	3506.293196439743
317	4508.053	48.859497	4595.771	4449.343	1000.0	410.8978	18.337708	444.67892	273.833	1590000	-0.045292567	8314.9795	-0.015917901	-1115.3301	15.695293	0.055532984	3517.0094904899597
318	4595.326	11.695224	4616.8096	4583.268	1000.0	405.90155	23.274296	442.09335	295.91397	1595000	-0.045588206	9217.285	-0.010727216	-1350.106	15.722468	0.10548977	3527.7728266716003
319	4617.284	66.37091	4712.283	4517.5312	1000.0	413.7362	12.896837	442.77484	268.4211	1600000	0.03094076	8733.609	-0.014420947	-607.46387	15.648613	0.10182372	3538.459536075592
320	4623.941	96.86197	4767.558	4512.578	1000.0	415.60776	14.741439	444.62903	251.37389	1605000	0.0552996	8951.16	-0.010998879	-762.126	15.665156	0.10561818	3550.82968044281
321	4546.4634	66.97084	4675.454	4485.371	1000.0	413.67822	16.305138	446.82114	322.75607	1610000	0.047099773	7974.9824	-0.009580653	-777.312	15.703847	0.050870195	3561.766088962555
322	4563.1143	71.420815	4704.0757	4517.012	1000.0	409.4614	18.127028	445.20877	245.1046	1615000	-0.02011129	8118.2783	-0.0122413505	-1084.251	15.7677	0.06270041	3572.4866514205933
323	4569.609	56.666157	4663.885	4512.567	1000.0	407.6895	19.493965	446.11658	320.3917	1620000	0.016370129	8520.817	-0.01283543	-1015.12305	15.781847	0.099378526	3583.010972738266
324	4576.823	30.56533	4616.8213	4543.4883	1000.0	412.29456	17.657728	443.9177	282.72714	1625000	-0.07714652	8498.022	-0.009590425	-1104.688	15.695026	0.055057097	3593.6476135253906
325	4558.8037	48.068382	4600.5415	4499.3936	1000.0	410.33035	19.521688	441.35666	257.28067	1630000	0.032701854	8554.267	-0.013619218	-942.54834	15.715194	0.09212669	3604.369746208191
326	4558.7725	45.418148	4616.2812	4495.4673	1000.0	410.4471	18.40455	438.3668	208.70035	1635000	-0.05100577	8554.699	-0.0112593435	-846.853	15.774226	0.12026226	3615.0973768234253
327	4583.251	38.127148	4622.6177	4529.055	1000.0	407.96313	19.737677	438.75937	104.130806	1640000	-0.073062606	8640.574	-0.010171048	-908.3252	15.73727	0.102508426	3625.718024253845
328	4606.57	58.24261	4676.41	4505.9624	1000.0	410.4514	20.118053	441.0623	288.36795	1645000	0.039615642	8552.378	-0.012649475	-1242.2236	15.62287	0.06840582	3636.511043071747
329	4571.7188	59.61423	4659.028	4500.1733	1000.0	414.0967	21.440277	442.46295	261.64508	1650000	0.035333887	8771.381	-0.011352552	-1082.2769	15.656781	0.07613865	3647.565388917923
330	4581.913	96.62797	4685.9985	4426.462	1000.0	405.22916	24.566093	441.1957	244.43486	1655000	0.015601777	9066.869	-0.011814942	-1438.3477	15.710918	0.08357046	3659.946326971054
331	4635.0615	49.00239	4713.5864	4578.8364	1000.0	412.4133	18.854177	440.2909	259.83405	1660000	0.047121704	8661.115	-0.012214098	-843.68506	15.727466	0.073797114	3670.2368133068085
332	4581.7417	83.67702	4689.248	4456.2476	1000.0	417.1138	17.94922	441.03787	294.35916	1665000	-0.01278601	8380.93	-0.01156174	-1069.5186	15.702775	0.06657627	3681.136364221573
333	4619.087	41.898132	4672.465	4547.4927	1000.0	409.20322	20.200626	442.82132	280.42682	1670000	-0.025528131	8789.8545	-0.013634512	-1016.0879	15.693475	0.083269835	3691.9056799411774
334	4603.908	68.55188	4725.458	4530.3345	1000.0	414.31403	19.624514	444.882	254.54483	1675000	-0.011013574	8792.332	-0.014561816	-1051.1318	15.743987	0.07232938	3703.5168023109436
335	4616.953	79.953285	4751.658	4528.1025	1000.0	410.67017	21.373133	446.66333	290.12778	1680000	-0.05146213	9118.401	-0.0125743225	-1009.63965	15.769382	0.07265352	3714.3920710086823
336	4570.1763	45.660572	4654.198	4522.119	1000.0	415.81125	16.969	445.42142	260.91663	1685000	0.089725375	8230.511	-0.013511136	-748.3003	15.638855	0.100935265	3725.4799642562866
337	4593.7188	86.74518	4707.47	4452.4453	1000.0	412.26135	18.668858	444.2697	260.6011	1690000	0.039233148	8760.338	-0.010292383	-1132.6514	15.662388	0.073976845	3736.346331357956
338	4600.31	52.040348	4658.032	4503.866	1000.0	408.44455	20.070118	444.7701	239.2488	1695000	-0.03074137	8421.429	-0.013227863	-1022.46875	15.686095	0.08638852	3746.9942166805267
339	4624.475	67.24623	4746.4517	4549.7314	1000.0	413.0161	20.641352	445.64572	272.94632	1700000	0.0993917	8647.016	-0.012118071	-910.2461	15.744147	0.080530405	3757.5030493736267
340	4628.84	63.417713	4755.0293	4592.1855	1000.0	415.70105	20.330492	446.07816	169.39267	1705000	-0.08747938	8843.127	-0.013017029	-1039.2896	15.691061	0.0715958	3769.7367372512817
341	4638.253	67.17288	4748.963	4582.639	1000.0	414.7906	20.91304	448.5623	316.90976	1710000	-0.0030528961	8776.74	-0.013309425	-957.3291	15.742985	0.066455424	3780.37531375885
342	4580.8916	24.12891	4616.934	4557.1646	1000.0	411.577	19.76232	448.98746	295.19797	1715000	-0.00642757	8719.936	-0.012607345	-827.7539	15.650995	0.08220962	3790.673951625824
343	4593.146	35.14512	4628.072	4528.7866	1000.0	414.30002	18.327578	447.7185	289.08	1720000	-0.0019492188	8641.511	-0.007805297	-841.60205	15.756794	0.117246896	3801.263194322586
344	4613.512	76.74364	4712.011	4522.71	1000.0	413.86865	17.166002	445.68225	299.96887	1725000	-0.008213193	8960.1	-0.010053084	-843.6123	15.627937	0.08603419	3811.942955970764
345	4587.422	77.57498	4722.3115	4504.5444	1000.0	411.7013	16.223694	448.58792	268.39212	1730000	0.019301135	8908.156	-0.011071295	-844.58984	15.703257	0.08467054	3822.714243412018
346	4584.8057	31.98405	4620.439	4526.0522	1000.0	413.26288	15.216901	445.2957	233.4255	1735000	0.04204149	8478.8125	-0.013383124	-606.0571	15.6898	0.08759898	3833.283387899399
347	4549.729	41.86655	4629.3667	4508.9136	1000.0	412.06308	14.793614	447.51633	272.5482	1740000	0.024688363	8233.525	-0.011858514	-854.7095	15.721457	0.06186985	3843.8839728832245
348	4600.7534	89.62986	4730.9395	4497.1133	1000.0	409.52396	20.223614	447.1308	290.9296	1745000	-0.02022909	8872.165	-0.011801429	-1226.8853	15.75	0.093136445	3854.361057281494
349	4544.263	74.02587	4630.9873	4458.4995	1000.0	409.1006	23.345201	449.9871	223.83176	1750000	-0.019499237	8395.04	-0.011705508	-1154.7856	15.729152	0.0829484	3864.954588651657
350	4610.671	76.972534	4709.9565	4512.1777	1000.0	411.5345	19.970535	447.51764	300.95474	1755000	-0.013579846	8762.855	-0.01409353	-1128.6865	15.688584	0.08269441	3877.132260799408
351	4518.3174	52.362057	4609.2183	4460.4463	1000.0	411.65646	21.411444	445.36664	290.14868	1760000	-0.0042417115	8431.413	-0.010326522	-1024.814	15.769832	0.0784754	3888.0321505069733
352	4552.7134	48.252296	4608.5874	4468.579	1000.0	408.57306	15.874189	441.99277	274.58847	1765000	0.03685083	8247.563	-0.01128366	-747.8628	15.694688	0.068155095	3899.1516280174255
353	4606.974	116.000595	4775.379	4465.4854	1000.0	410.69678	16.918653	442.33774	316.5312	1770000	-0.011149536	8350.594	-0.010115187	-948.2993	15.747444	0.084036075	3910.012897491455
354	4558.8687	62.159107	4632.362	4445.194	1000.0	412.0745	19.826998	443.85962	264.3339	1775000	0.025693798	8340.273	-0.013387439	-888.7949	15.711968	0.09383367	3920.3969099521637
355	4575.1655	48.350967	4667.2637	4529.923	1000.0	409.02164	19.544987	443.08374	237.59259	1780000	-0.0739281	8260.219	-0.011347011	-1025.897	15.679872	0.08035324	3930.907074689865
356	4565.1396	66.87406	4684.491	4502.46	1000.0	410.64566	21.543348	442.9661	285.0298	1785000	0.028711338	8753.539	-0.014938019	-997.93604	15.73146	0.1123505	3941.7797379493713
357	4574.9404	44.619953	4630.296	4507.181	1000.0	410.84732	19.208012	439.97098	313.9114	1790000	0.038062837	8301.617	-0.014789168	-948.90283	15.707044	0.08414308	3952.472587823868
358	4594.3066	54.795807	4691.4893	4543.492	1000.0	411.54584	20.61795	440.93353	301.312	1795000	-0.005378589	8653.469	-0.011435745	-994.41455	15.682703	0.04643821	3962.97158575058
359	4550.018	19.363052	4572.219	4519.3833	1000.0	411.21158	18.631336	443.3808	284.3603	1800000	-0.0339165	8183.5024	-0.011706714	-881.62305	15.710056	0.0900221	3973.797430753708
360	4596.048	52.419308	4681.6714	4519.214	1000.0	409.5925	18.705929	439.81268	289.02985	1805000	0.03350783	8945.324	-0.010262171	-1011.1675	15.663647	0.094470255	3985.8825628757477
361	4578.482	48.74156	4663.8916	4526.725	1000.0	411.0084	19.933231	442.47568	314.43353	1810000	-0.008400537	8594.161	-0.014072886	-1026.0059	15.750028	0.06348241	3996.693788051605
362	4557.75	24.726854	4589.3496	4527.817	1000.0	410.22955	17.38602	441.86224	310.64117	1815000	-0.049864743	8251.263	-0.011869602	-760.40967	15.65894	0.0842005	4007.367661714554
363	4585.4277	27.832699	4630.906	4553.05	1000.0	409.69626	18.772673	440.32385	293.52298	1820000	-0.025149772	8515.714	-0.01226951	-860.8994	15.699097	0.074130885	4018.6974976062775
364	4541.947	34.1163	4584.5103	4490.494	1000.0	412.42636	19.466566	440.14648	306.7125	1825000	-0.04340196	8326.738	-0.009648267	-1032.7983	15.748833	0.10076936	4029.673443555832
365	4583.338	56.179718	4658.857	4503.9844	1000.0	409.55826	19.603765	437.10626	270.8396	1830000	-0.027917976	9061.433	-0.012310529	-1210.81	15.679347	0.070616275	4040.946826696396
366	4565.5303	39.199337	4627.496	4521.4033	1000.0	411.3288	19.79029	440.00992	312.03516	1835000	-0.03641744	8240.476	-0.0117078945	-1112.081	15.720606	0.09790848	4052.209140062332
367	4546.9263	64.504585	4614.7607	4438.7817	1000.0	408.3807	21.825432	439.71054	286.36853	1840000	-0.033398163	8428.417	-0.011996295	-947.24756	15.713717	0.09307157	4063.5266349315643
368	4513.081	47.273235	4602.437	4465.1064	1000.0	408.98755	20.068523	437.22864	295.16156	1845000	-0.006344922	8271.516	-0.011403443	-914.4092	15.583434	0.06753926	4074.651378393173
369	4564.232	29.890959	4622.625	4539.592	1000.0	405.85104	18.520437	435.92642	303.7219	1850000	0.08546645	8569.516	-0.014714129	-935.9331	15.677386	0.07388635	4086.25297164917
370	4565.366	15.275747	4581.777	4543.7705	1000.0	412.39816	18.951834	436.30518	304.9292	1855000	-0.07766624	8343.466	-0.009788267	-886.02734	15.6484	0.07052738	4099.06974864006
371	4556.456	70.80084	4661.2065	4441.399	1000.0	409.52426	20.317108	436.42395	307.9407	1860000	-0.071756914	8402.732	-0.01376874	-1011.3291	15.702925	0.044217836	4110.324806690216
372	4577.9224	57.381847	4674.808	4498.721	1000.0	409.74646	19.8476	437.23822	273.51236	1865000	-0.05599943	8808.064	-0.011327822	-1079.8374	15.712159	0.0677721	4121.838035583496
373	4516.341	33.501568	4549.929	4468.1313	1000.0	410.4538	20.67545	440.3775	257.7436	1870000	-0.031005248	8040.7104	-0.012791999	-1219.5112	15.709212	0.06976282	4133.613252162933
374	4594.866	77.61607	4743.469	4520.9194	1000.0	405.9551	23.290981	437.9078	159.64717	1875000	0.04982645	8635.848	-0.012593344	-1253.4644	15.687497	0.10119724	4145.554154872894
375	4574.4727	17.505238	4600.0903	4549.5645	1000.0	410.5581	20.987833	442.9596	214.55212	1880000	0.07273863	8529.987	-0.014436934	-978.4961	15.710323	0.091476694	4157.9794273376465
376	4580.948	34.38535	4613.4434	4527.4053	1000.0	411.78973	20.871416	441.9697	289.38754	1885000	-0.028353445	8794.872	-0.014005337	-1099.7529	15.717977	0.071269706	4170.43709397316
377	4560.082	43.098988	4617.3135	4490.897	1000.0	411.08264	21.515402	439.7722	282.7747	1890000	0.06023214	8323.265	-0.009550706	-961.6904	15.642481	0.050972722	4182.901103258133
378	4599.2607	41.925766	4654.7974	4527.122	1000.0	409.4866	20.86987	438.53894	295.3756	1895000	-0.03806516	8458.528	-0.015627801	-1092.2686	15.771457	0.1110514	4195.6979637146
379	4581.4824	22.747135	4599.0894	4537.507	1000.0	413.22528	20.848022	437.84705	277.3394	1900000	0.03414653	8525.464	-0.012899989	-1126.9199	15.695986	0.09341712	4209.033020496368
380	4532.57	38.866714	4580.147	4478.8643	1000.0	410.1072	21.704933	438.57288	269.4372	1905000	-0.07017556	8563.675	-0.012850784	-1132.8965	15.6338215	0.08472432	4224.788834095001
381	4600.5566	23.927021	4641.969	4575.7583	1000.0	408.54474	20.046778	437.48676	281.76804	1910000	0.017400458	8594.146	-0.011880759	-953.47217	15.683403	0.087080106	4238.567114114761
382	4606.3384	59.12003	4718.486	4556.839	1000.0	407.07266	23.672075	438.70157	272.65402	1915000	0.019923113	8543.207	-0.012265764	-1146.4614	15.740461	0.0641755	4251.852022647858
383	4577.453	26.28218	4621.412	4547.827	1000.0	416.916	18.386662	437.62454	281.91602	1920000	0.039400104	8381.67	-0.012810636	-963.6045	15.759689	0.07562128	4264.006877422333
384	4581.7637	36.214905	4625.6265	4524.607	1000.0	415.1213	18.534494	434.70676	274.81546	1925000	-0.0035323745	8679.136	-0.011136728	-848.3423	15.738175	0.085526064	4276.762688159943
385	4573.5337	86.61097	4700.325	4462.6567	1000.0	410.98267	17.544607	434.49942	281.4161	1930000	-0.041713215	8924.968	-0.010699157	-791.4541	15.588478	0.09633374	4290.010923624039
386	4538.4414	85.75331	4696.0757	4456.4985	1000.0	410.69684	15.449689	435.44934	308.6611	1935000	0.040406495	8534.839	-0.013177959	-730.2676	15.6561575	0.063316345	4302.819765329361
387	4605.3345	74.547676	4741.4507	4537.6455	1000.0	408.71054	16.078474	433.61075	241.68628	1940000	-0.0012394348	8479.709	-0.010630359	-732.3633	15.695959	0.1028103	4316.041869401932
388	4569.712	43.53909	4647.5117	4525.6353	1000.0	414.80243	16.525133	436.80954	304.0707	1945000	0.017659796	8178.5903	-0.013049817	-802.9575	15.689	0.08546348	4330.193591594696
389	4589.831	75.4642	4700.3276	4478.759	1000.0	409.0425	17.706799	437.17563	237.44968	1950000	-0.044532392	8214.724	-0.011037793	-800.3125	15.658647	0.094010204	4343.7605402469635
390	4608.5615	58.508587	4678.7476	4538.742	1000.0	413.67734	18.549168	439.32767	314.96478	1955000	-0.012104151	8412.772	-0.012517822	-996.58203	15.775003	0.08185221	4359.400691986084
391	4549.363	33.614445	4610.959	4509.6157	1000.0	415.22867	18.99229	440.98413	312.7938	1960000	0.0053136903	8248.285	-0.014360804	-828.3125	15.706862	0.09545233	4372.921744346619
392	4595.669	29.83456	4626.829	4545.03	1000.0	406.45764	20.923536	436.98325	289.62088	1965000	0.052781165	8779.627	-0.011126097	-1060.1343	15.690341	0.06928724	4386.0540997982025
393	4590.023	88.855225	4732.115	4466.361	1000.0	413.52072	19.611938	435.12637	260.7325	1970000	0.044069026	8991.609	-0.0106453	-1022.1343	15.708147	0.08184824	4399.519063949585
394	4545.7266	62.41484	4637.1465	4470.721	1000.0	411.0748	19.110834	436.29254	268.59293	1975000	-0.00638114	8265.241	-0.011616784	-1191.2188	15.600228	0.078399636	4413.528132677078
395	4564.826	68.61914	4663.2603	4461.7686	1000.0	410.45218	20.423887	437.7293	281.50186	1980000	-0.03140371	8598.504	-0.011994924	-1031.6406	15.661598	0.07649481	4427.719214677811
396	4589.3994	25.18386	4611.7725	4543.154	1000.0	407.70383	18.918036	434.74548	280.82645	1985000	-0.03121879	8758.23	-0.008840166	-936.0415	15.619841	0.08896998	4441.603754043579
397	4616.8555	73.57372	4725.6865	4518.7075	1000.0	412.5566	17.786613	434.06326	288.05084	1990000	0.052976813	9005.741	-0.0145072155	-962.97314	15.67135	0.104421936	4454.760576963425
398	4592.4673	64.088356	4717.576	4535.141	1000.0	412.89044	18.65757	436.60922	267.41034	1995000	-0.027244061	8167.4863	-0.01223563	-852.34375	15.716898	0.074565515	4468.107498168945
399	4567.5986	27.780071	4611.3193	4537.15	1000.0	415.4691	15.262238	437.078	297.17316	2000000	0.048184205	8166.576	-0.014279902	-685.0713	15.73333	0.06577661	4481.681480169296
400	4582.514	35.73124	4615.584	4514.194	1000.0	411.069	17.7527	440.074	290.0928	2005000	-0.022605022	8270.915	-0.010003651	-630.95654	15.732575	0.13111147	4497.989053487778
401	4620.0693	41.654007	4681.2686	4555.0776	1000.0	412.05377	17.651272	437.65314	235.48451	2010000	0.01450141	9050.82	-0.011904683	-874.0293	15.6987095	0.093944296	4512.03909778595
402	4572.8965	41.75134	4643.648	4531.0454	1000.0	412.2285	17.590023	438.22363	306.1588	2015000	0.034612283	8382.427	-0.013139728	-747.7739	15.659128	0.08704743	4525.339459180832
403	4564.7466	25.994867	4598.6494	4535.3003	1000.0	414.4809	17.904434	435.3973	207.87674	2020000	0.03914627	8079.7295	-0.013640149	-874.23486	15.630597	0.0961371	4538.979339599609
404	4564.759	45.033306	4634.361	4508.938	1000.0	413.0247	18.715527	434.01993	275.56192	2025000	0.0672981	8629.58	-0.010259964	-770.1968	15.678095	0.07468861	4552.880772590637
405	4584.875	43.809845	4657.8857	4525.698	1000.0	407.73047	20.505743	432.7913	295.1853	2030000	0.020102756	8271.216	-0.011628545	-1029.1743	15.600943	0.06682199	4566.974249362946
406	4561.75	48.637806	4621.391	4505.9365	1000.0	413.37405	19.694206	433.6898	293.2793	2035000	0.001261966	8501.36	-0.010275183	-888.5029	15.668656	0.083241135	4580.816869735718
407	4616.3604	32.721832	4672.208	4578.099	1000.0	409.97623	17.484558	432.71912	310.01038	2040000	0.031715345	8883.065	-0.008803872	-769.37256	15.64669	0.09566017	4594.653400659561
408	4591.0986	39.724426	4635.9067	4527.771	1000.0	415.057	18.902645	437.43262	291.51318	2045000	-0.01069032	8540.856	-0.010144506	-883.271	15.679905	0.07883557	4609.177759647369
409	4582.2705	77.63412	4713.032	4473.6973	1000.0	414.0555	17.740246	434.5011	302.93558	2050000	-0.1450939	8679.405	-0.012089804	-879.1758	15.71232	0.09593638	4623.292288064957
410	4618.468	40.820866	4668.8076	4564.5312	1000.0	412.84326	18.796625	433.83167	99.18352	2055000	0.084043495	8779.608	-0.0113346055	-929.1406	15.594458	0.08302705	4639.736559152603
411	4570.321	29.9243	4615.5244	4530.5703	1000.0	415.032	14.819063	433.01636	293.36414	2060000	0.0219706	8420.125	-0.011931049	-879.76807	15.745528	0.058626063	4653.395400047302
412	4573.288	56.366993	4658.8857	4493.6943	1000.0	407.0945	21.34786	432.11578	233.09926	2065000	-0.023347583	8511.131	-0.00947541	-1185.6719	15.711622	0.11592853	4668.090864181519
413	4572.2	31.586185	4623.3286	4525.6626	1000.0	412.4359	16.84143	430.9464	308.9642	2070000	-0.002071588	8324.539	-0.013607605	-940.0552	15.697381	0.06796104	4682.354751110077
414	4553.9116	68.27307	4619.291	4431.565	1000.0	414.6173	15.9964485	429.53436	281.94598	2075000	0.05070596	8508.166	-0.014025662	-911.0781	15.700206	0.07936853	4695.447165250778
415	4605.5713	51.86831	4700.3413	4554.643	1000.0	404.7907	21.594118	430.7763	259.77994	2080000	-0.019842846	8825.469	-0.010903424	-972.1489	15.733677	0.09470632	4709.176952600479
416	4652.8804	79.54375	4789.1865	4566.778	1000.0	415.3945	14.536135	431.8147	140.2429	2085000	-0.01151921	8694.53	-0.011812087	-748.48047	15.761941	0.08266791	4722.931769609451
417	4539.45	66.60571	4639.841	4466.884	1000.0	416.79306	15.006393	435.7003	259.65634	2090000	0.009072168	8856.476	-0.016565802	-1016.4756	15.743222	0.080189906	4736.067496299744
418	4561.327	26.568039	4584.7964	4515.4644	1000.0	409.2196	14.401316	434.44815	287.97205	2095000	-0.012159668	8385.387	-0.015279699	-1013.8745	15.642916	0.06418808	4749.4791531562805
419	4565.1704	49.82923	4634.881	4511.684	1000.0	404.91006	23.22321	436.11224	225.91011	2100000	-0.05247203	8187.3745	-0.011638325	-1205.4751	15.640664	0.09157269	4763.081096172333
420	4586.1797	48.994473	4642.47	4514.1836	1000.0	408.9479	18.327887	435.57013	244.1882	2105000	0.03634137	8600.914	-0.015160479	-896.2837	15.684162	0.090975046	4779.255930662155
421	4543.189	92.7766	4653.2803	4395.2734	1000.0	410.88245	20.978264	437.8117	-170.02066	2110000	0.04911174	8037.616	-0.012370776	-1022.14404	15.666694	0.11632782	4792.86131811142
422	4594.5156	57.04411	4693.0273	4518.726	1000.0	406.26804	26.52245	437.4576	212.32947	2115000	0.013751781	8871.256	-0.010338023	-1459.1582	15.776612	0.08545752	4806.102678537369
423	4570.225	36.37968	4633.898	4523.3965	1000.0	414.87634	15.941228	441.14178	282.61237	2120000	0.0039871153	8252.48	-0.0104561765	-759.1636	15.76071	0.1126386	4819.299539804459
424	4606.501	12.846652	4627.242	4587.7603	1000.0	409.4422	20.237371	440.48895	271.8165	2125000	0.008597144	9139.762	-0.011866492	-1100.5186	15.652556	0.057585683	4832.480396747589
425	4576.4365	66.40183	4619.5913	4446.1094	1000.0	414.01352	15.1634245	439.55182	266.81418	2130000	-0.022955213	8352.874	-0.013283759	-694.71387	15.638244	0.06785615	4845.556324958801
426	4586.665	89.67822	4690.0996	4461.5796	1000.0	409.83633	17.1043	437.95566	296.65054	2135000	0.089277804	8837.82	-0.016997166	-1028.8062	15.711575	0.10789834	4858.818617105484
427	4545.065	81.0727	4654.96	4416.353	1000.0	413.2979	18.114414	438.3695	298.8039	2140000	0.024152618	8024.4224	-0.009404388	-833.2744	15.65698	0.08740298	4871.89665555954
428	4607.055	42.30585	4677.9526	4553.5083	1000.0	405.4574	22.506884	437.30652	256.13287	2145000	0.051340587	8819.955	-0.009879138	-1198.8369	15.693047	0.08813536	4885.114055633545
429	4584.9854	63.51096	4637.924	4477.0703	1000.0	413.16187	16.501743	439.2408	285.34827	2150000	0.032418195	8250.542	-0.010970002	-753.55615	15.704466	0.07577406	4898.165844202042
430	4566.8047	58.825542	4642.541	4462.9165	1000.0	413.1698	17.234816	440.5162	300.44397	2155000	-0.008976523	8667.414	-0.010666413	-919.0747	15.716288	0.062480696	4913.147371530533
431	4611.2866	9.668952	4623.9233	4595.792	1000.0	403.42285	23.782753	438.97736	284.3601	2160000	0.022887122	9092.864	-0.012926331	-1429.2676	15.615641	0.070529446	4926.275252342224
432	4600.1787	60.78453	4692.0303	4510.1455	1000.0	413.23734	17.629965	441.1035	260.912	2165000	-0.0072144074	8388.225	-0.01159729	-687.36865	15.738533	0.080289096	4939.909339189529
433	4567.0244	58.487232	4660.4844	4516.0815	1000.0	414.37024	17.06348	439.7405	315.88562	2170000	-0.06307806	8269.024	-0.0111772865	-729.2246	15.723505	0.10122669	4953.48216843605
434	4575.921	95.32318	4692.391	4421.0776	1000.0	407.53125	18.18918	438.72437	238.13963	2175000	0.03261503	8335.116	-0.012516584	-1097.4888	15.704025	0.08541901	4966.8161034584045
435	4568.8916	27.159908	4599.946	4534.4194	1000.0	414.03088	14.792815	437.74902	283.1769	2180000	-0.039260063	8549.597	-0.00890943	-581.6958	15.666552	0.091838546	4980.521121025085
436	4611.8467	71.51342	4663.146	4470.332	1000.0	410.1079	17.497334	436.56543	245.08566	2185000	0.046785936	8839.666	-0.013447739	-851.4868	15.638363	0.075793244	4994.126225948334
437	4582.1885	55.915443	4687.038	4539.057	1000.0	415.04535	13.038418	437.61453	297.07376	2190000	-0.03428516	8228.19	-0.011898242	-585.7998	15.691594	0.08417175	5007.671435594559
438	4582.687	58.6016	4692.2573	4515.968	1000.0	408.71902	17.641685	440.2792	303.71005	2195000	-0.05612288	8308.895	-0.012915056	-823.8179	15.638605	0.071373746	5021.872621297836
439	4566.876	21.437603	4604.8604	4542.684	1000.0	410.3161	17.929636	440.00662	263.2904	2200000	0.017935596	8330.105	-0.015290192	-838.83203	15.651947	0.08000239	5035.9532995224
440	4576.282	56.195698	4632.5596	4482.4507	1000.0	410.0084	17.45778	438.51636	298.4652	2205000	0.08787879	8279.608	-0.011480629	-893.44824	15.639305	0.06401821	5051.568240404129
441	4638.8555	61.98758	4736.62	4562.006	1000.0	408.80655	21.55083	438.0726	276.2005	2210000	-0.066596955	8922.389	-0.015340157	-1295.1782	15.690934	0.06130049	5065.374253749847
442	4629.857	41.97875	4679.593	4564.381	1000.0	412.83176	22.469961	441.95953	253.51459	2215000	0.02276292	8491.814	-0.011692925	-1205.0723	15.71925	0.06936287	5078.920735359192
443	4609.6597	64.675896	4686.791	4496.3994	1000.0	414.7157	19.630873	444.07748	277.96094	2220000	-0.0058443453	8714.508	-0.011610294	-851.08057	15.72774	0.08181481	5093.030640363693
444	4605.422	84.60884	4718.485	4471.191	1000.0	414.24274	17.922474	442.6724	286.8473	2225000	0.027164355	8662.972	-0.01027865	-802.9668	15.699197	0.09302372	5106.821191310883
445	4662.538	70.57196	4760.345	4592.9326	1000.0	414.6938	14.932215	444.7129	322.40945	2230000	0.047772	8632.486	-0.0118905045	-676.29297	15.647433	0.08415527	5120.202722072601
446	4570.8584	49.17821	4650.292	4525.2085	1000.0	417.14993	16.68749	445.07455	278.50546	2235000	0.01656145	8561.571	-0.011630115	-817.9463	15.740401	0.10802941	5133.484102010727
447	4499.379	36.589645	4537.055	4441.032	1000.0	410.1718	18.815107	443.92883	316.62845	2240000	-0.0021914947	8540.008	-0.010443665	-1132.8447	15.692697	0.08175914	5146.795783042908
448	4597.5205	75.710884	4708.282	4493.5864	1000.0	403.10406	24.183117	433.34174	235.13715	2245000	-0.016704077	8866.786	-0.009887036	-1224.9492	15.705509	0.08258906	5160.23903465271
449	4563.1396	45.44042	4629.664	4502.6157	1000.0	414.0869	16.578878	440.34387	286.52878	2250000	-0.012872171	8247.166	-0.012694215	-744.8076	15.7167	0.09588447	5173.3262503147125
450	4592.1553	87.81309	4743.8433	4480.7593	1000.0	408.78262	18.105515	437.21796	292.8773	2255000	0.013936365	8650.25	-0.011322687	-842.19727	15.705512	0.07670714	5188.204929828644
451	4559.874	62.407383	4615.522	4475.0947	1000.0	412.02448	16.271095	443.17422	300.63248	2260000	0.04966748	7947.5415	-0.009211134	-743.65967	15.69344	0.07717421	5201.2520270347595
452	4602.6323	85.54455	4760.281	4499.9077	1000.0	409.26944	20.733753	438.67587	290.96298	2265000	0.027806543	8691.972	-0.013717694	-1007.2363	15.629706	0.09284334	5214.270978927612
453	4664.0405	72.29756	4735.6826	4532.281	1000.0	411.66904	20.011684	444.08136	271.87048	2270000	0.030001257	9009.331	-0.011591643	-967.96484	15.692222	0.06537238	5227.44087767601
454	4570.576	59.76592	4676.0195	4493.088	1000.0	417.30194	18.579243	448.36377	290.3702	2275000	0.0055474485	8757.476	-0.011444952	-1009.4429	15.7208	0.083111495	5241.068619251251
455	4621.7783	43.151783	4678.0796	4571.8423	1000.0	411.1332	18.297949	442.9008	303.5914	2280000	-0.019689972	8785.21	-0.011434814	-825.833	15.663685	0.0743874	5254.722747087479
456	4549.665	47.378704	4625.088	4496.372	1000.0	414.1763	16.950354	439.62424	308.33392	2285000	0.012959277	8302.671	-0.009195251	-922.8867	15.728822	0.09311362	5267.796741485596
457	4565.218	55.35402	4630.233	4476.98	1000.0	411.43524	16.66394	428.3152	298.8719	2290000	-0.057570998	8472.898	-0.01242679	-615.5928	15.675891	0.07081563	5281.084992647171
458	4593.542	40.083454	4634.217	4541.2603	1000.0	411.88004	14.589669	425.90884	130.77605	2295000	-0.07255302	8626.158	-0.013941169	-746.9502	15.747207	0.07704047	5294.3301548957825
459	4645.395	74.320244	4744.7183	4551.589	1000.0	410.0921	16.264977	437.29758	271.70828	2300000	-0.011294745	9095.439	-0.015344262	-843.7578	15.7564	0.094865516	5307.534892320633
460	4587.827	58.484863	4683.1577	4499.3423	1000.0	416.55777	14.771797	440.1234	268.84045	2305000	-0.025095277	8148.344	-0.010031041	-571.62354	15.680887	0.07947539	5322.773483037949
461	4576.121	31.033379	4623.7324	4529.195	1000.0	412.09216	15.606707	437.20502	284.99536	2310000	-0.040293574	8464.421	-0.008946169	-800.53906	15.709031	0.08287175	5335.818134307861
462	4582.882	77.26187	4718.9077	4518.477	1000.0	409.87177	16.475107	438.5081	283.3897	2315000	-0.0025515351	8068.5024	-0.013216311	-684.9263	15.6609	0.08448785	5349.019547700882
463	4595.193	72.605484	4729.6445	4539.4897	1000.0	413.05826	15.777121	437.33368	270.41718	2320000	-0.05143435	8969.055	-0.013353493	-725.3135	15.680625	0.07684846	5362.277879953384
464	4602.325	66.15985	4723.9995	4534.9927	1000.0	411.85498	16.103971	441.9168	280.50797	2325000	-0.025043497	8590.315	-0.010802953	-685.84033	15.633372	0.08872794	5375.924743175507
465	4568.5874	34.1439	4623.223	4516.427	1000.0	413.8953	12.299962	442.6298	313.964	2330000	-0.041250333	8286.059	-0.0124238245	-456.76416	15.713231	0.06475113	5388.955644369125
466	4580.5244	48.04509	4669.9517	4532.593	1000.0	410.5137	13.279666	437.13498	292.90747	2335000	0.011715619	8359.559	-0.01051018	-477.81787	15.645441	0.07358585	5402.396852016449
467	4585.455	54.93532	4664.6943	4493.338	1000.0	410.45886	13.173886	440.19702	273.08508	2340000	0.021874756	8319.542	-0.009271713	-621.8916	15.759333	0.0683309	5415.907644748688
468	4618.4077	59.302483	4736.504	4583.7397	1000.0	412.6214	17.876736	445.6712	325.09714	2345000	-0.046360444	8504.706	-0.009953696	-687.36865	15.62635	0.06622987	5428.981915235519
469	4594.3657	40.071144	4649.449	4527.406	1000.0	413.76776	15.764619	444.6255	310.58545	2350000	-0.046567205	8577.779	-0.00883944	-636.98486	15.72351	0.08996542	5441.991644144058
470	4545.6836	30.517063	4587.0396	4498.7305	1000.0	411.57138	15.357226	448.00916	328.32123	2355000	0.053294573	8038.7114	-0.009987328	-674.48096	15.660337	0.06848871	5456.986681222916
471	4594.536	102.49184	4688.987	4399.2256	1000.0	409.53436	16.255795	448.95468	278.64035	2360000	0.08923285	8446.358	-0.009563684	-704.0591	15.755003	0.076764256	5469.890522480011
472	4592.524	58.616753	4673.098	4503.646	1000.0	414.2563	17.81845	452.77875	320.5037	2365000	0.041328058	8503.565	-0.010452395	-976.7744	15.69881	0.072342135	5482.390552282333
473	4611.0996	80.55741	4709.5923	4466.6323	1000.0	411.46674	20.332396	450.09827	283.17865	2370000	-0.004480397	8385.385	-0.012480741	-815.8462	15.710325	0.09388935	5495.1442527771
474	4613.128	79.73109	4764.06	4527.418	1000.0	416.29062	17.950005	454.90256	292.31494	2375000	0.034827013	8881.654	-0.009384276	-741.26074	15.723031	0.09725252	5507.953760385513
475	4566.4873	20.941858	4594.5283	4535.3857	1000.0	413.5721	17.124002	455.7146	317.1591	2380000	-0.05060595	8042.9824	-0.013031531	-604.88477	15.652402	0.08113331	5520.224336385727
476	4649.3076	52.745895	4735.918	4574.371	1000.0	411.92816	13.265247	455.14642	320.54083	2385000	0.014734436	8540.825	-0.010814289	-613.1211	15.711294	0.09515305	5532.3459215164185
477	4568.81	45.631508	4623.9575	4493.0312	1000.0	415.56494	18.890705	458.492	312.0273	2390000	0.051226124	8722.07	-0.010537762	-707.272	15.715781	0.06365553	5544.350472450256
478	4564.12	33.003716	4604.974	4511.1597	1000.0	412.9191	13.651878	454.4051	338.68896	2395000	0.0069550537	8244.802	-0.011603553	-664.4258	15.748054	0.11295464	5556.996632099152
479	4597.9307	20.710297	4616.5723	4558.6567	1000.0	410.3934	16.893835	454.66772	290.0107	2400000	-0.030541785	8036.125	-0.009343304	-1075.7192	15.695291	0.080367245	5569.478816747665
480	4586.349	45.595253	4640.654	4503.908	1000.0	413.8149	19.613096	456.59543	213.67375	2405000	0.014091437	8530.92	-0.010980011	-789.6289	15.725267	0.09071647	5584.760749101639
481	4630.0547	73.29338	4721.304	4499.038	1000.0	413.16022	18.964554	456.7731	306.58386	2410000	0.041163534	9069.504	-0.012255719	-943.6206	15.706097	0.08274222	5597.786018371582
482	4585.5557	31.934143	4630.2217	4549.569	1000.0	416.1555	16.362602	448.973	263.73703	2415000	0.022979286	8499.426	-0.011117011	-698.36035	15.717647	0.08239822	5610.092918395996
483	4617.486	79.00818	4704.9497	4471.782	1000.0	406.6191	27.732782	446.9318	208.55957	2420000	-0.06195863	9250.915	-0.010581125	-1367.9839	15.674278	0.072752535	5621.989895582199
484	4599.5093	44.205692	4656.881	4547.0728	1000.0	415.47607	11.355164	457.0752	321.06113	2425000	-0.013811185	8514.409	-0.010887756	-307.8506	15.6908655	0.059646856	5633.834955453873
485	4595.1416	29.262667	4626.653	4553.621	1000.0	414.83786	13.310757	456.5216	307.6999	2430000	0.046510827	8426.883	-0.009809654	-404.91797	15.663069	0.09422098	5645.753041267395
486	4576.6455	28.18538	4611.7583	4543.414	1000.0	412.1137	10.574682	451.71674	331.38745	2435000	0.041275997	8061.0273	-0.009567294	-378.88232	15.745694	0.059903473	5657.971781492233
487	4607.3994	67.92176	4737.586	4555.5483	1000.0	414.7715	12.63802	453.54016	340.69006	2440000	0.010818336	8481.192	-0.011547467	-379.38184	15.636453	0.06936136	5670.0051600933075
488	4642.3647	41.35131	4719.1777	4602.0386	1000.0	414.0459	13.296238	455.66083	334.8528	2445000	-0.0050382386	8637.237	-0.010810735	-574.68066	15.692199	0.08035689	5681.809601783752
489	4582.015	32.13303	4618.5522	4536.716	1000.0	417.0951	16.932816	458.46915	332.1704	2450000	0.06835007	8191.347	-0.00829979	-679.5928	15.638679	0.064087525	5693.571989536285
490	4624.5225	95.922676	4739.2925	4501.084	1000.0	413.96896	17.301054	457.57053	275.49106	2455000	-0.116956495	8954.051	-0.012956537	-739.3457	15.730349	0.072552994	5707.67364025116
491	4545.109	36.24288	4598.9014	4499.9976	1000.0	412.4218	18.568825	458.73618	319.36194	2460000	0.03484897	8152.04	-0.015452277	-725.65674	15.665361	0.08551381	5719.702264547348
492	4581.989	43.277496	4656.3496	4537.685	1000.0	410.06256	17.08166	455.5077	296.9411	2465000	0.09482987	8216.767	-0.009979688	-964.21875	15.733703	0.054187734	5731.618011236191
493	4565.872	34.965614	4615.224	4530.6826	1000.0	410.76862	16.432768	446.4635	279.73254	2470000	-0.006467419	8137.6943	-0.01521438	-689.8584	15.691844	0.111994006	5743.440865755081
494	4608.9863	71.44116	4735.2095	4524.4204	1000.0	410.23843	16.85604	451.64706	306.86435	2475000	0.113161705	8693.803	-0.011348724	-812.2637	15.693589	0.09753364	5755.1550261974335
495	4601.7344	86.6306	4742.247	4479.7163	1000.0	414.9142	16.964346	458.58603	259.5642	2480000	0.124176756	8533.105	-0.010738999	-803.01904	15.732481	0.067918554	5767.260430574417
496	4605.9155	55.70786	4685.6733	4544.283	1000.0	413.19803	15.870956	452.6246	305.40833	2485000	0.0014123047	8730.652	-0.01022806	-778.2905	15.703762	0.05970156	5778.811310052872
497	4527.729	50.861572	4581.429	4431.718	1000.0	414.3493	16.651106	459.8153	282.24908	2490000	-0.027872272	7875.9023	-0.008829627	-771.18896	15.771873	0.07950428	5790.524006605148
498	4602.681	24.23596	4627.787	4559.744	1000.0	407.39307	17.428705	455.4643	300.64786	2495000	-9.124756e-06	8631.53	-0.011183993	-734.5366	15.770475	0.05907907	5802.289240121841
499	4572.126	55.86199	4649.803	4502.736	1000.0	415.05252	13.20274	451.5756	336.54736	2500000	-0.024506757	8463.147	-0.010926725	-592.8491	15.663784	0.079232834	5816.010318517685
