Epoch	AverageEpRet	StdEpRet	MaxEpRet	MinEpRet	AverageTestEpRet	StdTestEpRet	MaxTestEpRet	MinTestEpRet	EpLen	TestEpLen	TotalEnvInteracts	AverageQVals	StdQVals	MaxQVals	MinQVals	LossPi	LossQ	Time
1	-346.3139	30.531727	-301.4901	-387.07468	-1933.9117	1143.2521	-51.397507	-2811.053	1000.0	704.8	5000	10.91656	10.223835	71.548836	-5.106784	-12.781719	1.3745687	33.756590604782104
2	-377.31924	39.19958	-320.42807	-437.5073	-637.0841	888.13165	-40.44859	-3058.621	1000.0	208.1	10000	82.22708	38.290756	223.94461	18.770908	-88.925026	10.907486	56.21401882171631
3	-1774.3224	1092.4402	-44.541462	-2665.602	-2892.3875	45.40498	-2830.0266	-2964.6826	698.3333	1000.0	15000	194.45476	13.895553	289.366	110.88571	-199.62883	27.692787	86.66809701919556
4	-2495.6108	99.30826	-2363.1306	-2632.5825	-2285.712	79.51645	-2164.9685	-2433.1213	1000.0	1000.0	20000	194.25679	10.766955	254.23927	21.948318	-196.31575	14.569208	119.56641387939453
5	-969.4627	803.8716	46.311737	-2218.1108	188.69328	167.17842	366.16614	-194.79521	1000.0	1000.0	25000	157.47824	11.401434	214.98448	-4.7796807	-159.04115	6.3739734	153.26826524734497
6	96.252655	73.402435	164.66039	-41.72428	220.10844	124.747284	402.74	-24.809233	1000.0	1000.0	30000	132.15137	7.108193	201.08002	-13.479996	-133.855	3.9002914	185.8185751438141
7	241.60959	137.17676	371.1433	62.326775	384.43536	115.06638	526.33154	196.70499	1000.0	1000.0	35000	117.281166	5.4020104	185.1826	-32.18457	-118.9369	3.4743953	218.68476271629333
8	258.92197	72.79095	373.7943	175.0686	286.4068	139.12006	519.1073	39.822556	1000.0	1000.0	40000	109.399376	4.9354787	172.5353	-15.039263	-111.0516	3.4602363	252.25122022628784
9	259.56094	99.91992	376.86038	98.49276	374.30695	141.35855	506.50955	69.38867	1000.0	1000.0	45000	105.34296	5.460146	184.83736	-30.143524	-106.9121	3.8320386	286.47127175331116
10	292.65375	119.784	461.1707	129.73303	217.95259	162.08217	430.0797	-73.61784	1000.0	907.5	50000	102.76488	7.2118	204.55246	-28.401299	-104.27622	4.8870764	320.4635715484619
11	52.542683	91.93629	198.1193	-86.75072	-78.62575	258.74707	206.79408	-581.8649	1000.0	1000.0	55000	101.07788	9.649603	214.82886	-26.357304	-102.54406	6.1567545	355.2021882534027
12	-44.53997	141.22043	219.43588	-184.88956	-144.05627	239.69125	214.51018	-589.8578	1000.0	907.6	60000	100.5914	13.547863	245.49544	-31.527857	-102.092964	8.4285145	389.4351816177368
13	-363.40158	372.8973	-35.88129	-1071.4371	-349.53143	127.732574	-168.84277	-599.78046	1000.0	1000.0	65000	101.579834	18.391033	263.62756	-26.830301	-103.1549	10.732182	426.37042450904846
14	-428.35516	151.53636	-206.43938	-672.1647	-640.25165	84.387955	-499.1135	-747.005	1000.0	1000.0	70000	103.60549	23.521515	282.63876	-9.175452	-105.2651	12.648314	464.76498317718506
15	-616.2699	184.32643	-388.11948	-897.4847	-748.70996	336.8495	-468.2407	-1572.6405	864.5	1000.0	75000	107.28246	30.045155	307.51254	-19.101135	-109.03779	14.737295	504.57349967956543
16	-736.47266	169.6798	-420.77255	-906.7494	-965.64923	184.00954	-543.6884	-1236.1896	1000.0	1000.0	80000	110.48486	34.537025	341.52145	-19.485392	-112.24781	15.747173	544.2160058021545
17	-837.52997	128.44334	-637.1946	-1026.7128	-633.05005	153.52446	-465.66077	-925.87885	1000.0	1000.0	85000	110.91091	38.670654	378.11768	-71.46185	-112.601425	15.383497	584.1875174045563
18	-796.7401	159.82555	-607.47955	-1025.583	-681.9173	331.83987	-13.790867	-1326.9149	1000.0	901.6	90000	109.270966	41.91129	361.97946	-30.574013	-110.95454	17.62248	622.9256484508514
19	-738.1907	316.44904	-59.33133	-950.681	-684.0172	129.47653	-491.84268	-904.97363	839.3333	1000.0	95000	107.548615	44.7752	364.80338	-38.84753	-109.25031	20.118876	663.2949199676514
20	-869.62524	344.13638	-326.14496	-1396.8075	-1005.6842	244.70325	-403.06644	-1413.4535	868.6667	922.7	100000	106.457565	48.20395	377.02475	-33.58369	-108.21856	21.978365	702.718418598175
21	-875.14557	361.1267	-132.81305	-1207.1057	-1495.612	312.7215	-836.48364	-2040.9923	843.6667	1000.0	105000	105.46717	50.413	395.67215	-72.738495	-107.25755	23.357874	744.832596540451
22	-1037.8087	597.7343	-153.24602	-1800.1864	-808.6701	639.9478	-64.11283	-1712.6713	736.8571	548.6	110000	103.66557	51.658333	400.8089	-67.65536	-105.38971	23.691265	780.9734678268433
23	-1303.033	193.14996	-1060.3019	-1629.683	-1330.0701	243.85602	-957.2613	-1796.916	1000.0	1000.0	115000	99.55655	52.527027	402.3569	-55.472836	-101.29555	23.467543	822.170800447464
24	-1227.0719	192.30136	-967.13684	-1492.2716	-1432.0493	75.36208	-1307.8193	-1529.7802	1000.0	1000.0	120000	97.83487	53.5671	435.44772	-80.12806	-99.65086	24.32491	862.4845633506775
25	-1090.935	104.30276	-903.34564	-1203.2573	-2007.1693	758.26086	-1302.1187	-2985.3782	1000.0	1000.0	125000	96.51529	53.9274	426.08182	-163.07722	-98.295334	25.369432	902.9167039394379
26	-1063.0629	469.5097	-70.2304	-1480.5237	-1122.9958	111.12249	-960.0458	-1322.5825	838.8333	1000.0	130000	94.633125	55.023853	432.74698	-65.67711	-96.39615	26.823391	943.5724492073059
27	-1319.7972	194.82605	-1071.8479	-1617.8921	-1290.4929	236.61722	-695.88904	-1566.4553	1000.0	935.9	135000	91.86494	56.62339	468.8012	-137.40213	-93.64489	31.897463	983.7176048755646
28	-1251.9548	190.07379	-1028.1093	-1551.0686	-1230.283	535.5818	-85.85467	-1753.3364	1000.0	818.5	140000	89.49965	58.415173	456.44794	-76.34521	-91.260574	33.138042	1021.6902434825897
29	-1064.0922	601.61957	-105.362946	-1614.8467	-1612.3821	154.636	-1425.9988	-1980.3453	705.6667	1000.0	145000	87.8348	62.026752	492.06363	-70.73173	-89.692825	36.45689	1060.866925239563
30	-1387.3304	506.67352	-361.59903	-2052.2112	-1651.8265	158.6226	-1444.273	-1966.2831	864.0	1000.0	150000	87.18163	63.900482	486.01895	-125.330154	-89.03032	39.461365	1102.4495544433594
31	-1592.0935	103.23286	-1446.0383	-1740.897	-1452.9512	86.79967	-1362.6948	-1656.6344	1000.0	1000.0	155000	84.8611	64.28103	480.4362	-113.36978	-86.635185	40.4196	1143.0665538311005
32	-1535.0046	206.144	-1324.869	-1919.8052	-1323.8566	613.8731	-56.58454	-1793.6658	1000.0	811.5	160000	80.62365	63.457386	489.86493	-135.08177	-82.32711	38.212734	1181.2612915039062
33	-1056.2578	726.439	-51.469376	-1778.4572	-1904.8596	205.05344	-1704.3125	-2388.1028	646.625	1000.0	165000	75.65995	61.119946	469.34003	-105.97771	-77.30552	35.030937	1223.1210222244263
34	-1695.9225	111.94961	-1554.7893	-1843.2174	-1581.4327	796.9177	-56.522907	-2618.07	1000.0	815.0	170000	69.34214	59.904892	471.23007	-68.29994	-70.79499	34.045403	1260.7717747688293
35	-1842.9369	310.1698	-1585.7488	-2440.7556	-1694.5621	88.92808	-1523.8795	-1799.9596	1000.0	1000.0	175000	61.678604	58.925163	465.96	-57.93688	-63.14421	34.285934	1301.7034146785736
36	-1362.8228	585.0374	-59.45653	-1727.9283	-1380.6157	681.3885	-37.743584	-1945.0483	839.8333	804.0	180000	54.831017	57.03336	417.14566	-78.67453	-56.23284	31.87557	1340.4800670146942
37	-1497.1614	110.853485	-1325.7848	-1651.2161	-1633.8262	574.3398	-78.09541	-2419.3933	1000.0	903.5	185000	48.51066	54.005333	435.89456	-79.08438	-49.857395	29.821257	1380.7161717414856
38	-1182.1549	697.81934	-78.383255	-1673.5762	-1455.729	624.68256	-39.601574	-1918.6525	729.7143	825.3	190000	42.16687	50.488758	389.23508	-90.14638	-43.44515	27.487846	1419.855978012085
39	-1662.9252	154.32138	-1476.709	-1911.527	-1866.5234	184.72017	-1489.7104	-2108.1914	1000.0	1000.0	195000	35.36048	47.95013	338.38083	-133.60007	-36.58251	25.019924	1461.546215057373
40	-1450.2059	648.438	-47.88536	-1957.3436	-1613.9961	409.9718	-941.1317	-2537.571	836.6667	1000.0	200000	28.973545	44.27626	303.01773	-155.10918	-30.127695	22.080463	1503.2995624542236
41	-1640.8445	418.8568	-1165.7771	-2241.924	-1692.0791	394.17902	-1173.1882	-2479.1824	1000.0	1000.0	205000	21.992138	39.48527	247.25963	-149.76361	-23.11634	17.029783	1544.7092645168304
42	-1268.5065	165.92444	-1021.27045	-1431.9462	-1157.0283	153.66869	-930.32935	-1376.3239	1000.0	1000.0	210000	16.653412	35.31503	235.06116	-88.294235	-17.759712	15.377166	1585.9837763309479
43	-1217.2214	115.13142	-1060.0343	-1401.3809	-1439.9115	457.00266	-668.6105	-2586.7764	1000.0	1000.0	215000	12.233487	30.566769	196.04076	-91.93562	-13.338178	12.825088	1626.9677844047546
44	-873.6952	162.14291	-685.49207	-1088.582	-575.5807	205.19498	-73.35919	-877.58203	1000.0	903.4	220000	9.364765	26.91846	189.83531	-104.31916	-10.494653	10.687356	1666.7356147766113
45	-699.32996	199.34311	-350.89346	-899.60925	-392.4648	180.90086	-43.50488	-699.34546	1000.0	914.6	225000	8.601899	23.526901	175.62193	-99.433716	-9.780894	9.889206	1707.7704076766968
46	-507.43927	179.1331	-191.38086	-719.24817	-432.58798	114.57127	-292.75842	-680.8248	1000.0	1000.0	230000	10.277386	19.958498	165.02373	-80.213165	-11.54992	8.538152	1749.1191017627716
47	-499.34555	220.08298	-139.42265	-764.20154	-324.32114	132.71855	-100.118645	-555.84607	1000.0	1000.0	235000	13.273781	15.975949	169.88335	-93.45271	-14.584844	6.9183455	1790.342190027237
48	-171.55759	38.4378	-137.50398	-243.34494	-272.15683	290.7864	0.32450578	-827.81854	1000.0	908.6	240000	17.398178	12.688051	159.56833	-44.559834	-18.786394	5.8231506	1829.8916721343994
49	-114.355515	195.05249	76.915306	-428.38922	-209.6054	368.06107	110.45575	-948.68567	1000.0	1000.0	245000	22.29502	10.651976	143.69559	-46.88489	-23.713423	5.277617	1871.1727335453033
50	-304.1452	212.537	-94.86592	-625.9623	-194.44998	242.07071	-21.354284	-775.2541	1000.0	1000.0	250000	27.913385	9.597067	144.25339	-64.67057	-29.399694	5.1808743	1912.9288392066956
51	-710.2624	452.57477	-100.223434	-1207.2219	-1209.4017	897.62286	234.18317	-2032.899	1000.0	1000.0	255000	33.969532	8.973404	138.1134	-51.098495	-35.51257	4.3250256	1954.1244821548462
52	-362.96274	579.89075	181.21355	-1193.4	-481.72446	485.25122	160.61923	-1046.9946	1000.0	1000.0	260000	40.713882	9.937657	124.05019	-67.56167	-42.364105	4.0050244	1996.6476566791534
53	49.663532	85.09134	188.02528	-44.47815	5.209329	242.45241	300.9087	-544.02234	1000.0	1000.0	265000	48.58731	12.333587	150.82541	-31.239338	-50.295155	3.9364696	2038.0661787986755
54	-209.24503	324.80447	277.78162	-575.1581	-388.91632	508.88364	297.26825	-1192.4735	1000.0	1000.0	270000	55.937595	15.029096	126.97404	-29.010769	-57.695637	4.057807	2080.1570007801056
55	-109.184364	313.60715	258.3916	-493.97165	-34.354134	153.98419	218.57475	-283.08386	1000.0	1000.0	275000	63.06167	17.422733	126.974815	-30.9365	-64.86628	4.351516	2122.172508239746
56	195.9844	65.82466	288.86212	94.32113	119.98566	249.87961	512.3112	-361.89188	1000.0	1000.0	280000	70.01803	19.0996	132.32188	-24.186558	-71.85201	4.4393516	2162.46289563179
57	184.15158	113.38596	307.29416	37.513332	-55.15188	430.41718	533.2796	-825.97815	1000.0	1000.0	285000	76.534	19.390903	144.30486	-24.256226	-78.402695	4.415965	2202.1623373031616
58	104.590576	312.68814	385.70023	-491.84296	283.45273	89.07784	417.59955	105.23466	1000.0	1000.0	290000	82.6798	19.711742	148.40872	-35.13222	-84.58063	4.5345774	2241.665456056595
59	182.05118	165.355	452.00186	-62.841373	233.38205	269.49326	560.4399	-333.678	1000.0	1000.0	295000	88.00418	19.933956	157.81987	-64.88636	-89.89766	4.306527	2281.3949365615845
60	193.55093	256.4619	466.9474	-204.65553	-323.71423	356.71152	727.3336	-501.73907	1000.0	1000.0	300000	92.71932	19.92965	171.92876	-48.7247	-94.59729	4.4332414	2322.161981344223
61	-90.34338	271.96933	177.03113	-591.8599	-42.246265	276.30566	452.24652	-425.9513	1000.0	1000.0	305000	96.086945	20.188223	187.80968	-33.25648	-97.95871	4.619762	2361.9097356796265
62	335.29388	290.18008	562.21014	-227.58733	335.4863	400.09027	699.58954	-449.839	1000.0	1000.0	310000	98.344185	21.23354	192.97383	-33.27918	-100.18375	4.644858	2401.6326944828033
63	294.23312	283.66254	576.64124	-160.748	359.43707	347.0227	624.3294	-620.85815	1000.0	1000.0	315000	100.82013	21.445145	188.41846	-39.370518	-102.64811	4.5375986	2441.9450047016144
64	370.12347	73.0003	447.98538	273.40924	248.30928	208.33466	519.02997	-47.24018	1000.0	1000.0	320000	102.18119	21.603792	208.19693	-58.55751	-103.95963	4.5771537	2482.3432977199554
65	-61.359394	334.08823	248.58115	-635.2614	239.28818	218.26797	460.2191	-135.18222	1000.0	1000.0	325000	102.833176	21.717098	191.58943	-14.110473	-104.60134	4.606064	2522.1843705177307
66	225.4585	128.61932	369.19592	15.559385	378.2504	109.49054	561.3026	234.74536	1000.0	1000.0	330000	103.82023	21.137817	213.03203	-23.14918	-105.596275	4.933096	2562.647238969803
67	360.33823	69.89301	447.26566	262.79926	301.94647	169.32884	534.9706	-55.60055	1000.0	1000.0	335000	104.3705	20.24815	201.02036	-39.797977	-106.1112	4.743053	2602.9228694438934
68	201.83897	239.16252	418.3989	-255.93681	376.7117	174.99887	618.6578	50.713234	1000.0	1000.0	340000	104.48182	18.814253	204.26085	-56.984222	-106.20702	4.425953	2644.1482326984406
69	200.73357	223.55772	493.3358	-142.42325	-181.32837	195.96602	245.37766	-362.91983	1000.0	1000.0	345000	104.053406	18.245562	209.77856	-38.648827	-105.7491	4.325753	2684.942655801773
70	-52.467175	265.8505	220.66917	-441.40903	163.95863	110.90273	318.5544	-18.133223	1000.0	1000.0	350000	104.019554	18.001804	219.81303	-90.53286	-105.73052	4.582635	2725.4834911823273
71	192.43542	136.98009	364.01465	-19.497778	364.99033	279.53754	693.1057	-210.43228	1000.0	1000.0	355000	104.22035	18.226288	224.75537	-69.24938	-105.90817	4.4042892	2766.2081487178802
72	224.35275	232.09102	441.4907	-151.6023	460.2121	48.458	525.4117	369.04337	1000.0	1000.0	360000	103.52278	18.185692	232.5479	-51.90727	-105.1536	4.2616577	2807.0739929676056
73	341.42767	104.42283	516.3318	221.93669	-216.94785	625.8038	694.3588	-893.3689	1000.0	1000.0	365000	102.82515	18.47921	221.4646	-61.230392	-104.4477	4.1031	2848.2719700336456
74	177.63713	131.98122	377.06857	-17.786436	89.0657	365.17365	551.5152	-603.47754	1000.0	1000.0	370000	101.627914	18.387339	221.15295	-23.264324	-103.223434	4.430386	2888.996011018753
75	301.71533	55.68773	394.92624	238.0493	166.66039	274.50253	436.15665	-615.0887	1000.0	1000.0	375000	101.29264	17.659824	280.23975	-50.598103	-102.91637	5.692192	2931.16059589386
76	163.38919	134.00125	326.98462	-51.06713	-143.94724	370.43787	290.33972	-788.5924	1000.0	1000.0	380000	101.44021	16.453371	295.05228	-68.88816	-103.05666	6.048099	2972.2023751735687
77	-49.082714	284.87396	252.23686	-554.3467	232.80954	219.83292	587.978	-111.961655	1000.0	1000.0	385000	101.704895	15.031299	301.0505	-69.90468	-103.343	6.4457054	3013.5327475070953
78	12.272962	220.22209	296.1181	-280.18	26.197647	399.08832	479.55365	-632.01984	1000.0	909.5	390000	101.623924	13.288422	283.3124	-88.59045	-103.19275	5.5448174	3053.3105087280273
79	398.28473	77.04989	521.917	296.03845	351.68762	98.448425	484.358	203.09514	1000.0	1000.0	395000	100.580154	12.077104	253.02571	-60.539257	-102.113625	4.0712314	3093.642122745514
80	163.43668	74.218315	268.35107	40.255283	62.752953	402.97864	351.9133	-756.67554	1000.0	1000.0	400000	99.621864	12.013715	216.7407	-82.75463	-101.17314	3.6290042	3135.123480319977
81	108.843796	121.751915	235.4863	-95.64755	106.35338	185.38417	299.35513	-379.47702	1000.0	1000.0	405000	99.21658	12.218893	222.06863	-64.001274	-100.75079	3.4613414	3175.5718665122986
82	140.95258	82.21707	238.11328	17.34542	229.97139	44.25002	323.8696	180.07697	1000.0	1000.0	410000	98.74972	12.4242	259.5626	-33.234962	-100.27427	3.7296484	3216.3494651317596
83	94.23683	103.794685	230.70009	-30.507612	351.09717	116.59118	508.04813	77.2714	1000.0	1000.0	415000	98.08971	12.992725	258.9515	-53.799736	-99.58978	3.8142426	3258.2542521953583
84	212.23286	258.9193	579.5341	-179.58699	199.45328	164.95454	459.85388	-7.7375317	1000.0	1000.0	420000	97.48544	13.114174	256.7193	-44.248898	-98.98804	4.088686	3299.9908480644226
85	270.9648	245.10054	619.52484	-82.76814	-612.5318	466.6175	249.69902	-1024.2725	1000.0	1000.0	425000	97.27589	12.985039	269.09674	-70.79328	-98.76312	3.6614492	3340.9947259426117
86	95.66709	198.75287	290.9225	-167.11891	129.13919	340.62497	461.2007	-338.62018	1000.0	1000.0	430000	97.02338	12.8970585	274.22922	-58.469418	-98.49549	3.729193	3382.591084718704
87	224.49055	192.91331	382.321	-86.578476	415.58276	194.91306	657.62427	37.854794	1000.0	1000.0	435000	96.64647	13.382227	262.87753	-61.652042	-98.1125	3.4138625	3424.5317571163177
88	237.17178	108.989784	399.61835	92.48477	476.39062	74.343506	627.60114	350.18912	1000.0	1000.0	440000	96.615326	13.879073	261.06406	-23.886047	-98.07434	3.5182972	3466.2362098693848
89	304.79	143.8973	526.332	143.69963	-215.33505	335.64667	525.9086	-447.4318	1000.0	1000.0	445000	96.59009	14.134316	215.80595	-85.88201	-98.04391	3.3185906	3507.4679043293
90	302.96698	210.72559	651.848	67.75104	185.0322	164.37332	326.9078	-246.12471	1000.0	1000.0	450000	96.56163	13.969671	240.92955	-43.57383	-98.0054	3.4305804	3550.5028369426727
91	308.31485	84.18774	405.23587	199.97514	176.22964	231.44122	547.8585	-271.07	1000.0	904.1	455000	96.53171	13.692991	253.60696	-52.94266	-97.96002	3.4376688	3591.429913043976
92	243.76889	175.27554	408.15405	-71.89774	-79.20623	414.34418	388.61816	-771.0119	1000.0	910.1	460000	96.388565	13.104215	247.32736	-40.445312	-97.80939	3.4506242	3631.643570423126
93	-40.003822	211.3819	189.92482	-431.59946	308.255	170.14151	518.36017	-15.953098	1000.0	1000.0	465000	96.15541	12.660001	267.95532	-49.908592	-97.55285	3.6684437	3673.479906797409
94	87.06766	102.541	194.1712	-58.875282	271.4121	193.38019	481.6387	-80.40007	1000.0	1000.0	470000	95.84776	12.301729	325.6317	-21.203312	-97.25582	3.7041965	3715.0244631767273
95	48.794567	179.27397	269.31775	-115.542206	49.415707	180.03986	371.822	-155.49007	1000.0	1000.0	475000	95.66895	12.186735	296.34238	-30.047203	-97.06599	3.0569654	3756.7980139255524
96	170.02249	186.97691	498.29065	-65.58525	30.156391	356.23413	486.58392	-447.81567	1000.0	1000.0	480000	95.58426	12.5853195	262.88654	-42.91497	-96.99849	3.1873922	3798.323366165161
97	154.25156	215.05489	339.0035	-237.6161	226.00815	348.94165	619.2121	-709.515	1000.0	1000.0	485000	95.72461	13.077039	351.3753	-23.922134	-97.124	3.8720605	3839.9841141700745
98	327.98398	132.23146	430.27454	69.71512	13.150177	398.80762	419.45038	-644.0375	1000.0	917.2	490000	96.160225	12.818468	337.91205	-47.38774	-97.5833	4.226922	3881.7391226291656
99	220.63315	247.4097	651.0538	-35.84392	148.7835	338.55283	437.40594	-793.0109	1000.0	1000.0	495000	96.626076	12.496823	316.32944	-20.26567	-98.012535	3.824565	3923.645094871521
100	127.62117	126.20348	301.3778	-61.375916	192.35445	77.44371	371.4302	77.55172	1000.0	1000.0	500000	96.26703	12.06652	275.1507	-30.03658	-97.63399	3.3129663	3965.5443387031555
101	95.70451	85.972786	176.26248	-49.329704	334.29697	151.382	528.35535	147.09738	1000.0	1000.0	505000	95.58892	11.814444	295.5539	-26.238937	-96.93544	3.1579154	4007.635867357254
102	332.20612	188.59872	462.06018	-35.361385	362.02435	102.23378	515.10126	237.01746	1000.0	1000.0	510000	95.19372	11.410406	348.30847	-74.30571	-96.54755	3.7814453	4049.8929393291473
103	188.87576	100.82235	365.42776	53.077183	-65.330765	181.69339	295.64453	-249.48154	1000.0	1000.0	515000	94.93375	10.907193	372.69922	-36.87233	-96.2687	3.4968052	4092.2909622192383
104	297.61172	195.64183	604.4334	36.628456	51.361443	105.066864	238.41187	-98.51615	1000.0	1000.0	520000	94.27923	10.373593	335.29126	-34.845444	-95.58952	2.9484751	4134.306755781174
105	273.52704	133.44731	449.29877	99.67265	192.03804	280.76996	684.85706	-158.51778	1000.0	1000.0	525000	93.16355	10.298398	335.9644	-25.885778	-94.43195	2.7273695	4177.281241893768
106	105.33905	98.16391	276.7347	-18.718174	131.74643	141.04103	290.6466	-96.211945	1000.0	1000.0	530000	92.226616	10.096764	216.38586	-46.8238	-93.489235	2.4234138	4219.223999261856
107	62.53712	155.71909	320.73752	-163.67804	224.80449	130.85143	373.61917	-101.77278	1000.0	1000.0	535000	90.83669	9.853993	229.9597	-31.541817	-92.06976	2.2830272	4261.672171115875
108	83.748795	131.58142	278.2724	-133.81471	-17.018736	113.17537	119.46265	-268.8635	1000.0	1000.0	540000	89.70451	9.579369	242.65889	-66.98513	-90.94151	2.342358	4303.773486852646
109	160.17429	69.40418	274.48328	56.461205	-304.17822	86.16606	-174.13551	-390.08157	1000.0	1000.0	545000	89.00379	9.854228	193.94012	-19.678274	-90.24723	2.1702547	4345.868989467621
110	54.175728	168.26282	212.73798	-215.1257	116.11339	114.30426	294.00262	-24.714655	1000.0	1000.0	550000	88.61946	10.079562	199.20874	-24.280584	-89.875626	2.1505413	4388.8307518959045
111	130.82751	162.8433	415.60257	-72.579124	231.39189	247.85431	760.8231	7.6304116	1000.0	1000.0	555000	88.70257	10.137629	151.94922	-31.156637	-89.96223	2.154369	4431.321920156479
112	246.66255	142.41171	472.9044	75.54372	128.36455	258.96008	636.57416	-186.1077	1000.0	1000.0	560000	89.50679	10.615245	164.44235	-47.901497	-90.83367	2.32855	4473.601823806763
113	311.36212	254.14688	549.3139	-175.99673	-90.6613	118.89609	119.262344	-234.30583	1000.0	1000.0	565000	91.7136	11.381443	138.84685	-33.95442	-93.08258	2.3065908	4517.519403219223
114	236.09909	167.63686	441.75464	-53.863476	392.84332	98.22643	574.9094	235.65005	1000.0	1000.0	570000	94.538345	11.955745	137.21933	-21.78564	-95.936066	2.2943723	4562.5277531147
115	155.20532	222.73648	486.4168	-181.99573	302.66882	119.16686	539.1804	198.82155	1000.0	1000.0	575000	97.25716	12.814263	154.85776	-24.498873	-98.6813	2.5522878	4608.519540309906
116	341.8981	182.1472	619.79065	102.69402	63.535107	182.08237	354.56027	-164.18024	1000.0	1000.0	580000	100.16937	13.783023	146.65921	-24.816132	-101.61744	2.831343	4657.851108551025
117	57.25937	240.243	348.6984	-374.27237	336.31476	314.23975	766.381	-201.30466	1000.0	1000.0	585000	102.58253	14.507493	152.81822	-31.337994	-103.9999	2.8274004	4708.245466709137
118	260.00574	259.39603	508.73898	-170.78789	574.6635	69.837555	676.9753	413.92038	844.5	1000.0	590000	104.10869	15.289195	154.42328	-20.076435	-105.530495	3.0370278	4759.924471378326
119	320.7693	196.61389	552.91016	4.41215	586.8977	207.97278	845.3495	233.07086	1000.0	1000.0	595000	105.63662	15.513007	153.73207	-61.33079	-107.050026	2.8958964	4813.332820892334
120	325.53412	202.15112	471.7753	-62.567047	268.91153	369.99734	665.6445	-628.60626	1000.0	1000.0	600000	106.85659	15.512653	149.71417	-24.86356	-108.26747	2.9477003	4866.201967954636
121	382.74606	272.0607	619.65875	-148.51299	527.4504	115.42891	774.61707	335.16678	1000.0	1000.0	605000	107.70105	15.413258	148.12366	-126.12409	-109.09575	2.9053085	4921.113025665283
122	398.1015	143.07507	523.06964	127.175476	569.61237	211.33347	809.8343	168.60815	1000.0	1000.0	610000	108.22598	15.455871	155.59181	-29.776258	-109.631	2.9057066	4975.883866548538
123	453.52167	67.80896	572.9003	371.4995	460.9168	30.525497	542.43933	433.73483	1000.0	1000.0	615000	109.015015	14.872924	156.27602	-36.89379	-110.4152	2.7323809	5029.226243019104
124	359.5103	83.31218	449.22348	247.09258	412.83554	99.503395	485.87732	137.5061	1000.0	1000.0	620000	109.93958	14.3036785	155.02655	-22.01487	-111.371	2.7382472	5083.873112201691
125	378.34857	95.59606	521.6538	261.49146	346.13885	115.012566	517.36456	188.61418	1000.0	1000.0	625000	111.00529	13.710052	170.73952	-64.4232	-112.41815	2.6475391	5139.531823635101
126	486.36963	135.12874	687.5274	349.27487	421.89413	38.84003	487.47275	343.9197	1000.0	1000.0	630000	111.5523	13.317131	157.21442	-50.665802	-112.961975	2.520063	5192.665742635727
127	419.33813	102.45817	558.52563	241.1103	436.33002	43.06477	509.8722	371.02176	1000.0	1000.0	635000	112.15681	12.652821	156.33392	-53.184784	-113.571075	2.3331294	5247.320647478104
128	396.85394	67.71856	463.52213	307.19534	238.32076	48.828144	300.9288	145.94081	1000.0	1000.0	640000	112.5181	12.240861	156.27487	-34.42325	-113.90945	2.264433	5299.488954544067
129	390.03452	63.348835	466.51187	289.36874	286.06012	172.29803	440.56042	-150.09924	1000.0	1000.0	645000	112.39315	11.936572	169.03061	-53.55101	-113.77461	2.5112035	5352.921558856964
130	380.0544	62.083042	464.55746	273.7657	464.32657	45.91855	535.27734	395.4262	1000.0	1000.0	650000	112.31016	11.517174	156.66605	-16.619534	-113.672325	2.286544	5406.088505029678
131	378.37103	97.196014	508.20258	230.84879	266.48523	105.61086	489.88208	168.64886	1000.0	1000.0	655000	111.967026	11.4175415	160.31148	-35.97263	-113.323425	2.2022407	5458.615403413773
132	454.1657	107.45528	618.3907	336.96295	550.65546	32.88117	619.5839	494.47516	1000.0	1000.0	660000	111.59928	11.22753	158.5839	-43.07194	-112.947876	2.2202168	5512.875527858734
133	401.40927	37.166256	461.55978	357.4332	467.06665	18.343424	487.18475	432.12555	1000.0	1000.0	665000	111.27756	10.965963	157.97623	-65.13471	-112.610565	2.1978827	5566.304062128067
134	509.26718	87.6684	640.9645	408.13614	589.23315	150.22578	778.6961	360.09512	1000.0	1000.0	670000	110.791466	10.886449	150.88571	-42.349754	-112.12091	2.0655642	5620.063946962357
135	497.46054	103.354416	628.3349	337.64597	500.0833	44.54396	598.2302	459.12216	1000.0	1000.0	675000	110.99932	10.55074	152.01085	-48.958485	-112.35011	2.149654	5673.191001653671
136	544.09576	144.62135	753.42816	340.2927	596.502	194.74649	931.5669	250.29008	1000.0	1000.0	680000	111.0885	10.333953	164.95088	-67.61242	-112.415726	1.9639672	5726.707740306854
137	503.91595	91.04681	633.43384	416.4654	661.9012	52.595554	753.64343	593.1398	1000.0	1000.0	685000	111.21555	10.234851	159.36314	-24.877775	-112.545334	2.0959659	5779.831600427628
138	491.625	149.24574	599.5256	195.46175	642.4065	69.45342	739.72626	473.89948	1000.0	1000.0	690000	111.409584	10.139591	149.07344	-27.578884	-112.74777	2.0436158	5832.3075251579285
139	495.98886	16.197348	524.00635	480.3719	499.5882	159.38823	767.70056	256.56705	1000.0	1000.0	695000	111.573296	10.074027	148.31519	-61.68676	-112.88725	2.0415876	5885.61025094986
140	487.10468	33.101948	539.9494	438.78705	445.20883	84.241264	624.64545	307.56848	1000.0	1000.0	700000	111.91168	9.864677	156.3082	-56.37473	-113.24605	1.919046	5937.518767118454
141	396.27454	180.05812	563.4143	86.30041	671.8639	130.50226	838.7602	446.8989	1000.0	1000.0	705000	112.14931	9.761558	152.56824	-51.869125	-113.47565	1.9567761	5988.700839042664
142	399.73248	123.70126	582.82434	232.46867	353.05923	135.62129	680.602	236.1806	1000.0	1000.0	710000	112.327675	9.7065525	150.94774	-45.551365	-113.64121	1.8769621	6038.825534105301
143	403.3696	85.52922	482.45105	259.5809	661.63495	108.32733	787.99243	434.9402	1000.0	1000.0	715000	112.453316	9.914842	153.36319	-47.99492	-113.77315	1.9277066	6090.780179262161
144	440.06146	118.8965	605.4148	263.24548	564.4707	92.7236	667.38605	341.10165	1000.0	1000.0	720000	112.86927	9.754301	153.77469	-44.877815	-114.1952	1.9362882	6140.359975576401
145	483.29126	102.78749	619.4855	320.5406	322.58258	126.71587	539.7962	105.41013	1000.0	1000.0	725000	112.98156	9.818663	164.01828	-51.903	-114.29031	1.911809	6189.1834971904755
146	448.97006	101.84997	616.33234	319.73608	544.18353	69.02456	670.2023	456.975	1000.0	1000.0	730000	113.04064	9.700774	157.48247	-74.06687	-114.3484	1.928117	6237.4340987205505
147	488.53305	68.74025	565.3397	369.5803	516.0694	111.7056	620.76166	351.05594	1000.0	1000.0	735000	113.09572	9.59404	151.76959	-68.28354	-114.4014	1.8487692	6285.8359811306
148	441.18677	58.721634	521.74567	364.76108	446.44336	103.05491	685.8293	294.11102	1000.0	1000.0	740000	113.1649	9.5784445	164.07753	-34.288498	-114.46168	1.8820688	6333.249092102051
149	399.7293	92.28019	468.52264	216.76587	397.72443	219.72607	682.4348	78.07673	1000.0	1000.0	745000	113.207214	9.842754	151.03378	-63.35585	-114.514275	1.9998896	6378.783235788345
150	487.51202	61.345818	597.8148	412.77203	438.13794	64.942406	531.09357	271.6159	1000.0	1000.0	750000	113.66149	9.981305	157.67226	-47.386013	-114.974724	1.9005176	6422.917727470398
151	521.4716	43.530216	585.41034	473.1623	578.3591	62.2477	660.58124	440.46216	1000.0	1000.0	755000	113.85542	9.807508	153.6745	-54.267906	-115.13978	1.8061051	6466.779139041901
152	534.1869	83.68677	678.3275	461.02783	550.4889	120.655136	760.81506	305.1438	1000.0	1000.0	760000	113.84289	9.013625	153.30237	-91.34351	-115.12614	1.8323951	6510.6985540390015
153	489.62222	55.82451	558.9485	409.012	698.9107	90.41456	839.2195	494.14938	1000.0	1000.0	765000	113.475945	8.333767	159.00201	-78.96682	-114.73265	1.6877621	6554.015065431595
154	500.4273	127.06633	738.44147	402.84476	609.5431	50.909443	688.7117	492.551	1000.0	1000.0	770000	113.082016	7.8834925	153.30693	-41.733406	-114.34246	1.7425469	6597.561533689499
155	499.05225	65.29619	601.96704	436.15405	632.572	33.9395	698.95605	576.4826	1000.0	1000.0	775000	112.99777	7.4537015	156.29195	-73.43373	-114.268684	1.732893	6641.311931371689
156	496.0669	55.797997	568.6101	441.79437	550.61273	114.90821	757.68713	328.7965	1000.0	1000.0	780000	112.84995	7.0084667	152.58493	-31.64977	-114.10745	1.6628513	6684.325871706009
157	489.22675	66.50819	586.1624	407.8398	592.43085	74.89507	682.01807	397.41293	1000.0	1000.0	785000	112.66571	6.5846887	151.50157	-81.570305	-113.9165	1.6285682	6726.199846744537
158	510.74942	61.34728	594.9172	439.22598	303.99945	69.940994	423.14758	207.74203	1000.0	1000.0	790000	112.30222	6.4604053	154.86868	-22.88141	-113.529816	1.6407275	6768.252606391907
159	487.69547	76.481186	603.7654	364.0734	450.8233	78.73292	583.0386	330.60208	1000.0	1000.0	795000	111.77144	6.3509502	149.59656	-105.66261	-113.01015	1.6776121	6810.959926366806
160	503.03174	62.59403	608.89575	415.1446	381.9592	78.966896	586.7156	294.1657	1000.0	1000.0	800000	111.82314	5.96666	151.89128	-88.29975	-113.05477	1.6469426	6853.571673631668
161	441.41376	57.073254	490.16052	334.29648	543.48883	27.405901	597.752	488.6023	1000.0	1000.0	805000	111.40714	5.9490824	153.31772	-46.840755	-112.62235	1.5805154	6896.222316503525
162	482.9017	46.981266	551.0963	422.7794	545.73193	95.642784	630.8159	357.45694	1000.0	1000.0	810000	110.98294	6.013084	156.08897	-29.373278	-112.178024	1.6968713	6938.550426244736
163	439.01562	100.62821	549.46466	307.20584	485.94766	171.04242	779.041	248.172	1000.0	1000.0	815000	110.0649	6.1408367	155.24455	-63.71158	-111.24342	1.5598158	6981.738129377365
164	507.02597	53.340706	577.08746	414.87408	513.63257	76.92422	661.02966	413.78003	1000.0	1000.0	820000	109.38997	6.2006736	150.23274	-34.237144	-110.56086	1.6252571	7024.239233493805
165	449.63556	48.069664	490.24948	383.76117	499.96655	155.05556	690.31384	106.88124	1000.0	915.4	825000	108.653854	6.367234	152.12894	-54.589077	-109.81905	1.629576	7065.499432325363
166	465.32062	60.55834	570.2239	395.5406	504.81647	110.88825	670.2286	326.46573	1000.0	1000.0	830000	108.34207	6.5160594	151.2907	-43.283966	-109.51257	1.5517426	7108.6047151088715
167	449.57602	107.28721	592.41223	300.3267	449.58453	46.721832	495.82114	333.47104	1000.0	1000.0	835000	107.677505	6.6792765	146.71666	-44.54713	-108.82303	1.6192936	7151.281706571579
168	451.09717	81.544266	563.5475	326.40356	486.97427	101.97726	672.2941	319.97873	1000.0	1000.0	840000	106.912	6.804877	145.39078	-34.66987	-108.03325	1.62855	7194.290047645569
169	453.2124	67.206535	553.3357	355.56882	449.49057	125.27616	644.45734	241.6477	1000.0	1000.0	845000	105.92261	6.909809	146.24234	-43.961372	-107.0411	1.6053736	7237.585100650787
170	502.98712	95.582596	660.75903	407.3604	507.29776	211.0018	797.54126	142.9808	1000.0	1000.0	850000	105.557335	6.933045	148.8326	-27.52733	-106.69336	1.6234285	7281.346257209778
171	481.6662	72.7772	568.1676	389.1576	430.1502	235.34435	686.215	15.393506	1000.0	814.1	855000	105.34429	6.811018	151.72641	-23.320736	-106.47974	1.6430098	7321.588108539581
172	536.6321	106.91406	647.8344	332.73126	498.18768	233.49594	891.8874	130.54787	1000.0	1000.0	860000	105.23831	6.738817	144.39392	-19.276455	-106.37015	1.6626298	7363.73371553421
173	430.78625	202.0211	603.8179	0.8010553	601.19415	210.38396	862.6533	20.631899	839.3333	905.0	865000	105.20857	6.5903525	150.96123	-45.206043	-106.34247	1.6877615	7405.621148109436
174	593.41736	78.221535	650.9208	441.65247	597.1018	203.04517	763.5921	22.852423	1000.0	907.6	870000	105.589584	6.19887	152.53593	-32.00548	-106.75047	1.5628592	7447.1129784584045
175	586.9073	117.94509	713.4884	392.48553	634.3909	108.109314	773.71124	486.64203	1000.0	1000.0	875000	106.39518	5.871602	146.43013	-38.582375	-107.555374	1.527125	7489.945642948151
176	433.4791	66.3189	539.2525	332.47354	548.92786	132.02019	700.9744	239.94533	1000.0	932.7	880000	107.25517	5.5299845	147.90118	-112.40236	-108.43468	1.5329887	7531.810515880585
177	597.2287	67.62997	701.32446	512.12524	666.6781	169.2432	885.14355	341.76422	1000.0	1000.0	885000	107.971725	5.104892	148.29826	-58.493305	-109.13815	1.4873525	7575.62632727623
178	574.7926	65.99527	667.9317	494.66626	600.8624	147.68974	873.70636	279.26102	1000.0	1000.0	890000	108.55801	4.839693	150.65126	-56.507137	-109.7409	1.5204375	7618.566881418228
179	596.46893	99.89982	753.60693	487.7894	518.77454	138.47078	664.6252	255.78532	1000.0	1000.0	895000	109.96965	4.582194	151.21321	-31.920605	-111.19647	1.4849728	7661.926611661911
180	497.4857	128.2113	690.151	333.77362	598.1702	138.03812	789.9968	304.39075	1000.0	1000.0	900000	111.30113	4.248009	156.09528	-46.087524	-112.50818	1.5078559	7704.798105955124
181	535.0582	105.81985	700.4777	405.83264	753.35095	53.78551	840.64545	639.29175	1000.0	1000.0	905000	112.07995	4.1437926	159.20483	-29.21688	-113.29032	1.4898244	7747.782350301743
182	593.0091	108.11843	702.40063	416.0594	591.73376	94.068695	764.33997	466.8396	1000.0	1000.0	910000	112.69915	4.1486483	153.5013	-70.998985	-113.89356	1.447471	7790.443252325058
183	551.0744	30.25163	589.2415	503.54797	612.01056	188.33641	751.47095	73.35822	1000.0	907.9	915000	112.97092	4.162048	158.00961	-35.99024	-114.1588	1.4536797	7832.279352903366
184	562.74805	56.560406	666.35565	504.24786	514.1375	154.23453	758.8041	186.98138	1000.0	1000.0	920000	113.23428	4.2370143	156.10005	-59.928238	-114.41463	1.4775517	7875.6936140060425
185	625.70184	109.22249	755.7016	425.74042	733.40594	129.95682	869.09296	475.58	1000.0	1000.0	925000	112.98678	4.2790413	167.39069	-15.7880535	-114.14446	1.4986645	7919.505434513092
186	537.78186	192.89178	743.99365	170.21916	492.60947	73.31778	590.3432	317.60153	870.1667	1000.0	930000	112.62571	4.439105	158.51013	-47.566902	-113.780045	1.5448613	7963.203942537308
187	466.87827	137.15729	601.8174	208.87384	647.85815	105.56133	807.79614	479.70367	864.2	1000.0	935000	112.5811	4.6030774	168.60303	-34.94677	-113.74815	1.656221	8004.024621248245
188	559.0211	99.06898	708.27454	446.80402	596.70105	134.0872	725.0904	300.02744	1000.0	1000.0	940000	112.298584	4.6683846	163.51033	-14.955399	-113.4282	1.5479004	8047.487241744995
189	667.23724	67.55749	750.33014	579.8589	640.638	127.392815	834.3835	426.095	1000.0	1000.0	945000	111.53992	4.841981	154.23196	-42.769974	-112.65991	1.6666082	8090.9306128025055
190	560.86914	137.3043	763.45404	413.53943	446.0214	54.175774	513.1278	343.87186	1000.0	1000.0	950000	110.90414	4.938708	164.11952	-38.37432	-112.01927	1.5518978	8134.16616153717
191	604.6852	105.054825	761.94257	439.21213	656.97864	103.325584	793.94275	464.80878	1000.0	1000.0	955000	110.47393	5.0907	156.25511	-28.856228	-111.59463	1.6493067	8177.802483558655
192	695.1564	172.17021	854.2122	401.89258	792.18915	108.56427	924.9149	509.25803	1000.0	1000.0	960000	110.21629	5.1715145	151.85518	-33.502087	-111.335464	1.6246396	8221.864203453064
193	594.3936	134.22224	796.00146	440.16464	427.66074	203.35883	684.9436	73.0947	1000.0	1000.0	965000	110.3274	5.3455215	165.80807	-61.508064	-111.46057	1.6752201	8265.274050474167
194	532.5881	106.29018	686.1526	405.132	492.6255	75.687416	695.69324	405.29828	1000.0	1000.0	970000	110.54412	5.4308805	151.67438	-18.219728	-111.68356	1.62289	8308.767844676971
195	559.82776	64.10659	612.7988	434.99182	548.79315	161.98357	708.16205	235.55045	1000.0	1000.0	975000	111.03541	5.4745502	151.841	-40.633327	-112.18225	1.6528758	8352.74566245079
196	597.6651	135.93817	812.3116	396.23798	655.4318	132.24048	844.2654	484.7088	1000.0	1000.0	980000	111.577286	5.4742303	154.07686	-32.101223	-112.73125	1.6038806	8396.629569768906
197	534.3859	35.432846	590.5011	480.1862	549.61536	99.883514	732.10345	442.22113	1000.0	1000.0	985000	112.18093	5.6462793	158.02248	-54.78148	-113.34425	1.6025269	8440.429586410522
198	466.9699	96.33617	630.7668	356.72412	661.62744	121.149284	823.78656	397.22995	1000.0	1000.0	990000	112.83575	5.8325987	164.6177	-58.700462	-113.9918	1.6750143	8483.935274124146
199	572.0419	61.220062	660.43945	486.1143	497.95273	139.43375	715.67194	157.51807	1000.0	1000.0	995000	113.1118	5.9378796	155.77628	-87.302666	-114.25337	1.7231684	8528.176329612732
200	496.36996	59.621338	604.6116	424.0005	577.4872	119.6976	741.7552	416.14838	1000.0	1000.0	1000000	113.52565	6.11301	159.14632	-52.867893	-114.67914	1.7809067	8572.362344026566
201	555.29065	96.84822	656.4148	396.18588	635.46985	141.92017	812.56555	400.88254	1000.0	1000.0	1005000	113.87738	6.082785	154.4778	-83.170135	-115.0238	1.8594141	8616.175606489182
202	576.92914	51.77129	646.04443	510.82593	790.2772	173.91875	1105.1338	492.06064	1000.0	1000.0	1010000	114.22543	6.229712	163.95288	-29.829754	-115.37198	1.8329625	8659.89547085762
203	503.42206	129.15651	627.0252	258.2947	644.9348	107.396645	846.38336	400.2103	1000.0	1000.0	1015000	113.94607	6.307056	156.32104	-43.08196	-115.048225	1.7378612	8703.178729057312
204	535.5391	161.93039	736.0064	329.2891	524.7231	190.1264	781.78815	267.92786	1000.0	1000.0	1020000	113.41054	6.585082	155.54485	-31.332016	-114.50135	1.7307453	8746.813797473907
205	574.999	80.35432	675.6345	453.00308	687.63184	138.83965	865.3847	476.7594	1000.0	1000.0	1025000	112.92951	6.9357104	156.89389	-27.822111	-113.99575	1.7446972	8790.73422908783
206	618.74225	136.94456	839.1505	457.8665	649.7803	171.71935	898.48694	343.96405	1000.0	1000.0	1030000	112.589645	7.342861	156.21455	-15.974096	-113.66152	1.66855	8835.289056062698
207	701.62524	98.84307	891.9707	613.3657	608.56915	112.10005	751.8586	361.96057	1000.0	1000.0	1035000	112.11859	7.680966	153.92564	-84.73697	-113.18195	1.7875016	8879.056718826294
208	522.53253	54.839405	610.1766	459.1388	725.35974	194.0559	955.4909	279.78455	1000.0	1000.0	1040000	111.944275	7.9172754	155.37761	-41.12729	-113.01347	1.7651098	8923.122678995132
209	547.88464	214.66582	925.7729	354.7162	683.5319	150.60587	904.6417	362.2232	1000.0	1000.0	1045000	112.01408	8.0560255	154.6478	-52.01916	-113.09322	1.7522572	8967.631716489792
210	588.63617	191.23807	909.0481	339.49515	461.625	143.7668	744.04517	331.70325	1000.0	1000.0	1050000	112.13879	8.366758	155.34778	-30.190992	-113.2184	1.8280789	9011.591225624084
211	489.36142	131.95464	675.6579	326.22308	511.00098	125.58537	742.4402	245.76743	1000.0	1000.0	1055000	112.42541	8.772418	156.55344	-30.922153	-113.50255	1.8514297	9055.99000287056
212	453.10327	73.93955	560.6102	358.3169	482.75397	125.85064	740.24927	327.76154	1000.0	1000.0	1060000	112.28282	8.996132	157.37589	-27.693138	-113.34765	1.7389016	9101.101436376572
213	608.75543	138.43852	809.49445	392.57547	642.0193	175.66072	852.0746	372.01404	1000.0	1000.0	1065000	112.001045	9.125387	156.45467	-9.0109	-113.05377	1.8842711	9146.076924085617
214	656.67664	159.15076	894.6075	459.63452	720.70593	102.35933	852.6893	547.1512	1000.0	1000.0	1070000	111.74791	9.433495	156.41606	-91.04923	-112.79135	1.9280418	9190.041645765305
215	615.77264	55.25352	671.4174	509.53262	678.9062	184.5589	973.1751	426.20352	1000.0	1000.0	1075000	111.44014	9.906362	158.20456	-28.226158	-112.47185	2.009391	9234.567464351654
216	488.9979	66.04563	612.799	429.24368	556.41345	143.48172	830.0337	398.18628	1000.0	1000.0	1080000	111.179146	10.309068	158.48503	-37.745068	-112.22472	1.9143553	9279.290678977966
217	577.2835	190.35345	934.8673	400.09372	641.00793	146.25894	910.8197	380.51596	1000.0	1000.0	1085000	111.15858	10.908743	159.7993	-31.239435	-112.17599	1.9831729	9323.54370212555
218	581.9948	146.61974	831.5369	385.11688	581.6864	123.83894	723.50854	393.1596	1000.0	1000.0	1090000	111.046	11.315172	159.86328	-19.428637	-112.078224	2.0657663	9368.247166395187
219	503.41205	110.30114	682.6112	362.89163	579.28253	78.18455	686.8001	409.07666	1000.0	1000.0	1095000	111.00152	11.903627	161.88474	-23.807125	-112.008575	2.133509	9414.098233938217
220	561.6457	130.13548	728.21857	402.84326	576.8699	84.43021	695.83575	451.5633	1000.0	1000.0	1100000	110.76208	12.356119	162.18552	-37.336163	-111.76298	2.2365983	9459.913162469864
221	514.5292	79.94427	607.09894	405.3986	677.9007	193.77122	1125.8545	344.44336	1000.0	1000.0	1105000	110.60482	12.847283	164.85374	-16.265387	-111.60462	2.1966739	9504.261514902115
222	498.85596	68.25888	627.3423	443.88556	507.95825	69.59947	636.97437	370.0806	1000.0	1000.0	1110000	110.62108	13.537133	165.92216	-25.258137	-111.61523	2.2780564	9548.595262289047
223	612.35913	176.15488	925.8344	424.98138	487.4164	101.589485	633.456	337.84534	1000.0	1000.0	1115000	110.74905	14.302305	166.65967	-26.164202	-111.75129	2.475781	9593.862039804459
224	587.20667	218.42577	984.4733	367.32224	806.2443	179.1686	992.0377	494.31375	1000.0	1000.0	1120000	110.96492	15.140993	168.40274	-29.750408	-111.94353	2.464286	9638.236905097961
225	606.5112	98.43313	737.2914	445.16733	659.7073	221.01228	1035.6444	315.80664	1000.0	1000.0	1125000	110.86462	15.358263	167.7705	-23.943281	-111.84332	2.5403008	9682.931754350662
226	465.92368	140.2991	728.2837	313.7204	740.1495	214.65732	1122.9261	421.63577	1000.0	1000.0	1130000	111.11055	15.397368	166.96379	-34.869934	-112.09869	2.4595046	9727.570895671844
227	633.7651	263.0419	1032.4596	254.92708	694.6338	141.27777	1010.24164	421.66388	1000.0	1000.0	1135000	111.32117	15.478957	167.62018	-26.517422	-112.28427	2.466373	9773.19563984871
228	549.5258	148.4161	840.87787	427.92264	1266.8883	94.55805	1391.7822	1055.6462	1000.0	1000.0	1140000	111.276855	15.564909	167.41525	-11.849201	-112.21528	2.418732	9818.154361248016
229	755.59216	202.22821	1130.441	562.7613	295.9271	42.80015	373.253	230.74677	1000.0	1000.0	1145000	111.02073	15.549585	167.55731	-15.42362	-111.951416	2.409406	9863.460726976395
230	688.8583	229.7101	976.92	320.0065	992.896	128.77657	1140.4038	663.4808	1000.0	1000.0	1150000	111.07295	15.5837	167.64206	-1.8987451	-111.99818	2.5623581	9907.588643074036
231	688.7688	169.1269	961.5358	470.1357	938.9588	246.9292	1188.2827	525.03296	1000.0	1000.0	1155000	111.09162	15.635349	169.28386	3.7281952	-112.0041	2.6010652	9952.652828931808
232	634.12146	193.64917	866.07605	296.33994	673.9277	188.79662	945.37177	330.07718	1000.0	1000.0	1160000	111.352806	15.782999	168.82062	-21.887728	-112.27532	2.5190456	9997.746447324753
233	835.5701	287.47458	1231.3756	429.8532	869.6102	158.14958	1030.8817	485.16653	1000.0	1000.0	1165000	111.9223	16.462387	170.41565	22.133469	-112.84161	2.6391356	10041.60594701767
234	918.1112	45.73252	985.0673	859.68146	931.9256	248.83081	1145.4507	207.91489	1000.0	1000.0	1170000	112.309425	17.388233	175.21051	-20.338745	-113.20919	2.8956287	10085.797804117203
235	727.9972	292.40915	1252.6453	379.2224	784.3674	279.96106	1166.7523	352.26773	1000.0	1000.0	1175000	112.727905	18.355265	173.75151	-24.921553	-113.634125	2.9178958	10129.697575330734
236	653.99396	162.5079	921.00116	427.91946	1161.0201	186.32336	1294.4127	621.7798	1000.0	1000.0	1180000	113.280685	19.217037	176.88016	8.162928	-114.17189	3.1399899	10173.05209493637
237	998.9406	160.25806	1201.0432	787.50867	776.64343	279.67456	1306.9258	389.64038	1000.0	1000.0	1185000	113.5175	19.85362	175.96608	27.902712	-114.39795	3.173703	10214.634520053864
238	951.3711	206.97823	1214.0325	660.7695	1352.873	243.21124	1531.8732	646.02374	1000.0	1000.0	1190000	114.12925	20.841246	176.65392	-13.956031	-115.0132	3.2452242	10254.640838861465
239	705.9803	284.59183	1225.351	368.6031	1253.8135	379.81686	1531.3706	367.73944	1000.0	1000.0	1195000	114.731544	21.695927	178.12987	8.676786	-115.62496	3.601979	10294.523996591568
240	979.80536	331.32126	1324.8356	431.3598	797.47156	78.89338	887.75586	626.07135	1000.0	1000.0	1200000	115.54433	22.558735	181.31075	40.621227	-116.42004	3.4167738	10333.816135168076
241	735.50305	239.92012	1135.0171	427.2813	1155.429	364.10306	1464.9221	288.86826	1000.0	1000.0	1205000	116.13763	23.68311	181.56578	36.62341	-116.99375	3.529144	10373.771139144897
242	822.26843	290.3788	1208.0286	334.30887	641.9981	166.51761	792.8486	233.77492	1000.0	1000.0	1210000	116.23723	25.194914	184.32956	38.089123	-117.0856	3.4466567	10413.106580018997
243	748.6906	276.3897	1149.1927	455.39557	817.39014	251.5031	1162.0052	439.57455	1000.0	1000.0	1215000	116.48518	26.570372	186.79027	40.58634	-117.333	3.5435843	10452.205669164658
244	520.8307	231.33595	846.34985	296.81326	559.47363	443.04446	1413.8588	44.998028	1000.0	1000.0	1220000	116.80544	27.388165	187.71777	2.273703	-117.64922	3.5798516	10491.96939611435
245	535.0377	200.13043	856.3194	278.55554	862.454	373.52808	1258.6958	170.0491	1000.0	1000.0	1225000	116.52164	27.947018	186.75636	33.830418	-117.33195	3.686791	10531.652784585953
246	587.8364	378.11325	1086.2101	18.966635	743.80725	238.17809	1337.7485	487.4253	1000.0	1000.0	1230000	116.55486	29.32408	191.25131	37.934776	-117.40764	3.888246	10572.209892749786
247	366.9349	261.40286	857.85046	130.81706	407.4188	275.3925	958.198	103.301	1000.0	1000.0	1235000	117.10043	30.80577	193.19127	45.98573	-117.93078	4.066565	10612.23026561737
248	554.8285	328.38757	1188.3765	304.09235	538.6613	379.4452	972.2636	-103.94772	1000.0	1000.0	1240000	117.16914	31.820501	197.87425	42.8591	-118.00249	4.1879334	10651.719429969788
249	545.9613	225.49765	805.84076	218.86694	628.9209	243.22264	930.3799	34.721687	1000.0	1000.0	1245000	117.90703	33.17252	196.45467	40.460915	-118.7702	4.331465	10691.214505672455
250	265.09442	204.21211	626.2627	14.374189	278.52765	169.02284	497.1658	28.841064	1000.0	1000.0	1250000	118.39276	34.554615	197.44118	43.557926	-119.228035	4.4116383	10731.561307191849
251	317.55795	264.5707	692.0346	12.256159	239.94763	139.152	496.00775	75.89713	1000.0	1000.0	1255000	118.0846	35.044357	197.84418	50.493362	-118.90255	4.4133577	10770.982643127441
252	156.83221	157.72163	406.48196	-31.944391	435.0633	163.73271	633.81256	225.41324	1000.0	1000.0	1260000	117.398285	35.209946	197.82747	51.69124	-118.20506	4.4589224	10811.284041881561
253	349.60016	353.0764	792.1059	-241.52553	326.56573	250.87532	837.1342	-132.70586	1000.0	1000.0	1265000	116.9013	35.51777	197.79555	50.89274	-117.693825	4.577441	10850.910063266754
254	85.91361	98.734604	188.43489	-35.882854	385.18323	296.7	764.30634	-235.48868	1000.0	1000.0	1270000	116.709114	36.009224	197.16829	43.43266	-117.529526	4.4539084	10891.330770015717
255	209.49048	349.08344	653.8007	-168.75713	608.55804	301.2232	864.0608	-274.63315	1000.0	1000.0	1275000	116.85942	36.015358	196.36526	32.449417	-117.64327	4.6249413	10930.585966587067
256	278.78687	257.5755	727.0623	-38.646297	345.35422	540.3765	931.5555	-556.4731	1000.0	1000.0	1280000	116.389175	35.48719	195.62685	21.879063	-117.20943	4.7835455	10970.420323848724
257	-17.370148	210.37788	303.56363	-250.28087	-24.400337	165.24335	260.07968	-256.04422	1000.0	1000.0	1285000	117.41203	35.49259	198.25807	22.655476	-118.27719	4.7448425	11011.746490716934
258	-26.150106	181.99977	186.89192	-343.07385	8.833522	331.86908	590.8167	-414.24158	1000.0	1000.0	1290000	118.85767	35.483875	199.33499	38.6307	-119.75354	4.825799	11051.657175064087
259	316.80356	457.70297	879.8108	-224.35307	160.02802	227.31018	521.79065	-332.63272	1000.0	1000.0	1295000	120.00163	35.920753	201.33173	13.498023	-120.857315	4.835153	11091.824229001999
260	356.83487	363.36462	894.88995	-143.63899	771.2283	505.70734	1175.5721	-160.05518	1000.0	1000.0	1300000	120.24375	36.185814	202.99619	19.260263	-121.0869	4.7539897	11131.223274230957
261	639.4468	335.6224	1050.659	157.67627	790.3193	173.95042	1072.468	444.24414	1000.0	1000.0	1305000	120.25679	35.585983	199.40443	13.364082	-121.09676	5.0040665	11171.409535884857
262	314.27368	168.4692	531.0983	12.319875	481.4142	286.64813	835.68225	-98.27385	1000.0	1000.0	1310000	119.70362	35.658493	199.27504	20.175213	-120.522964	4.7582765	11211.780156612396
263	275.6989	191.3101	613.18365	76.53693	270.4332	273.63773	731.647	-136.08559	1000.0	1000.0	1315000	119.314766	35.551796	199.10716	8.725246	-120.12531	4.942675	11252.221285581589
264	375.6791	117.17145	510.37305	211.59496	533.70764	248.53233	804.4809	72.99426	1000.0	1000.0	1320000	119.32084	35.288326	198.62593	13.237179	-120.1807	5.0425434	11292.235990047455
265	24.58166	237.36328	435.53116	-273.43234	636.77057	254.53514	815.1637	-45.333645	1000.0	1000.0	1325000	119.633095	35.303898	196.11763	18.73737	-120.4753	4.6846485	11331.863135814667
266	229.10022	352.47833	854.1488	-182.18762	476.2841	235.75406	870.5067	169.58646	1000.0	1000.0	1330000	119.24717	34.81311	196.80806	4.740209	-120.03139	4.758389	11372.505647420883
267	-22.562286	279.53024	321.73727	-420.33557	656.8141	660.7825	1183.3573	-479.92804	1000.0	1000.0	1335000	118.77247	35.29185	196.8059	10.396404	-119.60265	4.8561845	11412.442316055298
268	399.6039	450.2608	1117.8402	-172.61613	431.65274	338.97232	836.83234	-238.3409	1000.0	1000.0	1340000	118.93529	35.07963	198.12639	6.1713758	-119.78505	5.1018085	11452.34477686882
269	441.65292	248.22781	779.42163	8.328533	894.2617	41.104477	954.42664	825.76245	1000.0	1000.0	1345000	119.797966	34.832905	196.85461	23.17229	-120.6446	4.7263975	11492.483824968338
270	412.43604	271.14203	699.40735	-71.501205	401.03458	366.12872	744.5924	-184.30562	1000.0	901.1	1350000	120.12784	34.827976	196.63013	33.97228	-120.9751	4.6849947	11532.085190296173
271	599.4598	328.01486	911.8449	132.83699	435.88193	247.17531	616.0652	-159.36398	1000.0	1000.0	1355000	121.26388	34.448788	198.11781	6.5781507	-122.14877	4.4551024	11572.498026371002
272	604.5157	535.7163	1274.4812	-162.57027	1065.1793	472.0726	1569.6774	249.37106	1000.0	1000.0	1360000	121.90384	33.79272	196.88872	-15.029493	-122.7416	4.460567	11613.759026050568
273	455.5587	527.33185	1069.6117	-378.50665	1263.384	88.50938	1387.5364	1100.6632	1000.0	1000.0	1365000	122.10259	33.583225	197.23674	9.243009	-122.95216	4.4023337	11653.657855987549
274	593.20746	571.43616	1169.7283	-115.028656	758.60706	355.49365	1027.4364	-55.487274	1000.0	1000.0	1370000	122.360695	33.429485	198.17455	32.290855	-123.2032	4.543828	11693.573633432388
275	471.10898	392.48468	1024.1472	42.549946	749.36365	421.66232	1188.325	-47.82277	1000.0	1000.0	1375000	122.63533	33.982014	197.9639	28.399242	-123.48171	4.6651587	11734.231449842453
276	361.59955	368.68732	895.94135	-237.86168	1210.152	130.41827	1361.5043	892.4587	1000.0	1000.0	1380000	122.79014	34.35227	198.93298	32.73659	-123.64979	4.6767416	11774.89526605606
277	677.7922	340.5864	1149.9321	108.88245	635.599	187.40558	836.9175	191.97218	1000.0	1000.0	1385000	123.01792	35.179356	198.99414	30.253378	-123.86744	4.8959703	11814.968383073807
278	626.26355	456.51474	1079.0183	-196.55379	773.3179	550.01117	1152.1663	-696.5663	1000.0	1000.0	1390000	123.65371	35.92776	200.2017	41.61781	-124.51952	4.9827976	11855.030966758728
279	315.36523	376.5037	1027.4081	-43.245113	1013.195	404.45145	1446.0961	134.68263	1000.0	1000.0	1395000	124.009224	36.38895	199.24995	14.767733	-124.88475	4.9105277	11894.457423448563
280	752.8051	340.71103	1160.8923	274.8912	1205.3074	83.09535	1328.1178	1054.1052	1000.0	1000.0	1400000	124.70829	37.307575	199.70099	25.845785	-125.587524	5.297707	11935.155672311783
281	792.76965	171.12395	1080.862	582.08765	980.054	187.67575	1174.0752	655.4193	1000.0	1000.0	1405000	125.181114	37.981785	202.3618	7.3544397	-126.051674	5.131339	11976.51262140274
282	811.36914	433.57648	1205.4132	235.63882	934.2166	359.8372	1275.1403	185.40617	1000.0	1000.0	1410000	125.43259	38.860786	204.04279	14.75205	-126.30363	5.262012	12017.832430362701
283	596.8644	253.9226	888.76337	139.3132	1272.8112	310.13364	1440.4377	355.32837	1000.0	1000.0	1415000	126.18948	39.61846	206.08325	22.88115	-127.116585	5.564445	12057.77835059166
284	821.937	344.7975	1328.7965	381.29474	538.4878	353.61548	1104.9502	-35.160213	1000.0	1000.0	1420000	128.19371	40.12136	209.05269	39.069485	-129.16835	5.6228757	12098.084970712662
285	128.04697	498.68335	860.8286	-565.66187	216.20215	336.55704	1107.6193	-171.52621	1000.0	1000.0	1425000	131.15904	40.09852	209.42667	30.863354	-132.1831	5.662197	12138.202915430069
286	332.9832	309.43344	741.16693	-82.80075	399.8847	718.13763	1345.4213	-1085.217	1000.0	1000.0	1430000	133.17047	40.13578	214.91705	43.980923	-134.14862	5.288116	12178.93694639206
287	722.10315	247.92372	950.0336	263.33105	709.16235	468.4319	1296.3541	-277.84015	1000.0	1000.0	1435000	133.46138	40.76836	213.76775	23.400421	-134.4017	5.2969904	12219.318284034729
288	475.8877	496.95966	1165.1538	-348.437	724.1125	271.39417	944.49457	23.201563	1000.0	1000.0	1440000	133.68713	41.538876	215.31755	39.359203	-134.61522	5.691367	12261.84194612503
289	766.37366	331.31967	1101.4451	275.0984	937.71423	414.90714	1355.9072	17.269236	1000.0	1000.0	1445000	133.71472	42.391624	217.82993	42.352646	-134.64308	5.979218	12302.985694885254
290	764.3207	360.60312	1118.805	107.54352	630.20654	294.3091	1063.4434	35.73925	1000.0	1000.0	1450000	134.17418	43.205807	219.4678	43.511566	-135.13875	6.0252285	12344.053298473358
291	529.8613	509.7484	1081.162	-283.72223	1272.6028	211.78462	1507.671	697.2483	1000.0	1000.0	1455000	134.88145	43.874798	218.85873	52.432198	-135.8529	6.037164	12384.448873281479
292	326.37396	789.67816	1481.5187	-486.87634	804.8215	137.83694	917.1178	408.94424	1000.0	1000.0	1460000	136.4708	43.951763	219.88647	17.045437	-137.58473	7.063322	12426.007109642029
293	514.9865	417.369	850.5482	-261.64233	120.80851	656.6311	1023.086	-883.36884	1000.0	1000.0	1465000	144.46048	38.385853	220.10324	48.849068	-145.87747	6.895871	12466.88674235344
294	118.57698	624.97675	815.9749	-843.0244	-206.39082	708.22516	822.27423	-1555.7664	1000.0	1000.0	1470000	151.1246	34.911594	221.60449	37.39891	-152.34415	6.355755	12508.655086994171
295	-385.72147	854.1796	1096.8678	-1360.944	-697.2308	776.05145	696.3777	-2093.2576	1000.0	1000.0	1475000	151.97256	33.714012	218.68486	21.751053	-153.05469	5.9854727	12550.753447771072
296	-78.415115	373.32083	317.9242	-660.7783	359.71362	499.9484	1077.5149	-247.93547	1000.0	1000.0	1480000	152.10945	32.93423	216.82036	35.324535	-153.21935	5.908756	12592.237589597702
297	310.5724	404.67392	954.3666	-169.59146	750.86975	475.75342	1201.365	-289.05734	1000.0	1000.0	1485000	150.6206	32.883297	217.50568	57.113243	-151.59813	5.573757	12633.17726969719
298	574.3568	430.75983	980.7767	-181.60106	974.1373	461.72818	1300.2688	-99.656265	1000.0	1000.0	1490000	149.0832	33.958134	219.47389	62.94092	-150.1282	5.702254	12674.21269607544
299	540.19086	610.02234	1469.677	-247.8779	502.74542	588.5474	1307.3783	-559.89417	1000.0	1000.0	1495000	148.5303	36.38353	221.82042	44.02539	-149.5457	5.617665	12715.364897727966
300	151.95377	269.78528	602.5207	-138.6158	858.195	544.4198	1419.6957	-363.22836	1000.0	1000.0	1500000	147.79874	38.421013	226.74283	38.73627	-148.85771	5.8486814	12756.713740110397
301	640.6311	329.15125	1078.719	63.53192	249.30795	326.42227	961.53467	-186.23303	1000.0	1000.0	1505000	148.41205	39.61457	227.02338	57.048294	-149.48997	5.9965	12798.565347671509
302	641.4354	541.41595	1310.0686	7.116438	308.4761	418.04565	915.7861	-284.1228	1000.0	1000.0	1510000	148.7946	40.418476	227.4085	48.20425	-149.89116	6.1261773	12840.088351249695
303	571.8511	488.33817	1186.3975	-222.71593	256.23178	284.86548	774.7707	-118.869514	1000.0	1000.0	1515000	150.26027	40.713562	229.79639	47.22074	-151.38748	6.070387	12882.794222831726
304	552.0431	167.6503	759.35693	305.70413	329.6402	340.66623	845.8861	-251.31004	1000.0	1000.0	1520000	151.18056	41.261757	231.57925	58.803097	-152.26958	6.071496	12923.953911304474
305	513.9533	581.9795	1170.7303	-222.2321	833.87335	515.22076	1380.2545	-230.8385	1000.0	1000.0	1525000	151.50362	42.448772	232.59908	56.946556	-152.62085	5.9076147	12964.251130342484
306	444.66644	449.33524	1140.7877	-43.97009	367.22095	207.89539	684.71686	29.178991	1000.0	1000.0	1530000	151.89508	44.02968	233.37427	58.350418	-152.98123	6.128481	13005.67369556427
307	387.39206	383.1812	881.1371	-66.28261	963.9178	424.00775	1427.4017	137.23582	1000.0	1000.0	1535000	151.3682	45.52692	230.98375	54.660393	-152.4268	6.0345182	13047.091527938843
308	614.66125	297.5103	930.77673	112.49276	826.6532	354.55316	1241.2847	205.1601	1000.0	1000.0	1540000	150.44733	46.75864	232.21822	39.932297	-151.51202	5.891369	13089.020651102066
309	482.725	123.82497	718.6351	358.37695	699.8996	383.90894	1133.7317	-34.90831	1000.0	1000.0	1545000	150.07184	47.738575	234.36855	43.949074	-151.12614	6.455048	13130.181367397308
310	378.72272	452.83792	935.4647	-372.2249	515.9056	473.45886	1291.6063	-65.98403	1000.0	1000.0	1550000	149.5474	48.30022	233.66425	51.41508	-150.58665	6.275646	13172.52651810646
311	475.80844	406.78574	856.74005	-204.63602	766.39136	476.01465	1158.672	-316.29272	1000.0	1000.0	1555000	148.45891	48.142807	234.13455	27.021917	-149.46623	6.2176776	13214.541268587112
312	586.3468	409.43665	1055.1422	-35.02171	250.48137	393.4159	870.337	-403.13992	1000.0	1000.0	1560000	148.04741	48.11873	230.808	53.856358	-149.10753	6.2105045	13256.452143192291
313	150.10258	399.3176	804.28314	-324.83627	508.44952	387.48108	1032.4675	-120.02241	1000.0	1000.0	1565000	147.58827	48.669598	229.70146	50.591854	-148.5992	6.355662	13297.923371553421
314	283.2913	404.52594	822.89404	-106.033104	381.54648	579.5016	1311.3716	-230.84222	1000.0	1000.0	1570000	146.75262	49.297634	231.65979	54.39198	-147.76094	6.5418797	13339.676130056381
315	379.3876	375.58017	956.19025	-97.108665	776.50214	423.972	1363.3445	81.34316	1000.0	1000.0	1575000	146.16798	50.015785	231.38536	49.15533	-147.19424	6.519668	13381.834950447083
316	380.52454	458.30704	1140.3759	-146.14873	592.7162	338.30905	1132.0323	77.04485	1000.0	1000.0	1580000	145.88004	50.597137	231.15532	25.188782	-146.90997	6.608599	13423.653002023697
317	390.04135	471.5917	1057.636	-132.01973	815.204	470.22366	1508.9636	135.11775	1000.0	1000.0	1585000	146.36786	51.256393	230.2636	49.459793	-147.456	6.2804046	13465.854593276978
318	992.17773	337.49136	1461.6428	507.35623	466.38998	449.93967	1056.8539	-272.46094	1000.0	1000.0	1590000	147.42636	51.760216	230.2791	51.374973	-148.48343	6.501588	13508.285537481308
319	392.58676	593.29224	1330.1614	-279.29178	682.6777	604.37946	1320.7518	-265.94998	1000.0	1000.0	1595000	148.09538	50.831604	232.78514	32.759056	-149.16154	6.7332063	13550.308880090714
320	289.47202	363.85797	909.25555	-136.27342	759.63934	365.95074	1231.264	124.42791	1000.0	1000.0	1600000	148.65947	49.667263	234.76659	30.016851	-149.73697	6.9234366	13592.334378480911
321	278.01694	403.04126	832.45984	-252.92809	432.82062	618.38745	1234.2283	-544.39935	1000.0	1000.0	1605000	149.46944	49.132793	233.47664	52.51092	-150.54625	7.219522	13635.13982963562
322	629.6972	613.519	1474.249	-71.690025	1097.2994	305.9134	1358.4913	255.87218	1000.0	1000.0	1610000	149.51224	49.503582	233.2171	55.965584	-150.57709	7.1120853	13677.083325624466
323	556.1524	693.094	1385.7826	-416.16382	758.4418	444.6578	1216.9036	-144.77142	1000.0	1000.0	1615000	150.18945	50.116634	233.45947	53.81083	-151.2759	7.1263704	13719.27385520935
324	571.8467	467.22562	1288.0211	-164.64949	1165.653	426.12735	1618.3359	41.21716	1000.0	1000.0	1620000	150.36136	49.9515	234.55093	58.488976	-151.42947	6.7742314	13760.750834226608
325	400.06793	608.812	1193.461	-209.76851	377.99133	608.85675	1261.4558	-549.5316	1000.0	1000.0	1625000	150.77719	50.17249	233.68881	50.38793	-151.86975	7.073707	13804.36732006073
326	350.94177	559.32837	1081.5753	-329.8797	869.78955	567.95074	1262.2523	-596.0818	1000.0	1000.0	1630000	151.42004	51.088196	236.18062	32.873985	-152.52989	7.84317	13846.59115576744
327	470.43472	481.41748	1162.5305	-101.6882	121.56166	312.57806	727.1228	-305.2527	1000.0	1000.0	1635000	152.4222	52.413834	238.39261	56.045235	-153.53993	7.6260734	13889.358907222748
328	624.6456	446.1535	1451.3026	221.12442	894.48206	472.01205	1339.2144	-264.93042	1000.0	1000.0	1640000	152.93793	53.412563	238.63058	39.94081	-154.05057	7.472568	13932.094945192337
329	510.44067	329.08167	996.86816	156.55789	757.1057	402.58313	1171.6133	-92.917755	1000.0	1000.0	1645000	153.41496	53.50069	238.74402	39.154114	-154.53815	7.5287538	13974.700944185257
330	884.49335	464.7484	1320.7665	31.183786	754.3098	539.5348	1428.5441	-62.53281	1000.0	1000.0	1650000	154.16206	53.5442	237.76048	44.653385	-155.26888	7.280997	14017.258876562119
331	777.3463	430.63498	1283.5591	100.5994	1360.8724	205.89192	1531.9817	825.1878	1000.0	1000.0	1655000	154.7724	53.41769	236.7933	39.379883	-155.89851	7.3805647	14059.560964345932
332	621.9579	482.28137	1320.4727	-28.93784	979.02246	397.27728	1358.6891	188.75946	1000.0	1000.0	1660000	155.37358	52.54617	238.69821	46.04171	-156.5138	7.5575337	14102.039197206497
333	617.4087	492.62183	1156.2024	-41.922684	1249.5721	371.7305	1580.9136	566.0834	1000.0	1000.0	1665000	155.69025	52.672737	239.26852	46.80578	-156.82764	7.554872	14144.447451353073
334	786.76544	380.52774	1271.7618	261.33026	1155.2406	508.13965	1642.9921	81.04243	1000.0	1000.0	1670000	156.09192	53.502354	239.40033	55.349094	-157.21375	7.4687843	14186.877125024796
335	882.1158	514.595	1448.9613	23.691442	96.943924	247.1431	575.62024	-272.271	951.8333	944.7	1675000	156.12364	54.3203	241.05487	53.900806	-157.22064	7.478594	14231.74426317215
336	529.0555	551.96484	1402.9359	-163.86609	898.195	452.40643	1505.3081	263.02155	1000.0	1000.0	1680000	155.89392	54.648308	241.44969	54.319576	-157.01163	7.411469	14274.902752399445
337	278.55817	438.47314	1073.5172	-208.12636	767.1888	400.1408	1482.5765	343.84186	1000.0	1000.0	1685000	156.2272	54.569256	240.55988	49.16176	-157.35918	7.3366156	14317.574472427368
338	818.4005	393.12085	1282.9137	361.17264	708.27246	470.3907	1333.8519	-95.68699	1000.0	1000.0	1690000	156.52043	54.936775	242.4503	62.139126	-157.66922	7.744267	14360.087725162506
339	566.9679	421.07468	1174.075	14.484496	443.92416	408.40817	1202.2112	-87.11238	1000.0	1000.0	1695000	157.45303	56.35542	247.44084	50.56713	-158.61574	7.825039	14403.549001455307
340	604.55194	372.3146	1136.5164	45.18527	672.24396	625.43365	1378.9248	-112.393776	1000.0	1000.0	1700000	158.92245	57.40781	247.77582	50.787506	-160.129	8.603557	14446.705362081528
341	429.57553	292.5478	960.5557	134.55151	244.55481	490.65375	1090.6552	-561.2466	1000.0	1000.0	1705000	160.47	57.719067	249.7648	48.249245	-161.71948	8.612028	14489.631866693497
342	921.1037	580.52057	1416.574	-213.11072	694.32324	647.42755	1393.5326	-385.8226	1000.0	1000.0	1710000	162.51826	57.956264	252.9721	43.06832	-163.76495	9.357794	14531.79367184639
343	1118.0995	209.53537	1356.2965	847.256	296.09882	474.25473	1102.9344	-625.8508	1000.0	1000.0	1715000	163.5158	57.790947	253.77856	48.611443	-164.71513	9.07152	14573.908629655838
344	901.2843	359.6776	1361.2933	319.56943	521.9745	605.68884	1519.3209	-528.436	1000.0	1000.0	1720000	163.47835	57.071083	251.76451	55.297123	-164.65625	8.386684	14617.091455698013
345	477.89526	627.2492	1526.1259	-84.76459	837.71484	431.30646	1430.7694	319.3169	1000.0	1000.0	1725000	163.11755	56.242104	252.01144	50.961754	-164.27808	8.683192	14659.485761165619
346	1077.701	267.74713	1458.667	660.5511	336.92926	405.39368	1093.7856	-356.09558	1000.0	1000.0	1730000	163.08372	56.28042	251.26303	51.44078	-164.23618	8.8628	14702.202661037445
347	717.6447	549.6708	1432.183	44.61446	1176.3925	420.9799	1504.1272	19.648594	1000.0	1000.0	1735000	162.6099	56.605663	249.639	44.632225	-163.75984	8.269205	14745.979672193527
348	383.4887	419.87152	1095.885	-204.67152	1040.7762	650.16113	1585.0939	-176.11958	1000.0	1000.0	1740000	162.41515	57.37421	249.13248	50.4766	-163.57974	8.575736	14788.870497703552
349	432.1251	375.74985	1047.3954	30.140402	1324.613	521.6478	1831.3185	193.50215	1000.0	1000.0	1745000	162.58891	57.620766	249.28287	58.489445	-163.79657	8.639059	14831.114099740982
350	854.737	463.112	1540.8109	86.088974	897.1037	526.8423	1432.4269	82.67371	1000.0	1000.0	1750000	163.02905	56.729385	250.7254	44.18261	-164.21268	8.325897	14873.476612091064
351	313.86948	628.35944	1132.0101	-675.39154	1792.0222	282.87558	2036.7186	1092.2987	1000.0	1000.0	1755000	163.43332	56.303436	247.85352	52.6568	-164.6327	8.230494	14916.077891111374
352	818.33826	534.0781	1626.8081	262.14502	970.453	712.7102	1775.8837	-385.87064	1000.0	1000.0	1760000	163.76369	57.09937	249.72746	64.14788	-164.9243	8.115545	14959.774020910263
353	442.10004	838.8585	1427.1005	-689.93146	371.35867	640.6025	1476.9204	-759.4389	1000.0	1000.0	1765000	163.73715	57.125443	259.9589	60.27678	-164.90532	7.9944344	15003.304702281952
354	630.3131	513.97437	1362.8344	80.18931	1182.8821	515.60016	1639.7863	9.26852	1000.0	1000.0	1770000	163.35374	57.144802	247.55307	54.17201	-164.51477	7.8975267	15046.23066830635
355	549.90106	570.62305	1091.0707	-180.47986	750.9846	616.7255	1409.4618	-0.012706596	1000.0	1000.0	1775000	163.2553	57.17898	246.11737	50.79396	-164.42398	7.754696	15088.93327999115
356	713.4002	531.1807	1411.2257	50.17486	799.35266	647.60785	1664.1532	-128.0061	1000.0	1000.0	1780000	162.89687	57.143044	248.05508	48.992054	-164.04146	8.127146	15131.009603023529
357	678.515	370.5905	1223.429	315.6137	1211.6752	641.6149	1701.802	-63.515003	1000.0	1000.0	1785000	162.46086	57.694447	247.77556	55.605705	-163.60559	8.461784	15174.237058877945
358	548.7282	574.42285	1255.0356	-309.6313	550.89465	802.9888	1509.0001	-995.87445	1000.0	1000.0	1790000	162.6052	58.202015	249.84335	51.15951	-163.77466	8.25702	15217.428670406342
359	972.39	488.28625	1636.0648	419.18115	1245.0677	301.37146	1656.8191	602.9835	1000.0	1000.0	1795000	162.62494	58.99207	247.86577	53.109936	-163.77827	8.387693	15259.986435890198
360	1129.5093	202.84529	1396.5299	867.8219	515.73895	254.75163	951.20935	69.693474	1000.0	1000.0	1800000	162.4206	59.74732	250.02946	43.61799	-163.56456	8.452846	15302.47012424469
361	321.92682	459.24167	1197.4636	-141.06265	688.5476	488.33707	1391.42	-56.070477	1000.0	1000.0	1805000	162.9488	60.4261	249.1961	54.406532	-164.14415	8.727098	15346.034139156342
362	878.30115	551.776	1466.4542	12.900113	1392.513	496.0501	1747.5441	350.09143	1000.0	1000.0	1810000	163.29247	60.72033	250.33406	45.179153	-164.4631	8.271897	15389.543338060379
363	440.54156	592.6651	1432.9833	-29.352861	306.43207	377.0864	788.1439	-463.0722	1000.0	1000.0	1815000	163.19519	60.68864	249.85649	52.923344	-164.37749	8.69646	15432.481817483902
364	431.5263	275.71155	855.5319	-15.301049	1208.7246	653.19403	1743.4637	-261.87454	1000.0	1000.0	1820000	163.2245	60.870453	250.85431	41.775677	-164.39575	8.769573	15476.845505714417
365	661.93994	540.8457	1349.6887	-89.016815	371.3129	796.2562	1665.8525	-963.87634	1000.0	1000.0	1825000	163.2197	60.99716	250.55228	48.92486	-164.37747	8.754414	15520.535077571869
366	363.87915	688.194	1240.6864	-618.21735	96.85474	449.118	875.04333	-660.0032	1000.0	1000.0	1830000	163.56244	61.27476	251.1464	38.18885	-164.75694	8.982619	15563.887459516525
367	705.0602	575.28186	1251.3154	-63.138813	1275.4055	239.8102	1612.1378	702.02637	1000.0	1000.0	1835000	163.77293	61.63032	252.0746	51.89796	-164.94154	8.830981	15606.674838781357
368	507.9506	615.60803	1296.7843	-292.63962	1262.3856	421.89005	1715.3748	183.293	1000.0	1000.0	1840000	163.85388	62.292316	271.96307	51.4273	-165.00296	8.633279	15650.158452749252
369	862.5762	510.9615	1333.9781	197.24973	1463.6029	260.97357	1662.5748	730.70593	1000.0	1000.0	1845000	162.97296	63.10201	249.6756	58.295856	-164.10727	8.662753	15692.787784099579
370	620.11206	302.43665	1031.851	315.1925	731.3373	502.1363	1591.8912	262.392	1000.0	1000.0	1850000	162.85034	63.50089	249.69066	47.982086	-163.98035	8.579592	15736.392070055008
371	955.2627	404.93808	1310.5697	201.1427	914.2012	316.32025	1445.8723	473.44965	1000.0	946.6	1855000	162.6806	64.20557	251.7982	44.94816	-163.85268	8.715267	15779.620553016663
372	726.92566	657.29834	1471.8201	-130.57689	1300.3724	249.40675	1583.0375	740.2751	1000.0	1000.0	1860000	162.77025	65.00115	251.81516	41.507256	-163.90987	8.8054285	15823.76507639885
373	479.81635	167.9301	652.0931	175.80943	1577.0707	109.09883	1692.1838	1320.5277	1000.0	1000.0	1865000	163.13678	65.5044	249.92542	47.357155	-164.32996	8.992699	15866.46486902237
374	517.4955	377.50247	1224.1595	199.08784	674.5791	521.94946	1230.9237	-33.87752	1000.0	1000.0	1870000	163.09637	66.06185	251.58083	30.226894	-164.2423	9.032859	15910.33210349083
375	569.934	586.5803	1496.8811	-166.03891	1297.3782	566.15137	1720.0946	-110.122696	1000.0	1000.0	1875000	163.21512	66.37036	250.97899	50.329453	-164.36688	8.988917	15954.554775714874
376	683.72	424.5203	1277.346	-13.002436	1109.2272	479.3008	1525.0138	-90.27917	1000.0	1000.0	1880000	162.97327	65.833	249.6847	49.338257	-164.10892	8.985736	15998.35154223442
377	331.8529	347.9237	864.04333	-19.34891	674.557	511.00656	1370.967	-70.07867	1000.0	1000.0	1885000	162.46625	65.69109	248.6401	35.64422	-163.61647	9.300425	16041.913762569427
378	673.1449	532.6355	1290.6938	-62.150402	765.53186	354.9266	1117.3695	-74.73688	1000.0	1000.0	1890000	162.54738	65.39351	248.28937	46.769474	-163.70554	9.397063	16085.985180139542
379	788.3597	580.109	1410.9447	-115.27053	530.094	517.5632	1569.7711	-177.29999	1000.0	1000.0	1895000	163.15666	65.06578	252.44456	51.14086	-164.33064	9.26399	16129.513344049454
380	209.43697	334.46637	804.3995	-164.37067	873.0713	589.14124	1460.5837	59.5852	1000.0	1000.0	1900000	163.52022	65.50402	251.36458	51.6657	-164.70348	9.844626	16173.401100635529
381	677.1071	706.5103	1508.822	-357.33173	1006.23914	464.21854	1641.4465	335.09363	1000.0	1000.0	1905000	163.36499	66.67462	252.46892	51.20619	-164.5333	9.950496	16216.829626083374
382	249.0917	376.8774	979.4983	-33.906315	973.7625	642.23157	1593.6488	-420.0764	1000.0	1000.0	1910000	163.66095	67.27336	252.28632	48.130314	-164.83244	9.838583	16260.199368715286
383	761.44385	496.50345	1384.1837	212.23734	1549.7124	61.149376	1625.6561	1446.3282	1000.0	1000.0	1915000	162.92015	67.82939	252.70998	40.169334	-164.0515	9.966584	16305.154454946518
384	1001.9881	516.6929	1408.674	-6.87534	1493.7748	93.13202	1624.2598	1331.1766	1000.0	1000.0	1920000	162.86606	68.902695	252.86584	40.205063	-164.00925	10.431666	16348.70158982277
385	862.13055	492.4478	1475.0605	242.47324	194.7017	207.14668	568.3521	-95.936066	1000.0	1000.0	1925000	162.91132	69.625916	255.00089	32.64126	-164.0566	11.107925	16394.233891010284
386	580.70325	730.5237	1542.6344	-379.62778	1336.7822	315.8223	1569.132	598.2481	1000.0	1000.0	1930000	162.83942	70.23837	254.41116	39.768723	-164.00041	10.644659	16438.393622636795
387	429.09335	664.3789	1494.8208	-322.92145	1352.2544	587.1259	1808.705	-368.76862	1000.0	1000.0	1935000	163.46698	71.19214	260.38574	43.448204	-164.6549	12.161213	16482.220800876617
388	1037.7461	601.8132	1553.9657	-94.99034	1336.4974	370.994	1716.8728	416.07312	1000.0	1000.0	1940000	163.8286	71.42363	256.17935	46.520157	-164.98837	11.4024	16526.49331998825
389	1119.1733	401.21335	1539.4364	382.9316	1281.8885	504.9391	1769.5032	121.93857	1000.0	1000.0	1945000	163.70009	71.86402	255.25244	39.07982	-164.83952	11.161899	16569.88774085045
390	1033.6405	340.98575	1500.1316	456.1121	1543.2097	94.17722	1676.1704	1336.8068	1000.0	1000.0	1950000	163.50835	72.39643	257.54813	20.711021	-164.65842	11.154877	16614.199380874634
391	1068.5662	491.3805	1502.5248	112.705635	262.58075	488.51865	1196.932	-150.4755	1000.0	1000.0	1955000	163.85706	73.046455	256.42084	41.5869	-165.02565	10.953982	16658.626745224
392	380.20413	614.8169	1350.2959	-482.94003	1367.9923	366.32233	1654.9878	394.90033	1000.0	1000.0	1960000	163.3611	73.034904	256.4699	40.293434	-164.47234	10.995191	16703.237083673477
393	389.8613	829.89795	1289.7367	-705.1075	1019.0265	543.9531	1636.7533	-181.40475	1000.0	1000.0	1965000	162.51088	72.48267	253.5086	24.236103	-163.60448	11.032498	16747.569031238556
394	688.81964	681.98206	1424.3457	-453.1387	576.06946	619.8463	1569.8201	-238.27911	1000.0	1000.0	1970000	160.87805	72.25367	252.02722	35.86732	-161.95213	10.469047	16793.07263803482
395	623.3013	350.3742	1137.8464	243.8162	1179.2135	557.19293	1533.5519	-405.7858	1000.0	1000.0	1975000	160.20357	72.13635	252.1013	34.50706	-161.3209	10.814824	16837.738540887833
396	-296.87213	306.87823	121.32814	-651.33966	82.02047	738.7245	1363.417	-1147.6211	1000.0	1000.0	1980000	160.25539	72.269165	251.758	29.938034	-161.39442	11.466233	16882.960931777954
397	231.48544	634.8642	1250.5935	-518.20776	314.02197	249.56177	760.7817	-68.79685	1000.0	1000.0	1985000	159.98917	72.368065	253.20618	37.85266	-161.10342	11.807028	16927.80484843254
398	125.21704	427.88812	925.60895	-363.968	469.8291	563.92505	1344.1514	-705.8913	1000.0	1000.0	1990000	159.87386	72.89644	259.61533	19.17713	-160.97656	11.57523	16973.111315965652
399	772.12756	331.24918	1206.2042	328.77173	312.63266	550.0678	1129.0718	-613.42535	1000.0	1000.0	1995000	159.51604	73.057945	265.44095	37.31108	-160.63567	11.767961	17017.53462076187
400	508.58087	589.30457	1325.9108	-387.99268	831.24084	745.49054	1568.2574	-486.88373	1000.0	1000.0	2000000	158.93193	72.66652	251.56749	29.354828	-160.01572	11.4882145	17062.24163722992
401	61.614666	352.52878	559.4628	-465.1378	712.43616	685.3491	1430.7743	-915.6294	1000.0	1000.0	2005000	158.74937	72.5335	306.33035	37.12895	-159.88158	11.38479	17106.043899059296
402	589.3403	665.2622	1289.6581	-302.33008	968.7096	455.09216	1545.0139	112.04765	1000.0	1000.0	2010000	158.64801	73.08836	296.0157	31.95315	-159.7713	11.735516	17149.574986934662
403	372.3195	555.4999	923.7998	-419.15036	148.14182	729.0372	1214.9637	-1109.9647	1000.0	1000.0	2015000	158.86517	74.36748	252.8142	37.49908	-159.9914	12.391629	17194.16073179245
404	117.4753	640.9583	1315.582	-467.5912	836.5415	585.95245	1431.1373	-36.299282	1000.0	1000.0	2020000	158.93541	74.78567	253.5115	38.621025	-160.03212	11.7144375	17238.720318317413
405	209.88274	355.658	813.5424	-201.38612	1566.3574	93.21685	1696.3885	1389.5366	1000.0	1000.0	2025000	158.26273	74.818565	254.30374	38.093216	-159.36539	12.0839405	17283.00523328781
406	515.57556	789.3522	1510.0691	-555.4916	1236.91	277.34445	1491.7345	592.4804	1000.0	1000.0	2030000	158.09357	74.957115	252.18617	39.937336	-159.2152	11.41543	17327.231585741043
407	147.971	729.4032	1169.9302	-939.4404	-105.77081	278.83334	457.01065	-594.65656	1000.0	1000.0	2035000	157.71265	75.15034	255.71248	15.518995	-158.81596	11.758534	17371.194467306137
408	416.80484	536.6255	1234.206	-165.7563	566.71936	764.17114	1529.5154	-467.01172	1000.0	1000.0	2040000	157.56006	75.6855	253.5334	29.413383	-158.69998	12.069214	17414.788803100586
409	113.69601	614.31683	898.79565	-516.8078	437.01187	830.1353	1518.9467	-738.0954	1000.0	1000.0	2045000	158.14029	75.816986	253.92339	17.943697	-159.28442	13.579613	17459.46880364418
410	213.30249	794.46704	1012.2986	-895.98224	371.12256	924.718	1589.5714	-999.41	1000.0	1000.0	2050000	158.24814	76.61473	254.21626	33.341316	-159.38557	13.097544	17504.25057721138
411	-127.161575	514.30634	556.838	-920.2572	-533.6019	291.648	-25.059772	-1009.85175	1000.0	1000.0	2055000	158.23671	76.40648	252.65149	21.225906	-159.36246	12.109868	17548.765147686005
412	-110.79555	653.8574	879.3914	-792.6017	68.03149	742.3464	1271.54	-1149.5619	1000.0	1000.0	2060000	157.98793	76.444145	252.95721	19.201206	-159.11555	12.542579	17594.236644029617
413	-473.75302	156.42458	-240.49736	-730.59344	-913.215	166.32455	-728.9641	-1339.6194	1000.0	1000.0	2065000	159.86665	77.88308	296.33752	34.25766	-161.71538	16.234924	17637.99190545082
414	-737.09326	237.01187	-380.82623	-972.6449	-287.45663	595.6735	506.57794	-1333.3162	1000.0	1000.0	2070000	175.9107	89.91608	296.93573	12.733695	-177.39352	17.493547	17682.11359477043
415	-271.96744	329.16446	181.56879	-730.6457	699.1263	466.5547	1155.2782	-256.55893	1000.0	1000.0	2075000	173.11589	87.055695	282.27933	4.864849	-174.3148	15.020047	17726.70517897606
416	387.7882	516.4605	1335.1395	-217.555	331.38116	678.21625	785.18616	-1076.8564	1000.0	1000.0	2080000	170.0797	85.90479	275.8098	5.193657	-171.22607	15.479722	17771.507522821426
417	-5.782056	355.70154	452.636	-612.88654	85.89018	621.15967	837.0923	-987.0014	1000.0	1000.0	2085000	166.70776	85.135185	270.14444	26.571766	-167.83142	14.976405	17817.278481006622
418	91.6462	535.1096	819.278	-773.1346	426.30035	626.22656	1226.4935	-445.04086	1000.0	1000.0	2090000	163.6459	84.460335	266.68436	31.739048	-164.76532	13.880444	17862.035341501236
419	360.15015	393.98083	816.61255	-326.88702	607.2599	390.95056	1060.1637	-254.54161	1000.0	1000.0	2095000	161.38896	83.606476	265.68967	18.375916	-162.5039	14.965466	17905.38188958168
420	63.453545	323.45502	692.9928	-231.17596	-45.59853	308.2155	383.87656	-470.48343	1000.0	1000.0	2100000	159.48871	82.39387	260.10315	19.243887	-160.58673	13.905831	17950.00669169426
421	-46.89326	448.83206	527.35077	-761.28	335.1254	575.1936	1249.042	-402.4695	1000.0	1000.0	2105000	158.08041	81.624825	258.60803	12.811438	-159.21748	13.014366	17994.267306804657
422	-348.02335	287.156	139.91235	-664.38324	804.04706	605.12506	1572.2537	-582.77277	1000.0	1000.0	2110000	157.3798	82.48824	259.1011	27.231098	-158.53433	14.122724	18038.891691446304
423	-290.96567	513.85223	557.3056	-962.2624	226.32784	678.52704	883.1374	-925.57965	1000.0	1000.0	2115000	157.63266	83.900826	260.30542	9.553607	-158.82837	14.241253	18083.916706323624
424	-222.91809	283.1436	66.94046	-662.7211	-103.70601	717.48816	931.5041	-1298.8278	1000.0	1000.0	2120000	156.67451	83.86728	259.07364	10.902468	-157.80083	14.037522	18129.543277978897
425	-78.363304	548.7419	951.3211	-624.89264	-22.40951	691.61536	967.2521	-865.8906	1000.0	1000.0	2125000	156.1862	84.40453	258.15384	17.305004	-157.34966	14.689328	18174.7358314991
426	233.85982	382.2742	615.8271	-467.44336	477.8955	111.60762	588.4109	191.36041	1000.0	1000.0	2130000	156.6096	84.44623	260.69464	15.999876	-157.82042	15.541813	18219.197496414185
427	531.0292	236.95381	881.06195	180.91234	886.1501	661.0769	1495.0398	-339.77402	1000.0	937.1	2135000	157.55853	83.04258	259.10104	6.874979	-158.79414	15.071079	18263.271396160126
428	-55.669086	646.85077	1161.2233	-632.8602	-118.404076	479.05438	554.4458	-924.67084	1000.0	1000.0	2140000	160.37299	80.37647	259.53314	9.528966	-161.75107	14.973603	18308.525463581085
429	-73.318825	773.48584	536.0544	-1537.582	-135.06558	745.6984	909.9172	-1281.8944	1000.0	1000.0	2145000	163.51126	77.59891	259.95853	15.9660225	-164.85797	14.874141	18353.759350061417
430	-93.46101	649.41583	871.2637	-1057.9004	666.32776	511.3251	1090.1805	-589.7747	1000.0	1000.0	2150000	165.44843	76.27515	260.718	24.249577	-166.75278	15.523109	18399.87306189537
431	-116.35913	556.6423	987.114	-463.7398	501.2538	600.742	1298.439	-752.3188	1000.0	1000.0	2155000	165.09462	75.38897	259.11908	16.903475	-166.3501	14.081797	18445.066715955734
432	-31.284912	366.5361	403.274	-657.84686	-252.59909	505.9283	1008.9489	-938.66315	1000.0	1000.0	2160000	164.74817	74.983665	259.1177	27.564262	-165.99518	13.591125	18489.831543445587
433	-192.3551	422.4391	575.08093	-582.60394	314.80878	747.8983	1265.2368	-482.3952	1000.0	1000.0	2165000	163.64034	75.55383	258.49686	25.114712	-164.8879	13.343084	18535.215694904327
434	-445.59357	394.82523	164.19693	-881.3603	546.36896	579.17126	1280.5426	-663.5787	1000.0	1000.0	2170000	163.33035	75.438416	258.2353	26.717686	-164.5986	13.451747	18580.901017427444
435	-315.4143	320.42322	167.37134	-703.60297	124.93733	684.62213	1242.0361	-768.6595	1000.0	1000.0	2175000	162.91084	76.15936	259.40558	18.457092	-164.17073	13.573947	18625.529861927032
436	76.393326	830.29785	1108.8729	-982.22076	137.18405	750.2187	1152.017	-1104.7654	1000.0	979.9	2180000	162.85907	75.79201	258.9832	30.346882	-164.11363	13.831359	18670.290815114975
437	-351.36636	381.6401	205.86282	-801.02155	-490.49713	851.46545	247.87112	-2251.6594	1000.0	1000.0	2185000	161.29883	76.07415	257.2436	25.937626	-162.51523	13.27995	18714.770654201508
438	-346.4393	246.89928	60.70332	-608.09467	-542.99445	627.0782	529.5221	-1690.4072	1000.0	1000.0	2190000	160.92738	76.99887	257.07318	9.76838	-162.21257	13.949809	18760.200030565262
439	-584.6365	560.33307	494.058	-972.11816	48.910786	850.216	853.62823	-1654.5792	1000.0	1000.0	2195000	161.73094	77.79277	273.90134	22.54955	-163.0442	16.333511	18804.743988752365
440	-617.3348	607.90466	499.94717	-1189.9346	-646.4117	652.6725	1057.3103	-1320.6486	1000.0	1000.0	2200000	162.86002	77.81978	264.15192	24.13702	-164.20634	15.651012	18850.579694271088
441	93.757645	768.0175	1084.4042	-765.4325	-94.11546	661.45905	842.7441	-1216.4406	1000.0	1000.0	2205000	163.04918	77.75306	260.3167	-0.6315069	-164.28705	15.207447	18895.291236162186
442	-332.02753	540.4893	324.40872	-1287.7701	171.60242	697.56445	1304.8752	-728.93195	1000.0	1000.0	2210000	160.6035	79.38697	260.47623	-8.098916	-161.77824	14.869628	18939.74329137802
443	67.38501	669.1582	943.33136	-724.8069	223.76804	858.78357	1351.1641	-915.91547	1000.0	1000.0	2215000	157.98776	80.127785	259.9986	2.966754	-159.17618	15.742528	18985.342430353165
444	193.20943	734.68585	1076.5637	-725.4163	134.69702	502.23596	976.0181	-489.16382	1000.0	1000.0	2220000	156.93938	80.46872	258.29645	13.030867	-158.1744	16.187466	19029.933360099792
445	-282.21826	384.9494	132.45068	-876.32465	-293.65253	421.6218	589.4614	-787.4242	1000.0	1000.0	2225000	156.7106	81.20684	259.16174	19.59911	-157.93558	15.745889	19076.038862228394
446	-305.62457	650.4685	912.8735	-874.7692	89.78503	848.89606	1133.681	-1187.4471	1000.0	1000.0	2230000	155.72014	81.94794	260.27988	9.061869	-156.92357	15.727343	19121.031810045242
447	-161.03862	518.8509	580.3601	-687.6326	372.96365	801.8832	1340.0889	-728.2565	1000.0	1000.0	2235000	154.30376	82.863	260.18512	3.0923557	-155.48674	15.673272	19166.7804312706
448	443.4432	493.684	1068.9556	-254.13782	636.213	610.75385	1226.0363	-640.1489	1000.0	1000.0	2240000	152.84827	83.43336	262.0185	11.557751	-154.0171	14.964097	19212.727437973022
449	15.242291	468.45407	874.53925	-475.56085	204.88245	587.9654	939.19946	-780.88086	1000.0	1000.0	2245000	151.49916	83.82415	258.8522	0.687623	-152.67422	15.044051	19258.838602781296
450	-402.55185	312.92197	-15.397258	-758.884	-169.55725	575.20654	686.79816	-974.62054	1000.0	1000.0	2250000	149.99498	83.91206	258.34915	-9.318499	-151.15334	15.317873	19305.133395671844
451	-265.65317	320.49255	208.34386	-687.5367	-24.502441	480.9422	621.91254	-920.5621	1000.0	1000.0	2255000	148.82445	84.95078	258.5527	-0.38260078	-149.97498	14.812716	19351.202344179153
452	-641.7341	439.9501	115.34998	-1199.8671	-139.07991	543.60754	966.33044	-796.6066	1000.0	1000.0	2260000	147.5633	85.148285	257.5448	-3.5465784	-148.72581	15.771205	19398.026034832
453	42.05431	531.84955	916.9337	-759.43964	-265.98663	560.63025	539.2703	-1505.8954	1000.0	1000.0	2265000	146.2214	85.1224	254.90543	1.8580914	-147.3648	14.662819	19444.506197690964
454	143.80919	630.50305	968.2693	-892.53485	143.94142	594.725	917.339	-806.70856	1000.0	1000.0	2270000	145.9526	85.24098	253.05096	6.9743147	-147.10866	14.249819	19489.568969011307
455	-80.50541	481.36572	797.8483	-629.41895	34.748287	523.0121	1075.9923	-584.69165	1000.0	1000.0	2275000	145.24416	85.93298	250.76907	9.662015	-146.41043	14.372746	19534.837267398834
456	45.574818	428.36322	768.238	-537.79193	640.07697	424.5297	1099.3508	-366.0641	1000.0	1000.0	2280000	145.05475	87.02581	258.05225	-14.526907	-146.23413	15.296532	19580.054226636887
457	-355.48077	385.9322	389.6376	-732.4277	83.45469	737.0595	1014.31537	-925.41364	1000.0	1000.0	2285000	144.59872	87.74289	255.31395	-7.459708	-145.75348	15.148458	19626.217000722885
458	-167.79741	221.6397	90.02579	-410.30054	17.149012	586.78235	1108.6775	-507.37668	1000.0	947.4	2290000	143.69307	88.159454	256.30658	-3.1295633	-144.85487	15.126757	19671.76842069626
459	60.961403	592.5208	732.8879	-688.2909	297.12982	617.80365	916.69684	-931.877	1000.0	1000.0	2295000	143.47307	88.44174	255.87141	-12.386311	-144.61052	15.322182	19718.845860481262
460	-356.0346	641.72705	647.52563	-951.7274	125.76497	587.7556	938.2854	-783.5635	1000.0	1000.0	2300000	142.42438	88.20124	254.889	-9.16066	-143.54698	14.9346	19766.19907093048
461	-510.9619	272.39786	-69.22274	-904.81104	-304.70575	759.81445	1052.8899	-1256.8462	1000.0	1000.0	2305000	141.20633	88.40265	253.02158	-13.832875	-142.35886	15.333306	19812.518319368362
462	183.27934	452.12115	834.77747	-383.53278	642.89105	557.6962	1184.808	-286.91605	1000.0	1000.0	2310000	140.52852	88.80082	262.49338	-6.501931	-141.66563	15.916498	19858.624814271927
463	38.25653	615.62726	792.72516	-676.9204	881.4894	342.2403	1166.6282	-91.95421	1000.0	1000.0	2315000	141.25945	89.24425	254.39644	-14.643939	-142.43095	15.029656	19905.696689128876
464	248.77617	421.84927	738.02985	-486.8899	-161.08615	526.88525	822.52484	-888.865	1000.0	1000.0	2320000	141.54794	90.018295	258.4132	-6.3198767	-142.69623	15.8915	19951.84023451805
465	-97.44087	613.78	933.7124	-931.8072	-217.21329	622.6501	954.0818	-903.05383	1000.0	1000.0	2325000	141.4698	90.40804	254.29767	1.9036064	-142.65315	16.191656	19998.622314453125
466	-86.645004	907.15295	1141.3326	-1293.8375	-637.55945	717.588	811.3838	-1550.1648	1000.0	1000.0	2330000	143.4694	90.765465	258.14355	-11.964001	-144.72415	15.429884	20045.034130334854
467	207.83655	485.285	828.86096	-399.65527	-76.32169	609.8429	681.08887	-1383.5912	1000.0	1000.0	2335000	144.14528	90.972595	258.5803	-12.240845	-145.33087	16.758762	20091.40321469307
468	-160.52917	625.83856	572.88196	-974.8368	118.42851	756.2272	980.9257	-1111.3191	1000.0	1000.0	2340000	143.66516	91.46914	263.40796	-5.782569	-144.86897	17.040281	20138.796340465546
469	2.5241287	622.2114	885.02014	-697.55597	175.11661	653.4086	1024.7739	-769.0223	1000.0	1000.0	2345000	144.12769	92.30166	275.61832	4.3542747	-145.31877	17.089212	20185.596724033356
470	183.53197	662.02466	926.9767	-875.5064	177.90121	745.0164	1129.1196	-904.57404	1000.0	1000.0	2350000	143.92883	92.15725	277.37668	-12.617154	-145.13934	16.773283	20232.067288160324
471	-276.086	675.63306	858.09595	-962.68115	-2.666736	569.747	700.71783	-716.5366	1000.0	1000.0	2355000	143.3902	92.5649	261.92572	-22.614498	-144.56512	16.582243	20278.945271015167
472	14.443426	498.14423	906.7606	-524.88684	272.3247	588.66675	1049.9943	-459.79407	1000.0	1000.0	2360000	143.53413	93.8362	272.16336	-8.745676	-144.78201	17.386675	20327.844542741776
473	603.39526	298.5818	998.4627	113.13841	707.14526	506.38983	1230.262	-125.84594	1000.0	1000.0	2365000	144.63039	93.97265	278.38974	2.8640451	-145.86864	17.263924	20374.06840610504
474	436.82388	301.48196	999.0181	89.336624	968.9533	361.65912	1198.2607	-105.437065	1000.0	1000.0	2370000	144.89883	93.54174	264.42502	-7.0515256	-146.14124	17.486773	20420.705219745636
475	2.9124146	644.6859	898.72394	-945.9507	-95.09413	630.1114	854.55023	-1433.7628	883.4	1000.0	2375000	146.01906	92.814766	262.88855	-7.1796656	-147.28036	17.603	20465.936183214188
476	-573.1369	74.548416	-482.39694	-674.1954	-162.09413	534.40295	1091.1233	-1048.6979	1000.0	1000.0	2380000	145.29227	92.602875	258.31104	-5.1784534	-146.4708	16.35744	20512.336774349213
477	28.569235	404.60043	576.6704	-610.67664	229.18571	629.14374	1324.64	-638.4901	1000.0	1000.0	2385000	144.24812	93.05987	272.09924	-9.496271	-145.4336	16.848648	20557.96590089798
478	61.750195	844.5426	968.98895	-1238.1229	96.243355	497.08817	1001.57007	-767.7849	1000.0	1000.0	2390000	142.6813	92.98266	272.29977	-4.235196	-143.8281	16.391266	20604.32649922371
479	490.82236	523.6831	962.3792	-473.6516	-51.78878	640.9082	981.1698	-1093.8986	1000.0	941.7	2395000	140.72562	92.47672	255.87395	-5.4135647	-141.82782	15.894091	20650.703104496002
480	-252.53427	336.22684	376.89856	-529.567	407.03226	474.44736	1371.9758	-318.31293	1000.0	1000.0	2400000	138.70114	92.46087	266.4516	-6.77164	-139.7996	16.237135	20697.51894760132
481	-396.8835	485.6726	297.22763	-920.1478	7.93728	568.49634	838.9821	-640.98914	1000.0	1000.0	2405000	136.81833	92.61986	255.71332	-7.8561797	-137.93675	15.452738	20743.24361896515
482	62.97338	728.9307	801.75946	-849.2333	166.43088	632.81696	965.6517	-541.5469	1000.0	1000.0	2410000	135.31807	92.50536	251.4419	-10.111163	-136.43094	15.407719	20789.902394533157
483	339.21445	526.3927	860.05585	-326.18344	-318.92404	229.15031	109.57464	-584.4587	1000.0	1000.0	2415000	134.65843	91.93284	263.4134	-32.21743	-135.76906	15.098642	20835.679461956024
484	255.13828	590.9644	878.37244	-668.6513	-12.523346	430.13736	502.2214	-749.2354	1000.0	1000.0	2420000	134.34	91.44738	255.19592	-23.72475	-135.48245	14.948008	20882.26045680046
485	66.927635	357.46033	439.45114	-518.3849	-76.23198	643.56006	1158.2854	-840.8673	1000.0	1000.0	2425000	134.28227	90.895615	262.44675	-5.315706	-135.43863	15.499106	20929.756952285767
486	107.81875	465.61804	838.88007	-515.0427	25.19823	661.8049	1075.3306	-1091.8583	1000.0	1000.0	2430000	134.91246	90.43234	256.80447	-38.760113	-136.08455	15.6200905	20976.25728559494
487	-419.72183	259.082	-92.162544	-756.3722	544.72253	660.8155	1100.06	-770.63135	1000.0	1000.0	2435000	135.39304	90.42655	257.71255	-19.345312	-136.58412	15.74335	21022.758605241776
488	390.62518	613.83685	1171.2131	-509.92902	-193.52374	534.1219	764.3395	-876.6656	1000.0	1000.0	2440000	136.55568	90.069756	258.76657	-10.485595	-137.77527	15.90217	21069.115762233734
489	-153.33133	377.98196	448.03638	-680.1152	522.5227	411.38397	1071.1118	-329.7699	1000.0	1000.0	2445000	137.59962	88.88668	251.19223	-23.853085	-138.82095	15.705103	21116.11922812462
490	-285.8447	818.04254	913.66504	-1165.2626	645.58185	539.3373	1091.8727	-363.1245	1000.0	1000.0	2450000	137.51497	88.57389	247.10394	-13.514911	-138.71382	16.621546	21162.964250564575
491	224.7607	800.861	950.089	-1138.1385	25.62774	754.0656	1291.0864	-995.05664	1000.0	1000.0	2455000	137.44081	88.566345	249.72221	-59.784164	-138.62715	16.763512	21210.472942113876
492	-238.3049	617.8467	353.545	-1139.7091	-204.18575	683.9162	961.5776	-1078.5856	1000.0	1000.0	2460000	137.16791	88.28868	253.23798	-18.624989	-138.31688	15.846437	21257.781157016754
493	-67.40512	612.2315	643.90564	-839.157	-81.103035	409.2575	460.132	-814.4292	1000.0	1000.0	2465000	135.48416	88.4105	243.0691	-20.298954	-136.60773	16.31406	21305.030924797058
494	-204.97234	629.99097	560.35364	-972.51434	-207.01384	537.06213	583.7803	-1060.7606	1000.0	1000.0	2470000	134.43863	88.71582	243.5367	-35.62459	-135.592	16.191803	21351.43580532074
495	151.38113	709.0814	777.28	-1212.2128	50.625854	700.66187	1316.6484	-856.3099	1000.0	1000.0	2475000	134.37439	88.80726	258.3158	-43.54383	-135.52438	15.558047	21397.42888212204
496	-395.89496	447.41125	114.404076	-1122.6547	153.36954	515.57947	787.0856	-777.40674	1000.0	1000.0	2480000	133.84987	89.19757	258.6413	-34.279778	-135.00546	15.971215	21444.148722410202
497	-329.58435	307.9598	227.11845	-643.1508	120.56264	352.98267	783.19543	-365.89502	1000.0	1000.0	2485000	132.99251	90.5412	252.1608	-98.92252	-134.11766	16.174126	21490.096214056015
498	-520.22546	941.6246	604.184	-1706.8116	-318.41852	995.5446	1104.7021	-1709.3906	1000.0	1000.0	2490000	131.91795	92.00002	259.55	-37.37401	-133.01282	15.911778	21536.084439516068
499	-374.3504	409.21494	134.55429	-1075.5961	116.78501	654.3252	1165.2916	-781.4644	1000.0	1000.0	2495000	131.19545	93.50042	251.70584	-106.7529	-132.3383	16.655495	21581.738931655884
