Epoch	AverageEpRet	StdEpRet	MaxEpRet	MinEpRet	EpLen	AverageVVals	StdVVals	MaxVVals	MinVVals	TotalEnvInteracts	LossPi	LossV	DeltaLossPi	DeltaLossV	Entropy	KL	Time
0	4477.672	60.52817	4549.8633	4375.646	1000.0	0.3073829	0.76698554	2.6505735	-2.46183	5000	0.077651	171472.05	-0.07862776	-10950.016	16.353607	0.7284793	20.28205156326294
1	4498.268	28.451056	4536.1143	4458.621	1000.0	13.463656	2.398892	14.231505	-13.177231	10000	-0.0038052064	162199.73	-0.054154426	-5353.1875	16.331432	0.69341254	31.56408715248108
2	4555.85	57.286755	4663.2295	4503.92	1000.0	20.224974	1.331553	20.456785	-8.456039	15000	0.013182984	161619.05	-0.036186837	-4620.2656	16.399622	0.7717893	42.18846845626831
3	4521.163	77.17384	4650.714	4435.3477	1000.0	26.116385	1.0130404	26.183626	-15.565227	20000	0.081205174	154852.11	-0.028268714	-4192.75	16.35661	0.70457	52.93325066566467
4	4469.2114	21.633701	4492.942	4429.27	1000.0	31.560553	1.4806666	31.639944	-30.733122	25000	0.027637243	146568.55	-0.027613195	-3945.0	16.38375	0.73476857	63.76329231262207
5	4508.1074	17.02945	4532.285	4490.61	1000.0	36.82276	1.761898	36.905636	-34.39328	30000	-0.0063017593	145396.5	-0.019220281	-3884.9062	16.357891	0.748117	74.81501340866089
6	4548.168	78.60708	4680.0444	4451.753	1000.0	41.89742	3.021312	42.12867	-35.61347	35000	-0.033510976	143775.19	-0.01961593	-3982.1094	16.313747	0.6907001	86.07278180122375
7	4515.8926	33.93567	4559.1216	4463.453	1000.0	47.215725	1.8341485	47.31806	-33.63331	40000	-0.0414854	137525.66	-0.018069763	-3716.5	16.446302	0.7680876	97.27192401885986
8	4515.8696	33.3926	4550.715	4464.3	1000.0	52.30392	2.2248456	52.41296	-33.40138	45000	0.0031576995	134662.34	-0.017560214	-3653.625	16.348196	0.75566447	108.57900643348694
9	4510.1973	51.501743	4585.377	4455.616	1000.0	57.393677	1.750329	57.464867	-33.72588	50000	0.028435571	131223.31	-0.017978702	-3520.875	16.344242	0.7320052	119.81502771377563
10	4521.499	84.17397	4664.689	4434.6855	1000.0	62.350086	2.6363075	62.4702	-37.380116	55000	0.11015155	128109.62	-0.014764048	-3510.1172	16.354004	0.72366697	131.86056065559387
11	4568.753	65.2365	4693.361	4511.883	1000.0	67.34136	2.148838	67.43972	-19.368027	60000	0.024856325	126607.28	-0.01381057	-3469.8203	16.376076	0.7034097	143.1546802520752
12	4507.7544	45.51553	4547.9897	4425.7886	1000.0	72.335144	1.6225876	72.40975	17.077246	65000	-0.1417941	120635.39	-0.015264511	-3295.0625	16.3005	0.73733866	154.47457718849182
13	4505.7153	48.272526	4565.6074	4457.9434	1000.0	77.28606	0.2470527	77.29546	61.857635	70000	0.036793265	116641.305	-0.014017677	-3175.3203	16.32855	0.75675625	165.89195895195007
14	4526.2725	31.729614	4579.7505	4494.2065	1000.0	82.09839	1.1806314	82.134186	16.728483	75000	0.06626185	114912.766	-0.01185048	-3157.4922	16.392174	0.7894493	177.55352401733398
15	4533.1675	38.01848	4578.409	4472.3735	1000.0	86.91423	1.8095434	86.96466	-0.15291715	80000	0.108440064	112279.2	-0.011697315	-3106.3125	16.417343	0.7980874	188.98016715049744
16	4497.06	49.98666	4552.9883	4421.356	1000.0	91.706024	1.8170501	91.77097	-9.039465	85000	-0.022600513	107030.49	-0.012264717	-2993.4766	16.436487	0.7868949	200.2369453907013
17	4503.3643	45.25947	4559.8057	4439.201	1000.0	96.462326	1.9372107	96.50968	-27.452698	90000	-0.017405206	104820.13	-0.014037786	-2946.8203	16.450981	0.8348206	211.66600108146667
18	4512.4507	12.750294	4528.1895	4494.984	1000.0	101.215836	0.53227127	101.234344	73.43593	95000	0.011740271	102931.38	-0.0092890505	-2890.5938	16.367506	0.7857409	222.89089560508728
19	4492.712	50.345116	4541.964	4422.1035	1000.0	105.9251	0.7308374	105.9482	67.76498	100000	-0.07673771	98042.53	-0.015792198	-2784.7578	16.390057	0.73398197	234.28032636642456
20	4486.3057	42.921875	4535.8857	4410.2495	1000.0	110.56138	1.3816848	110.59804	23.392803	105000	-0.0037695006	94823.08	-0.013347993	-2723.1719	16.457912	0.7820588	246.3246991634369
21	4536.986	95.861664	4654.952	4410.383	1000.0	115.16847	1.6416733	115.20916	6.317521	110000	0.07049391	94860.35	-0.012633469	-2746.2031	16.413881	0.7034394	257.6413824558258
22	4523.704	54.798676	4626.453	4475.146	1000.0	119.75916	3.7571974	119.8564	-92.312904	115000	0.0071512787	91806.914	-0.011891397	-2726.1562	16.408716	0.75791836	269.0085880756378
23	4504.1284	49.80853	4566.973	4426.688	1000.0	124.38125	2.753891	124.476364	5.257264	120000	6.9940186e-05	88186.38	-0.00951821	-2611.9453	16.467697	0.827191	280.4628574848175
24	4539.953	36.444042	4581.469	4485.1104	1000.0	128.94823	2.8104246	129.03969	6.102935	125000	-0.053013805	87098.234	-0.011194516	-2602.8906	16.326918	0.7613265	291.9107995033264
25	4545.328	35.1092	4578.477	4488.308	1000.0	133.52963	2.473384	133.61166	12.4091	130000	-0.050423175	85108.97	-0.013280094	-2566.6875	16.331787	0.66068166	303.5836102962494
26	4527.352	27.55923	4564.006	4481.27	1000.0	138.14792	0.98981315	138.18239	84.10848	135000	0.015461594	81807.36	-0.01306041	-2456.6094	16.415195	0.8051791	314.9553029537201
27	4538.625	20.903656	4555.2295	4499.003	1000.0	142.62646	2.3995948	142.70595	43.845875	140000	-0.124201685	79749.836	-0.013732865	-2443.3516	16.543987	0.9221219	326.42744636535645
28	4530.7803	53.396152	4603.693	4451.571	1000.0	147.16942	2.0561378	147.2134	4.524565	145000	-0.04847729	76656.055	-0.0120682195	-2347.75	16.437668	0.77977794	338.69382071495056
29	4486.366	35.103233	4524.1855	4433.403	1000.0	151.63443	1.7420064	151.67455	59.636684	150000	0.07273198	72497.01	-0.012411192	-2232.9062	16.39603	0.81457144	350.01742601394653
30	4507.428	56.485928	4574.5376	4422.6484	1000.0	155.88063	6.4012513	156.0599	-147.52863	155000	0.0038718109	71628.08	-0.013628973	-2319.3281	16.441809	0.75254285	361.7560317516327
31	4505.118	63.255352	4606.2236	4418.198	1000.0	160.4245	1.1643267	160.45908	99.23957	160000	-0.052136842	68690.78	-0.013321083	-2153.0625	16.458591	0.8108457	373.16434264183044
32	4558.8916	85.297554	4720.948	4477.555	1000.0	164.79144	0.9736585	164.82196	120.41613	165000	-0.041793026	69161.23	-0.011911076	-2165.3125	16.45777	0.8752258	384.55348801612854
33	4510.7407	40.813145	4564.0576	4457.501	1000.0	169.21544	0.37492883	169.22495	144.75313	170000	0.023133945	64083.33	-0.009691788	-2038.9883	16.419758	0.8629332	395.8717694282532
34	4581.558	71.638596	4646.028	4451.785	1000.0	173.5246	1.3147988	173.5449	80.62475	175000	-0.07861714	65688.95	-0.014311813	-2103.9336	16.365137	0.7542139	407.8016917705536
35	4491.285	34.368027	4543.7354	4436.2383	1000.0	177.90912	1.8437961	177.94176	48.292828	180000	0.066499606	59742.117	-0.013848159	-1938.1562	16.47822	0.84852266	419.1286027431488
36	4541.7456	103.58923	4737.2246	4454.3457	1000.0	182.19882	0.35918477	182.20528	157.08643	185000	-0.08808168	60432.31	-0.014412537	-1956.8398	16.30685	0.76910406	430.56056213378906
37	4524.018	69.66575	4662.432	4478.626	1000.0	186.49417	1.1799349	186.51405	103.22983	190000	0.08361666	57275.277	-0.012139633	-1883.3672	16.44592	0.79879457	441.9121301174164
38	4541.2227	66.28368	4646.808	4476.7056	1000.0	190.75082	0.6242511	190.76727	160.20197	195000	-0.08150221	56489.906	-0.012646884	-1870.3398	16.388172	0.7666042	453.2398097515106
39	4506.8037	67.72863	4594.047	4419.3096	1000.0	195.0303	0.1334872	195.0351	188.87181	200000	-0.0065030213	53177.023	-0.012396051	-1757.5234	16.32085	0.72159183	464.6519196033478
40	4502.5737	69.65151	4588.964	4411.087	1000.0	199.1439	2.4865565	199.21599	42.881058	205000	-0.13776205	50618.137	-0.011315435	-1736.2148	16.48019	0.80504423	476.76469564437866
41	4506.966	67.92163	4637.6807	4439.0146	1000.0	203.34483	0.46373427	203.3578	179.16667	210000	0.04043553	50228.99	-0.009951491	-1689.0898	16.4506	0.8211831	488.29867815971375
42	4524.1494	56.01498	4610.9375	4470.86	1000.0	207.50514	0.11830279	207.50877	201.63283	215000	-0.062033117	48761.434	-0.013633497	-1650.6914	16.35732	0.7611976	499.91226744651794
43	4481.6465	35.18734	4548.0728	4454.7334	1000.0	211.5848	2.7382264	211.65086	58.763176	220000	-0.03696044	45764.125	-0.010671344	-1605.1289	16.445688	0.85578907	511.1823687553406
44	4547.306	64.982864	4638.139	4465.6636	1000.0	215.665	1.9126678	215.72227	116.77183	225000	0.0012606232	46651.14	-0.013190555	-1639.3398	16.382652	0.8370418	522.7917289733887
45	4501.4233	64.65641	4620.8584	4440.158	1000.0	219.8155	1.8986825	219.87071	120.46761	230000	0.009790524	43342.54	-0.010700131	-1539.0586	16.306023	0.7519645	534.1947841644287
46	4515.9077	45.99642	4604.9517	4479.2666	1000.0	223.91322	1.0738436	223.9359	150.63307	235000	-0.12730151	41960.523	-0.009746775	-1482.6523	16.41686	0.7710896	545.6350109577179
47	4525.102	37.90925	4565.7485	4459.3564	1000.0	227.89897	3.5059917	227.97281	32.141087	240000	0.117220506	40707.31	-0.013044529	-1486.7852	16.474594	0.847547	557.0065636634827
48	4543.5728	44.64676	4605.6216	4485.934	1000.0	231.9646	1.5095723	232.00418	134.9264	245000	-0.04475694	39995.18	-0.012762185	-1440.0859	16.444134	0.8051592	568.6797204017639
49	4500.294	43.067165	4582.298	4458.3022	1000.0	236.00587	2.2328186	236.04346	79.11904	250000	-0.054828193	36437.977	-0.011497039	-1329.2227	16.537615	0.8478036	580.2900910377502
50	4528.4565	47.315422	4582.5137	4459.5645	1000.0	239.944	0.61565924	239.95853	198.3579	255000	-0.030399079	36356.297	-0.012642706	-1329.5	16.402382	0.7309428	592.4922034740448
51	4538.9595	70.98038	4678.8984	4485.8613	1000.0	243.9084	0.33121195	243.91548	221.64772	260000	0.0382918	35446.227	-0.011773869	-1295.6211	16.48806	0.85207635	603.9054064750671
52	4550.0864	36.51279	4597.963	4510.604	1000.0	247.85757	0.1844621	247.86443	237.40997	265000	0.059038647	34566.965	-0.010241553	-1281.5156	16.49551	0.79826015	615.2516968250275
53	4532.923	63.066074	4652.8877	4483.346	1000.0	251.81564	0.3114271	251.82469	234.3319	270000	-0.019385248	32890.82	-0.013200626	-1224.6602	16.4931	0.82856405	626.601261138916
54	4529.118	53.572468	4613.7603	4480.5703	1000.0	255.72517	0.34204966	255.73296	232.45326	275000	-0.124211594	31956.275	-0.012710303	-1182.1855	16.430271	0.85286045	638.2392950057983
55	4543.546	51.182636	4618.4795	4484.6045	1000.0	259.57175	1.4283124	259.6068	175.19238	280000	0.06998012	30513.57	-0.011809271	-1166.2109	16.433939	0.8102048	650.2403693199158
56	4490.6553	54.86227	4564.859	4414.9927	1000.0	263.4662	0.20088607	263.47284	253.69493	285000	0.012518158	28096.467	-0.010885431	-1056.3457	16.484663	0.8698076	661.6707892417908
57	4518.259	51.213978	4592.012	4457.9053	1000.0	267.21036	0.016093504	267.2109	266.26477	290000	-0.027116232	28000.215	-0.013619352	-1052.6875	16.343435	0.745924	673.1243147850037
58	4523.8584	28.734997	4567.4546	4488.1685	1000.0	270.97144	0.0035685506	270.97165	270.80264	295000	0.07592183	26844.375	-0.013448201	-1012.78906	16.394878	0.7710046	684.2446403503418
59	4525.224	47.342567	4585.7314	4440.4346	1000.0	274.69836	0.12867744	274.70154	266.72943	300000	0.031096766	26016.602	-0.0141043775	-993.31445	16.441298	0.75969493	696.2137444019318
60	4552.8623	26.604134	4586.2886	4517.6416	1000.0	278.42734	0.021734357	278.4281	277.12256	305000	0.0049919495	25841.066	-0.012438595	-981.3672	16.391075	0.77295107	708.3353168964386
61	4485.038	18.289066	4512.879	4458.689	1000.0	282.16104	0.40861806	282.16913	254.0418	310000	-0.04112319	22788.39	-0.010868754	-866.37695	16.495996	0.8782661	719.708283662796
62	4503.5767	22.968735	4542.2476	4476.823	1000.0	285.72406	0.041171785	285.7255	283.90298	315000	0.053093225	22469.12	-0.010867197	-862.25195	16.423527	0.8083522	731.1552760601044
63	4504.846	82.81692	4653.632	4419.2183	1000.0	289.3021	0.08199357	289.30438	284.7519	320000	0.018646732	21903.846	-0.0140598975	-817.1504	16.50909	0.8035376	742.8030886650085
64	4539.03	51.327076	4599.712	4463.3745	1000.0	292.82956	0.15537687	292.8329	282.2973	325000	0.041669574	21848.75	-0.012106348	-831.7969	16.405113	0.8076574	754.0786418914795
65	4542.1694	32.492805	4602.623	4504.5576	1000.0	296.41534	0.19913414	296.42145	287.99365	330000	0.0028482513	20794.387	-0.012943545	-801.15234	16.32626	0.7852956	765.6575136184692
66	4496.099	14.315601	4513.4185	4476.171	1000.0	299.9689	0.54336286	299.98306	271.62607	335000	0.027571699	18976.123	-0.009378858	-712.7715	16.469189	0.79626894	777.1868696212769
67	4530.808	62.277683	4606.2334	4456.0386	1000.0	303.32224	3.4063535	303.38965	66.508736	340000	-0.09026882	19114.295	-0.011728905	-749.88477	16.407152	0.79917794	788.5919291973114
68	4523.8076	75.03602	4642.055	4416.503	1000.0	306.7838	2.3011343	306.83432	167.35562	345000	0.03994079	18727.217	-0.014616309	-723.5332	16.482471	0.8362685	799.7766177654266
69	4514.9062	38.57635	4567.2417	4450.704	1000.0	310.29004	0.17748715	310.2949	300.0749	350000	-0.033141285	17330.127	-0.011074174	-640.5039	16.41208	0.80326474	811.4462645053864
70	4551.7617	86.85546	4660.0356	4423.7324	1000.0	313.635	0.021071263	313.63565	312.5387	355000	-0.007794322	17317.172	-0.009986911	-647.49805	16.433756	0.85392237	823.6854288578033
71	4497.3096	35.63067	4533.916	4451.243	1000.0	317.0254	0.044055574	317.0266	314.34366	360000	-0.042870842	16089.318	-0.013843391	-569.9844	16.487366	0.8710835	834.9124684333801
72	4553.993	63.571926	4669.9814	4477.0557	1000.0	320.25626	0.18051447	320.2612	310.346	365000	0.10565134	16307.965	-0.010893136	-605.6465	16.38098	0.8702494	846.0804674625397
73	4496.442	76.35846	4586.06	4374.7393	1000.0	323.61194	0.106503665	323.61398	316.2161	370000	0.14241457	15162.311	-0.010284036	-527.91016	16.457388	0.79673135	857.6021339893341
74	4511.16	72.95653	4652.5923	4443.994	1000.0	326.7459	1.9173771	326.7995	207.62228	375000	-0.011681253	14745.547	-0.01085593	-508.44922	16.421019	0.7971266	868.9881632328033
75	4518.845	66.240616	4628.692	4429.5923	1000.0	329.9108	0.7067636	329.92197	279.98465	380000	0.043167934	14202.17	-0.0136496965	-479.0244	16.358814	0.7130009	880.2899041175842
76	4499.2593	22.463982	4521.023	4456.637	1000.0	333.012	0.49962288	333.02112	298.4629	385000	-0.0722598	13448.586	-0.011227295	-444.27246	16.454826	0.8753509	891.7531585693359
77	4491.1016	20.502527	4525.0234	4472.6035	1000.0	336.0302	0.7268936	336.0462	285.9194	390000	-0.0842419	12703.066	-0.0117965415	-406.26953	16.422882	0.83724016	903.4249250888824
78	4450.4346	28.012533	4479.3276	4401.722	1000.0	338.97366	0.25189298	338.97977	323.1294	395000	-0.021463677	11575.185	-0.011383135	-333.88867	16.442879	0.8099483	915.1584320068359
79	4541.831	54.91269	4628.254	4463.5483	1000.0	341.67685	0.49357665	341.68903	310.61765	400000	-0.0026579956	12446.041	-0.01429492	-407.17285	16.459072	0.72300625	926.6263563632965
80	4508.0933	69.283424	4578.9233	4388.3384	1000.0	344.67133	0.24157895	344.6792	330.58914	405000	0.033782337	11270.046	-0.012992427	-355.89355	16.436916	0.7853449	939.0023493766785
81	4536.379	75.641136	4634.559	4459.6045	1000.0	347.469	2.479453	347.53104	193.5573	410000	0.004727936	11891.552	-0.012762133	-379.28906	16.453491	0.8438123	950.8716673851013
82	4513.411	74.10522	4622.015	4395.0874	1000.0	350.42236	0.48575345	350.4332	316.58966	415000	0.00097190856	11493.589	-0.012289831	-373.61328	16.403938	0.7991603	962.6291897296906
83	4532.721	63.50576	4641.687	4454.032	1000.0	353.0897	1.5225767	353.23288	316.33572	420000	0.06387753	10912.507	-0.018129691	-458.1621	16.407333	0.84623945	974.0262105464935
84	4516.63	79.14016	4641.5825	4396.425	1000.0	355.8308	5.5977106	356.03177	99.14503	425000	0.033934966	10560.081	-0.009707177	-588.0762	16.438126	0.77754724	985.3192501068115
85	4534.138	50.74923	4590.681	4450.122	1000.0	357.80786	5.4252234	358.67755	230.99255	430000	-0.02131421	10867.644	-0.012004444	-501.50586	16.48448	0.8312569	996.6488037109375
86	4512.1284	54.521797	4606.5654	4442.0913	1000.0	358.88647	10.445026	361.3551	219.90765	435000	-0.006268918	10120.758	-0.01036386	-853.25684	16.407915	0.8537578	1008.0305247306824
87	4542.69	47.39611	4592.6084	4460.489	1000.0	363.09576	7.9394336	363.87866	20.233562	440000	0.1572542	10295.689	-0.0090762675	-1300.4502	16.325966	0.8013995	1019.4517245292664
88	4499.779	22.052416	4523.7793	4462.7246	1000.0	356.13116	21.897474	366.65692	179.1524	445000	0.03174311	9256.078	-0.0126615	-2377.1255	16.579332	0.9201296	1031.0028386116028
89	4499.804	45.256443	4563.9087	4448.8228	1000.0	356.2169	36.893177	369.43753	-138.0148	450000	-0.07582915	11356.761	-0.01363828	-3024.1514	16.471775	0.8602626	1042.0696556568146
90	4554.6587	73.60048	4697.4106	4486.5396	1000.0	367.4348	17.268473	371.87408	7.858458	455000	0.031012336	10570.117	-0.013805533	-1537.5967	16.489916	0.83710206	1054.3991177082062
91	4516.13	33.1073	4554.331	4458.0825	1000.0	360.6189	32.32517	374.32083	-310.22104	460000	0.001846756	11389.248	-0.013369214	-2666.1172	16.43249	0.8010465	1065.9015080928802
92	4503.257	71.28252	4623.9526	4407.9604	1000.0	371.5487	17.355879	376.64062	16.455835	465000	0.11417002	9826.503	-0.009359695	-1759.7559	16.476244	0.83652276	1077.202300786972
93	4522.7964	62.29333	4635.9077	4465.5605	1000.0	372.9506	17.089916	378.84558	228.669	470000	0.09076494	9369.819	-0.010324389	-1267.0386	16.516768	0.9050714	1088.4405336380005
94	4554.0405	77.55428	4648.784	4439.347	1000.0	377.91226	11.758092	381.09213	204.70811	475000	0.025517214	9774.696	-0.0126331905	-1802.6309	16.409313	0.8451899	1099.7520673274994
95	4499.2837	80.24244	4652.5747	4425.4077	1000.0	371.87466	25.829044	383.49158	62.124893	480000	0.049137414	9879.192	-0.012802988	-2017.229	16.481281	0.82256794	1111.2520186901093
96	4492.7334	91.097885	4620.2275	4345.2515	1000.0	380.97766	16.148634	385.51233	186.11958	485000	-0.10547405	8767.241	-0.0117447525	-1422.2798	16.358925	0.7911343	1122.4756400585175
97	4491.731	64.580475	4565.189	4391.7124	1000.0	374.0304	27.657791	387.43573	36.080414	490000	-0.03392669	9397.626	-0.011770349	-2214.6538	16.458094	0.8489384	1133.727091550827
98	4552.1597	71.682884	4642.4824	4451.39	1000.0	380.96875	19.832743	389.0932	149.02498	495000	0.02225517	9022.305	-0.013222308	-2239.335	16.377554	0.7749664	1145.1489779949188
99	4466.587	63.65525	4567.9194	4399.792	1000.0	379.3914	25.956196	391.24902	159.46208	500000	0.0628495	8652.316	-0.0095014535	-2845.6182	16.400488	0.816566	1156.437795639038
100	4474.518	69.92785	4541.3276	4348.8457	1000.0	380.96765	25.605347	393.1132	119.51383	505000	-0.016750714	8400.269	-0.011355884	-2265.8604	16.277157	0.71765965	1168.573660850525
101	4485.4355	80.40636	4576.195	4335.648	1000.0	385.6586	23.170486	394.93628	156.88875	510000	-0.06876125	8039.455	-0.012530401	-1445.3013	16.53932	0.84614336	1179.8228397369385
102	4520.5483	63.135395	4639.643	4461.968	1000.0	370.29752	45.015636	396.5366	97.35238	515000	-0.015113056	10895.022	-0.012885125	-3923.46	16.442663	0.75888026	1191.2343184947968
103	4506.0283	44.66168	4557.202	4423.646	1000.0	393.1611	15.053544	398.21567	189.47113	520000	0.056858752	8523.9795	-0.011751197	-1161.5132	16.431496	0.7761533	1202.496414422989
104	4474.322	66.79927	4591.891	4396.9097	1000.0	389.60266	25.076174	399.49387	153.94327	525000	-0.073746435	8523.147	-0.014049664	-2095.126	16.391413	0.8002209	1213.7327437400818
105	4492.8164	36.137497	4549.7046	4452.747	1000.0	384.892	29.791473	400.6504	127.49999	530000	-0.05710289	8621.495	-0.011742257	-2793.334	16.39711	0.7565233	1225.4721376895905
106	4516.1665	40.501106	4567.6626	4464.813	1000.0	385.5384	32.56704	402.28528	67.344406	535000	-0.1786458	8691.776	-0.009533718	-2459.5117	16.465946	0.844491	1236.713562965393
107	4508.564	40.166763	4584.1274	4466.947	1000.0	377.84885	47.24636	403.88046	73.557526	540000	0.010295978	11206.757	-0.012791181	-3953.837	16.434004	0.8041207	1247.9192333221436
108	4505.5864	68.986725	4633.014	4423.5776	1000.0	401.35406	13.964719	404.9635	145.05753	545000	-0.06150736	8108.2095	-0.013025239	-1452.7495	16.426178	0.73244315	1259.2582046985626
109	4513.768	41.22107	4576.0923	4462.2285	1000.0	393.84177	26.840925	405.86737	168.56635	550000	0.007734772	8415.856	-0.011475684	-2329.7603	16.452503	0.83907646	1271.339038848877
110	4526.211	35.02545	4587.035	4482.5938	1000.0	387.14532	37.128334	407.11545	131.97188	555000	0.019739848	9633.822	-0.010957151	-2743.7935	16.495262	0.8977167	1283.7530074119568
111	4498.5234	52.771423	4558.174	4431.7344	1000.0	400.0352	20.980206	408.23846	111.605705	560000	-0.0033839662	8484.042	-0.014992746	-1521.8965	16.502657	0.83809286	1295.331710100174
112	4536.155	20.16604	4565.2036	4507.942	1000.0	393.7159	27.336166	408.91116	199.7096	565000	0.021248318	8694.953	-0.013142007	-2135.5996	16.3973	0.8263033	1306.695016860962
113	4499.3037	47.10404	4583.713	4451.137	1000.0	392.1098	31.561756	410.00452	107.60478	570000	-0.07882775	8789.419	-0.012695156	-2610.9136	16.452156	0.8650274	1317.9173340797424
114	4538.177	54.935646	4624.8564	4469.759	1000.0	394.5725	30.450432	411.14084	68.78515	575000	0.020666797	9020.008	-0.0130952755	-2418.5469	16.493532	0.7922007	1329.3274159431458
115	4498.3174	32.28411	4539.49	4446.122	1000.0	396.2564	27.84751	412.1973	134.46843	580000	-0.08118254	8509.552	-0.015390202	-2178.6328	16.415545	0.7886426	1340.8361504077911
116	4459.6626	67.83274	4548.5615	4352.9834	1000.0	394.2564	28.758747	412.82074	160.02977	585000	-0.013000714	8344.331	-0.012571162	-2790.642	16.411915	0.74827474	1352.2768294811249
117	4489.627	52.90212	4577.393	4421.3765	1000.0	387.80222	37.496067	413.4643	62.797546	590000	0.03048368	9007.881	-0.013500178	-3229.2783	16.428974	0.8055499	1363.6496603488922
118	4582.573	111.91568	4757.245	4473.611	1000.0	382.51004	46.26135	414.65982	58.973206	595000	-0.039998695	10810.741	-0.0122740455	-4177.0054	16.458357	0.8138546	1375.0180990695953
119	4491.9907	47.306004	4531.8896	4399.1436	1000.0	400.50482	30.80647	416.13257	78.32769	600000	0.04409115	8512.56	-0.015222864	-2319.0498	16.585213	0.94136506	1386.383454799652
120	4509.007	42.003944	4576.0557	4444.3286	1000.0	400.07016	29.391178	416.45932	135.40874	605000	0.08443813	8747.992	-0.014001325	-2437.3804	16.387299	0.8014182	1398.7174265384674
121	4512.964	45.105556	4582.1753	4461.0547	1000.0	394.94385	32.019814	417.11093	232.05093	610000	-0.08700087	9200.058	-0.014716476	-2669.4126	16.366373	0.7185002	1409.7872450351715
122	4545.752	102.75109	4728.7803	4420.555	1000.0	393.04684	34.26361	417.61465	198.50784	615000	-0.062260363	9588.962	-0.011851151	-3141.6162	16.446777	0.8208187	1421.2574617862701
123	4496.337	75.69484	4610.645	4405.342	1000.0	399.76764	29.01116	418.87054	204.54681	620000	0.05267838	8454.8955	-0.01036242	-2060.9985	16.483418	0.78636134	1432.6772561073303
124	4508.7812	48.770126	4557.505	4416.6753	1000.0	396.5134	32.985794	419.17874	163.65567	625000	0.0126666445	9554.414	-0.010818089	-2770.9062	16.516346	0.8506662	1444.0284769535065
125	4492.657	33.27165	4532.2725	4452.854	1000.0	395.1397	33.1122	419.53915	-4.9870787	630000	0.094609566	8679.886	-0.010699585	-2848.2275	16.487465	0.7867332	1455.1377716064453
126	4531.963	48.243996	4595.506	4452.2227	1000.0	398.3782	31.32977	420.01764	225.1248	635000	0.00818172	8264.243	-0.011794836	-2495.1777	16.512045	0.90619725	1466.9834156036377
127	4515.6704	32.987423	4577.801	4486.1973	1000.0	399.24844	32.62004	420.91156	70.45531	640000	0.030939184	8750.261	-0.011939831	-2455.8506	16.451729	0.8591529	1478.3692576885223
128	4579.385	96.724174	4741.8574	4443.268	1000.0	397.76486	32.621174	421.45737	133.07974	645000	0.00032856446	9916.298	-0.015574145	-2718.8032	16.513636	0.86121	1489.425776720047
129	4523.03	54.33029	4594.7534	4450.355	1000.0	398.5967	32.273174	422.7122	101.04504	650000	0.00038133544	9101.026	-0.015018585	-2112.6646	16.385479	0.79066145	1500.7863867282867
130	4531.622	55.28075	4604.362	4461.4604	1000.0	406.92337	24.79525	422.47885	230.69545	655000	0.01238306	8748.84	-0.013763513	-1920.166	16.512194	0.8828794	1513.4479806423187
131	4522.3257	26.687387	4568.31	4488.3037	1000.0	400.3268	29.716755	422.50598	252.54305	660000	-0.053731993	9049.453	-0.012265004	-2300.8257	16.40861	0.7946576	1524.6377747058868
132	4519.5815	68.9965	4640.645	4458.617	1000.0	400.24442	31.435219	422.48346	142.80653	665000	-0.11793638	9506.779	-0.0137985125	-2967.9111	16.393164	0.720834	1535.9446318149567
133	4561.6655	50.965416	4643.251	4492.9927	1000.0	395.3084	33.19769	423.06702	198.17165	670000	-0.051631738	9195.069	-0.0120239	-2940.0205	16.490469	0.8985565	1547.4487164020538
134	4490.345	38.463585	4531.208	4420.9707	1000.0	399.00183	33.661137	424.18918	157.84628	675000	-0.032953035	8492.526	-0.0131408125	-2521.8174	16.436779	0.850699	1558.9683985710144
135	4554.202	76.595085	4698.6084	4477.9795	1000.0	401.21143	31.386286	424.17728	204.26831	680000	0.029647168	9029.431	-0.012004284	-2588.3667	16.45815	0.8162878	1570.3193759918213
136	4513.8794	12.363807	4535.5293	4501.017	1000.0	402.6579	30.22319	425.04715	190.13179	685000	0.011964112	8638.984	-0.011491803	-2272.874	16.549902	0.86259705	1582.3748331069946
137	4503.126	51.309937	4573.0127	4427.2734	1000.0	397.50092	34.492817	425.16528	186.81584	690000	-0.017244976	8782.614	-0.012556305	-2480.478	16.416893	0.816163	1593.9443006515503
138	4540.0576	69.56365	4673.8613	4471.7275	1000.0	400.39075	32.291916	425.04056	175.53117	695000	-0.023871949	8691.037	-0.01329851	-2675.06	16.566133	0.915118	1605.6108300685883
139	4533.2183	27.610254	4572.6035	4487.7065	1000.0	397.9513	36.19138	426.1639	82.13377	700000	0.03259867	8882.125	-0.012931081	-2570.7373	16.412718	0.7958243	1617.1937222480774
140	4513.2563	33.999264	4561.5522	4471.5317	1000.0	404.81174	29.797611	426.86835	78.45416	705000	-0.069156885	8763.914	-0.009907395	-2385.8457	16.427048	0.80564636	1629.7421221733093
141	4486.5146	21.32062	4513.529	4447.849	1000.0	396.8097	35.779408	427.46918	172.09521	710000	-0.00997436	9054.032	-0.01275421	-2819.5737	16.368382	0.7963748	1641.1745557785034
142	4487.9775	42.339607	4549.9697	4437.9507	1000.0	402.3808	32.179775	427.1984	188.49074	715000	-0.11657656	8466.007	-0.014509551	-2582.3862	16.36286	0.79809463	1652.3435227870941
143	4525.9106	72.06198	4662.239	4457.8555	1000.0	404.84875	30.521765	427.23447	198.45615	720000	0.026247924	8819.583	-0.01329375	-2407.6973	16.531765	0.8207618	1663.6886720657349
144	4505.3257	27.652279	4534.8354	4458.8916	1000.0	398.861	36.90783	427.56534	126.96619	725000	-0.010226538	8628.943	-0.014578259	-2879.2588	16.304356	0.77243274	1675.2296628952026
145	4546.858	65.04702	4640.3784	4473.8315	1000.0	398.6395	39.518147	428.6278	62.510696	730000	0.1303916	9000.443	-0.011755504	-3127.2715	16.368834	0.75613	1686.5967786312103
146	4533.8955	92.1564	4688.85	4443.84	1000.0	400.22104	39.541695	429.69223	123.41778	735000	0.05622296	9056.69	-0.0152437985	-2816.1304	16.444199	0.78018177	1697.8977432250977
147	4473.359	37.52167	4528.67	4421.637	1000.0	396.00024	40.2148	430.19983	94.74375	740000	-0.013147058	9001.453	-0.013389606	-3033.127	16.496475	0.91645783	1709.1748456954956
148	4524.1655	43.90554	4608.8037	4488.4717	1000.0	404.43814	30.9761	429.55902	195.33415	745000	0.0017588257	8906.243	-0.0133281555	-2057.1392	16.479166	0.8665	1720.478101015091
149	4524.2734	73.48171	4663.991	4460.4673	1000.0	402.36154	29.394012	428.628	186.29413	750000	0.054660663	7991.738	-0.012849126	-2609.2866	16.422464	0.79037654	1731.3332817554474
150	4503.241	54.534737	4559.6333	4405.945	1000.0	410.9891	26.991945	429.28683	182.5421	755000	0.062358893	7956.4575	-0.010043677	-1973.3237	16.483818	0.86958027	1743.4941842556
151	4524.0376	46.036133	4564.2812	4435.464	1000.0	403.017	34.077976	429.6265	140.90746	760000	-0.007530762	9559.147	-0.012604041	-2403.7441	16.382095	0.8418559	1754.66273188591
152	4510.565	27.841537	4555.4097	4477.855	1000.0	395.72876	35.26765	428.99493	122.235695	765000	-0.09138756	9522.06	-0.0120342	-2389.0234	16.541409	0.87278116	1765.6967933177948
153	4502.1064	71.65826	4593.026	4381.255	1000.0	407.5422	24.831196	428.50226	231.36888	770000	-0.050177723	8663.804	-0.014898375	-2076.9214	16.546066	0.89244276	1776.502883195877
154	4540.11	53.12111	4633.2676	4484.734	1000.0	396.1346	31.472563	428.29562	226.19403	775000	0.052361492	8999.508	-0.012174953	-2696.8276	16.56925	0.89041775	1787.4180526733398
155	4461.8057	20.695557	4485.5454	4428.2476	1000.0	398.85294	35.00053	429.7448	131.24385	780000	-0.033423133	8524.451	-0.012731962	-2687.4985	16.510504	0.8345092	1798.6061675548553
156	4482.0	48.009716	4524.0557	4395.342	1000.0	408.18973	27.666939	430.00604	148.14485	785000	0.07529781	8529.216	-0.010730468	-2380.4067	16.34331	0.7661217	1809.3353908061981
157	4529.7476	57.102898	4593.433	4445.926	1000.0	388.57706	42.96701	430.47903	139.84631	790000	0.047956165	9705.953	-0.013372827	-3349.4	16.331932	0.8363992	1820.312177181244
158	4533.6045	64.339676	4638.416	4443.8325	1000.0	406.79935	28.033054	429.83255	143.84245	795000	0.062665686	9065.486	-0.013609432	-1799.8989	16.550426	0.9138411	1831.3095872402191
159	4515.005	25.567888	4561.325	4482.699	1000.0	392.0282	37.383995	429.18073	149.00432	800000	-0.04884999	9070.941	-0.011960205	-3223.9521	16.436565	0.83995956	1842.4027562141418
160	4560.413	69.59121	4694.2314	4502.3433	1000.0	409.2715	29.25943	429.94803	21.764122	805000	-0.04465559	9031.392	-0.016217284	-2179.917	16.539257	0.86433923	1854.4064993858337
161	4516.032	35.62399	4559.352	4477.2324	1000.0	399.47952	35.66704	430.62717	120.61034	810000	-0.012168481	8895.198	-0.011311731	-2581.7861	16.434568	0.83236736	1865.4391632080078
162	4522.1377	28.31099	4555.3286	4480.84	1000.0	400.908	33.610394	429.97598	170.7571	815000	0.04472415	9059.187	-0.011848658	-2364.3135	16.531557	0.8986749	1876.5604174137115
163	4500.5444	26.464422	4526.1387	4449.945	1000.0	405.90256	26.462603	429.89618	232.87616	820000	0.07709802	8297.563	-0.0113686845	-2074.8154	16.36308	0.79491645	1888.144297361374
164	4529.4346	29.235096	4555.5464	4475.5044	1000.0	400.0234	33.523582	429.36182	177.92018	825000	0.007494287	8547.003	-0.013155151	-2293.7236	16.4654	0.89504474	1899.0962193012238
165	4481.715	79.08045	4586.3525	4397.3086	1000.0	398.66614	37.043278	430.1309	131.88602	830000	-0.02607204	9052.049	-0.01163543	-2443.685	16.552937	0.8432732	1910.0997288227081
166	4517.5044	59.261814	4611.215	4450.724	1000.0	395.13492	32.180794	429.15863	167.11676	835000	0.023445606	9237.13	-0.012223414	-2532.6147	16.562513	0.8925463	1921.4019479751587
167	4528.1514	60.815914	4614.9653	4449.6064	1000.0	406.5681	27.669287	428.5871	73.28733	840000	0.07775239	8419.875	-0.012104265	-1829.1191	16.558886	0.93593454	1932.3662657737732
168	4506.697	35.922955	4538.253	4436.597	1000.0	406.00964	24.35503	428.5612	247.83177	845000	-0.01028075	8515.507	-0.011363872	-2192.4458	16.434425	0.80434334	1943.4992368221283
169	4522.8574	57.427166	4635.4976	4477.471	1000.0	402.2488	33.960766	429.80313	125.55635	850000	0.03134383	8352.97	-0.012625806	-2609.7651	16.514505	0.9152875	1954.642130613327
170	4530.316	61.878445	4611.0464	4444.27	1000.0	390.0905	46.333492	432.4902	80.10054	855000	-0.06328992	10426.476	-0.012609884	-3803.291	16.479559	0.8404121	1966.6120414733887
171	4521.0107	57.247665	4598.2173	4447.375	1000.0	405.7446	28.777788	429.24112	188.44838	860000	-0.0812097	8595.568	-0.010077655	-1931.7012	16.45762	0.8894675	1977.3635613918304
172	4493.675	63.799007	4617.874	4448.2363	1000.0	396.43274	32.63949	429.25107	175.9874	865000	0.024406387	8598.381	-0.012952493	-2254.5215	16.557453	0.9481934	1988.386676311493
173	4498.8994	55.952515	4550.93	4390.082	1000.0	404.0124	29.579191	430.20346	213.19081	870000	-0.034965172	8563.817	-0.011145461	-1873.6221	16.39249	0.8299473	1999.8625059127808
174	4554.418	66.084724	4635.013	4478.902	1000.0	403.3185	26.935665	429.71613	230.65518	875000	0.076725364	8862.605	-0.01261697	-1774.2949	16.495924	0.86991835	2010.641892671585
175	4489.165	35.850708	4540.385	4450.511	1000.0	404.3055	29.056559	431.67395	202.11565	880000	-0.04074132	8602.167	-0.012790497	-2065.2383	16.521656	0.8594043	2021.6231670379639
176	4532.917	70.19694	4665.783	4466.5366	1000.0	401.82394	32.93705	430.22183	114.64375	885000	0.07014513	8683.328	-0.009588137	-2105.7954	16.4657	0.880821	2032.58043050766
177	4456.5254	44.416424	4538.7393	4412.2485	1000.0	402.011	29.03668	429.09708	201.05583	890000	0.0042932373	8097.7134	-0.010622498	-2076.5464	16.427788	0.8412088	2043.6790549755096
178	4543.21	31.00134	4572.208	4488.209	1000.0	403.78693	26.599495	428.76794	171.60822	895000	-0.04641777	8724.85	-0.013742484	-1759.249	16.435846	0.85354763	2054.5328240394592
179	4563.7334	63.66033	4637.267	4475.414	1000.0	403.00204	27.650698	429.3534	203.81436	900000	0.022385685	9065.351	-0.011480586	-2099.2896	16.45901	0.8104086	2065.839519262314
180	4464.1084	46.344494	4505.201	4373.928	1000.0	407.8156	24.496471	429.02094	196.52263	905000	-0.026181681	8256.525	-0.01018787	-2344.3745	16.359552	0.7655882	2078.3631460666656
181	4549.8887	77.64668	4652.4897	4460.52	1000.0	402.2532	32.06706	430.41022	174.08258	910000	0.04200564	9603.394	-0.011339985	-2192.064	16.424051	0.8296637	2089.3374886512756
182	4488.311	29.67146	4518.105	4442.1245	1000.0	397.936	27.41332	429.10654	209.08188	915000	-0.14975458	8551.205	-0.013698861	-1710.3955	16.632793	1.006816	2100.45335149765
183	4504.214	37.369896	4574.3936	4470.5986	1000.0	405.01016	27.291813	429.60965	102.15473	920000	0.0646987	8738.812	-0.01383923	-2003.9429	16.633812	0.90011454	2111.5540182590485
184	4505.2188	43.799934	4581.204	4466.239	1000.0	403.80713	27.676798	430.06064	250.52417	925000	0.019557241	8783.067	-0.011083346	-1755.3936	16.49539	0.9152093	2122.814533472061
185	4564.1724	62.160778	4630.4976	4465.143	1000.0	396.74277	29.273714	429.21817	147.56833	930000	0.06801841	9194.431	-0.013778146	-2271.9746	16.478529	0.8867868	2133.857591867447
186	4540.4897	72.57825	4616.2593	4450.407	1000.0	402.39688	28.05857	431.31735	171.19456	935000	-0.10192378	8563.308	-0.011896171	-1939.7231	16.421448	0.83454823	2144.817446708679
187	4531.1396	37.974174	4591.922	4477.612	1000.0	406.48685	27.259005	432.51865	189.5825	940000	0.091385245	8355.339	-0.009486683	-1891.187	16.554869	0.884758	2155.9343342781067
188	4493.8955	33.226192	4537.7715	4436.4263	1000.0	406.30133	32.168175	433.71042	193.64395	945000	-0.024998657	8583.737	-0.010427196	-1698.8735	16.504633	0.87206113	2166.808706998825
189	4511.7227	35.4747	4561.518	4472.907	1000.0	400.09326	28.145494	431.57214	185.36696	950000	0.07422903	8612.434	-0.012950759	-1927.2715	16.520863	0.91015196	2177.5124821662903
190	4565.9214	67.551056	4686.222	4492.717	1000.0	405.12344	25.27177	432.8512	244.74493	955000	-0.074480176	8755.236	-0.011384524	-1740.7705	16.520792	0.8982385	2189.7211327552795
191	4518.0186	67.149734	4625.8438	4417.2705	1000.0	405.97403	29.165583	434.2731	175.785	960000	-0.03734907	8623.355	-0.01217616	-2104.8037	16.615818	0.98304063	2201.5139763355255
192	4472.8066	80.4031	4600.954	4349.3003	1000.0	399.92813	33.57643	433.17258	181.48221	965000	-0.18629874	8530.174	-0.0101136565	-2119.9995	16.428112	0.7696166	2212.177611351013
193	4501.3535	52.425705	4591.776	4436.289	1000.0	400.3886	29.465893	432.92996	177.27914	970000	-0.04009182	8600.015	-0.012945447	-1850.0757	16.534304	0.8839934	2222.8746507167816
194	4495.3896	46.521236	4550.337	4413.9565	1000.0	401.5305	28.942425	433.03314	166.20616	975000	-0.09987104	9027.56	-0.012586869	-1990.3354	16.48229	0.8664995	2233.97323179245
195	4527.309	59.17668	4592.705	4442.7114	1000.0	399.6624	23.813427	434.49146	266.40088	980000	0.014844995	8626.235	-0.012496387	-1589.0273	16.42322	0.78508085	2245.22744512558
196	4478.197	45.953217	4564.4297	4435.467	1000.0	405.30283	24.149792	433.92804	250.33887	985000	-0.0055074096	8518.3125	-0.012779072	-1601.8564	16.473133	0.8689661	2255.94961643219
197	4461.453	70.81539	4579.2817	4382.827	1000.0	403.63937	25.851171	432.67838	231.19095	990000	0.009626959	8611.103	-0.012942813	-1684.7026	16.547888	0.9374555	2266.894749403
198	4537.5654	48.55595	4599.835	4458.371	1000.0	402.3849	24.553755	430.88297	254.94826	995000	-0.04801284	8794.661	-0.015629295	-1659.1875	16.417528	0.7897198	2277.852642774582
199	4493.0664	56.18317	4565.929	4398.6357	1000.0	406.91425	24.277607	432.3343	227.04568	1000000	0.014806683	8382.845	-0.010062186	-1735.707	16.519777	0.85439104	2289.130884885788
200	4515.6357	49.430386	4578.167	4436.0273	1000.0	396.7279	29.761688	434.36258	187.43323	1005000	0.032624602	8767.667	-0.011943584	-1987.4253	16.411757	0.7878333	2301.1931912899017
201	4487.3647	73.57796	4620.9062	4421.0435	1000.0	406.88107	27.725397	433.88544	157.54109	1010000	0.02176228	8324.719	-0.012423901	-1734.9409	16.451698	0.826908	2312.39421415329
202	4519.3877	41.588646	4578.337	4451.945	1000.0	399.90735	28.144188	432.89932	227.33351	1015000	0.047253754	8467.905	-0.014371477	-2103.852	16.4939	0.91818106	2323.543812274933
203	4535.987	75.12037	4669.366	4470.388	1000.0	404.0479	28.480843	433.8324	200.27306	1020000	-0.062118646	8731.216	-0.014402721	-2126.775	16.541574	0.8720772	2334.4200723171234
204	4494.255	62.59512	4564.445	4413.8403	1000.0	402.25186	31.725737	434.53375	203.32129	1025000	-0.009411109	8203.48	-0.013787503	-1939.5303	16.47119	0.8606572	2345.333528995514
205	4565.975	72.95008	4683.231	4468.9927	1000.0	401.4931	31.121838	432.7245	124.23384	1030000	-0.01995546	8855.641	-0.012186579	-2156.712	16.53809	0.8900572	2356.3957850933075
206	4505.3374	49.94087	4587.527	4459.973	1000.0	402.22464	32.00172	434.70825	230.8768	1035000	-0.09948725	7767.3057	-0.011318684	-2044.3843	16.455523	0.903452	2367.359846830368
207	4553.3813	104.185844	4730.355	4438.63	1000.0	409.9424	29.811779	436.23956	190.97878	1040000	0.019185733	9320.042	-0.013978717	-2041.5142	16.442308	0.8557317	2378.3726851940155
208	4541.552	24.056694	4577.105	4505.868	1000.0	408.7856	27.319118	435.84277	138.66612	1045000	0.027227025	8716.706	-0.012610934	-1427.1812	16.522215	0.9054876	2389.350038051605
209	4539.273	62.555214	4611.833	4465.5083	1000.0	396.99826	33.911427	434.65652	-47.0735	1050000	-0.114601284	9075.551	-0.013165072	-2380.8042	16.552288	0.8744508	2400.4445431232452
210	4543.4546	30.81453	4575.8975	4494.4653	1000.0	405.9459	28.231638	435.5651	209.41483	1055000	-0.1550298	8484.721	-0.014226794	-1839.4634	16.433193	0.8988705	2413.4290630817413
211	4496.97	42.758038	4554.3315	4430.22	1000.0	405.56137	27.379005	437.87057	212.47357	1060000	0.0033903809	8543.023	-0.01478128	-2199.7578	16.525219	0.89130557	2424.451559782028
212	4478.4453	54.738327	4540.19	4391.728	1000.0	401.78928	33.67693	437.038	209.90564	1065000	-0.038524736	8276.326	-0.0111344755	-2199.4512	16.426188	0.8367707	2435.5269243717194
213	4502.8413	74.9518	4642.7246	4422.09	1000.0	402.15714	32.564934	436.25433	145.0663	1070000	-0.018593853	8157.069	-0.012814386	-1932.0063	16.54532	0.9660701	2446.5454816818237
214	4522.533	40.439857	4578.451	4473.705	1000.0	394.10934	36.508743	435.34024	189.97131	1075000	-0.0050304686	9980.46	-0.014419006	-2973.8345	16.50219	0.9131494	2457.606542110443
215	4505.0576	84.119354	4647.2173	4398.373	1000.0	406.1212	22.109741	435.13385	226.46288	1080000	0.0027852845	8773.787	-0.011427991	-1527.1709	16.488462	0.8526059	2468.5440735816956
216	4499.5312	39.277596	4563.2646	4441.2363	1000.0	402.1427	26.047192	432.83957	236.1798	1085000	-0.080705896	8281.648	-0.016663603	-1692.2715	16.57635	0.9231402	2479.5915768146515
217	4511.6147	29.82328	4533.34	4454.0977	1000.0	397.90335	30.891758	433.7496	184.97346	1090000	-0.17280576	8126.1694	-0.013054386	-2225.3862	16.553205	0.91409904	2490.701225757599
218	4579.607	57.278732	4674.2783	4509.9106	1000.0	403.06155	33.003536	436.1438	159.78836	1095000	-0.10985996	9572.052	-0.011734746	-2109.374	16.362358	0.8070214	2501.9440655708313
219	4526.1626	38.380894	4567.831	4454.349	1000.0	412.3592	20.462952	434.62155	210.1852	1100000	0.05726482	8577.573	-0.010697272	-957.96387	16.532509	0.91824794	2513.5772020816803
220	4532.493	101.991196	4727.827	4451.9062	1000.0	405.62	20.345373	432.26666	190.88078	1105000	-0.02636714	8004.692	-0.008847639	-2067.564	16.417095	0.836375	2526.0025203227997
221	4502.236	26.143446	4533.2637	4463.9146	1000.0	409.81766	27.716175	433.85202	188.39374	1110000	-0.005116211	8442.161	-0.012713866	-1744.041	16.552517	0.9268557	2537.0323147773743
222	4472.1807	44.56337	4542.7896	4424.4497	1000.0	396.38016	34.20985	432.62735	177.22026	1115000	0.11833508	8648.912	-0.011452489	-2390.0425	16.498196	0.9078501	2548.103622674942
223	4494.3574	44.84355	4576.455	4444.868	1000.0	406.49417	29.46647	432.80597	109.104904	1120000	-0.03736225	8158.1743	-0.011856347	-1689.8398	16.582628	0.9832109	2558.9500772953033
224	4513.5654	24.901255	4542.282	4477.3164	1000.0	394.53903	35.158966	433.54837	193.16837	1125000	0.015829884	8533.076	-0.01060199	-2146.5542	16.482037	0.9351742	2570.221492290497
225	4506.793	37.95681	4563.238	4451.1743	1000.0	401.3356	34.34662	432.39587	197.51071	1130000	0.03282724	8226.259	-0.013664652	-1898.0625	16.646078	1.0667535	2581.16477560997
226	4504.193	24.814516	4539.1646	4471.2705	1000.0	406.14926	31.645195	432.94955	182.73218	1135000	0.06384637	8589.401	-0.011407223	-1636.0908	16.514652	0.8869632	2591.983591556549
227	4484.425	26.901117	4512.527	4434.8535	1000.0	404.3495	26.703035	430.82755	161.46692	1140000	-0.18742374	7862.946	-0.014777213	-1729.4292	16.536366	0.90215725	2602.9426805973053
228	4612.4287	78.44523	4726.145	4485.1694	1000.0	396.9631	33.3916	432.25165	199.85475	1145000	-0.035335694	9834.617	-0.013101142	-2166.0298	16.47289	0.8349672	2613.916918039322
229	4486.5264	34.255634	4531.959	4446.528	1000.0	411.91995	20.296745	432.33984	187.3602	1150000	0.00130952	7947.992	-0.016113501	-1306.4536	16.522	0.92443645	2624.713971376419
230	4531.2705	40.16574	4564.0396	4453.973	1000.0	403.0382	24.621315	430.53696	229.84592	1155000	-0.044739135	8846.974	-0.012762539	-1349.9321	16.515963	0.9347857	2636.5601811408997
231	4521.346	70.55196	4626.8833	4458.7275	1000.0	407.80704	18.547447	430.70544	172.7309	1160000	0.123694286	8127.0127	-0.011888057	-1267.752	16.573034	0.91342676	2647.5817279815674
232	4517.9424	34.916588	4558.0054	4454.369	1000.0	406.19485	22.453012	430.96634	222.32599	1165000	0.009429785	8259.591	-0.010660556	-1206.1094	16.56145	0.91279197	2658.4579911231995
233	4484.0737	27.384222	4525.2114	4447.979	1000.0	407.90616	20.46408	430.51364	235.30843	1170000	-0.044752754	8205.405	-0.013910126	-1086.0117	16.412971	0.85725594	2669.4687688350677
234	4510.167	37.92887	4554.9053	4451.7783	1000.0	399.9764	26.748596	429.29648	194.50752	1175000	-0.007972296	7923.678	-0.012747498	-1739.8496	16.397682	0.88450783	2680.4246752262115
235	4627.491	97.32561	4759.904	4486.095	1000.0	405.08395	29.298815	431.81973	217.04233	1180000	-0.121522464	9475.433	-0.012845673	-1781.8926	16.541	0.8419878	2691.6204652786255
236	4570.922	72.840355	4696.407	4505.518	1000.0	407.4752	25.753078	432.20392	220.36298	1185000	-0.076808766	8711.288	-0.011632904	-1929.8467	16.485233	0.95454806	2702.973947286606
237	4491.956	70.42028	4607.9697	4386.6396	1000.0	414.0695	22.391903	433.88837	250.7848	1190000	-0.03503349	8222.006	-0.013633564	-1409.2524	16.438503	0.8421373	2714.1038653850555
238	4499.1885	78.40054	4612.5283	4413.2314	1000.0	400.86984	28.27334	431.73218	97.83476	1195000	0.01359165	9044.185	-0.011657312	-1815.8037	16.465921	0.85537195	2725.3820292949677
239	4507.8945	48.456097	4561.586	4418.606	1000.0	402.8856	25.108463	430.23288	219.50719	1200000	-0.095957436	7833.184	-0.014426574	-1723.5015	16.439125	0.850965	2736.3308959007263
240	4589.6045	108.60249	4734.4644	4468.154	1000.0	397.0898	34.063095	432.31067	182.91289	1205000	0.00516568	9427.06	-0.012343591	-2321.541	16.431683	0.85840535	2748.3674409389496
241	4565.9463	45.22111	4611.6685	4492.6743	1000.0	415.79684	20.071373	432.0155	291.3741	1210000	0.004252539	8292.186	-0.010273481	-1216.4688	16.529957	0.9368123	2759.3595337867737
242	4539.108	59.002426	4622.788	4483.7236	1000.0	407.16516	25.176846	430.7296	219.85153	1215000	0.082720846	8411.216	-0.012735091	-1690.1621	16.476921	0.91252893	2770.429834842682
243	4544.874	77.6278	4640.0415	4451.4824	1000.0	401.71045	30.675913	431.31375	174.8996	1220000	0.0643513	8652.4	-0.013734352	-2265.5444	16.485912	0.90586835	2781.7756655216217
244	4526.5625	20.814747	4548.864	4492.8667	1000.0	411.7545	22.706223	434.25058	217.97705	1225000	0.13475074	8314.272	-0.011305764	-1331.9565	16.59643	1.0233657	2792.7716829776764
245	4496.5703	64.2699	4567.761	4394.144	1000.0	405.41174	26.386312	433.54572	195.66573	1230000	0.07833452	7928.485	-0.012668051	-1468.7432	16.583462	1.010726	2803.887551307678
246	4543.5273	30.537577	4593.3633	4499.5386	1000.0	400.2856	31.070198	433.76114	186.26038	1235000	-0.11157991	9061.348	-0.020651802	-1919.4438	16.545822	0.9572613	2815.4797966480255
247	4525.972	18.0762	4549.4575	4505.4795	1000.0	406.81784	25.295595	433.06454	245.825	1240000	0.025603378	8671.5	-0.015478485	-1329.0327	16.5141	0.89160067	2826.704230070114
248	4512.682	48.749626	4585.534	4434.6196	1000.0	404.7936	26.589064	434.5968	233.59523	1245000	-0.07215776	8461.17	-0.011541039	-1474.6772	16.40369	0.8722713	2837.3865871429443
249	4512.4795	82.577576	4610.2266	4370.21	1000.0	408.96753	23.351528	433.22662	199.16333	1250000	0.063276075	7967.6577	-0.013450127	-1360.8945	16.523035	0.96069473	2848.627320289612
250	4540.025	62.328068	4617.1523	4466.169	1000.0	399.86407	33.44348	435.34845	207.62404	1255000	0.021330219	9304.42	-0.011803956	-1907.6328	16.611557	1.0185173	2861.0576865673065
251	4493.572	68.57648	4612.9814	4399.042	1000.0	408.5855	20.02205	431.81213	273.84564	1260000	0.0915959	8032.9536	-0.013208762	-1200.7896	16.511827	0.8551705	2872.0370831489563
252	4576.454	68.65128	4687.4365	4489.7505	1000.0	401.07806	28.085278	432.72842	196.5077	1265000	0.002022403	8940.207	-0.013628546	-1579.604	16.498493	0.9457258	2883.0703008174896
253	4492.653	60.950783	4555.306	4410.3174	1000.0	414.09207	19.574093	434.8839	216.85507	1270000	0.056382056	8386.869	-0.0118493065	-1080.8638	16.443975	0.85183674	2894.068046092987
254	4465.627	48.185017	4554.6797	4417.7773	1000.0	399.96167	23.900007	433.0036	191.12402	1275000	0.045560293	7561.7446	-0.012264643	-1580.2471	16.472773	0.89462286	2904.8773646354675
255	4545.657	30.30068	4586.7915	4499.7144	1000.0	408.86456	23.701893	433.94763	248.82797	1280000	0.04979375	8324.082	-0.009725556	-1128.9858	16.4776	0.9070252	2916.0501782894135
256	4605.621	57.343742	4705.469	4532.273	1000.0	402.61386	29.148872	434.5781	196.18562	1285000	0.07081164	9630.406	-0.01455231	-1694.8174	16.514828	0.9078704	2927.149349451065
257	4549.627	69.60084	4660.3804	4446.1143	1000.0	410.0496	23.79076	435.04932	183.8089	1290000	0.01994864	8536.462	-0.013113918	-1080.2012	16.639956	1.0138646	2938.3482744693756
258	4604.617	69.05058	4689.2314	4501.5186	1000.0	410.2176	19.378168	434.52975	220.59625	1295000	-0.015351391	8398.948	-0.012500451	-872.1001	16.528215	0.90653396	2949.4528398513794
259	4523.5684	47.760757	4578.3843	4444.8496	1000.0	405.93756	25.687975	435.9366	191.63387	1300000	0.058879938	8044.322	-0.010214705	-1191.3745	16.539312	0.94380695	2960.389452457428
260	4499.9062	69.063705	4587.86	4395.2515	1000.0	409.03165	21.270657	433.40085	204.20328	1305000	0.117241226	8274.84	-0.011436194	-1155.3013	16.65771	1.0281342	2972.538371324539
261	4586.6484	135.6065	4762.033	4400.4697	1000.0	405.53806	22.568476	433.336	210.65474	1310000	0.08521669	8500.108	-0.010795087	-1390.4766	16.534424	0.93245625	2983.806588411331
262	4550.5513	48.55296	4627.807	4491.1074	1000.0	409.49716	24.641836	434.6955	175.17722	1315000	0.026615376	8365.838	-0.013512247	-1329.5029	16.604755	0.9332528	2994.9963114261627
263	4524.492	56.12348	4590.202	4443.7715	1000.0	410.17096	23.681124	437.15964	251.15265	1320000	-0.044691972	8552.789	-0.0122824535	-1561.0161	16.570995	0.90100116	3006.166483640671
264	4530.8706	65.21726	4603.7715	4421.53	1000.0	405.86258	27.738573	435.66815	172.81972	1325000	0.08328627	9025.637	-0.01094304	-1366.9473	16.479738	0.8828501	3017.2447612285614
265	4525.9146	44.206394	4588.4976	4455.6475	1000.0	410.08194	14.38023	435.03244	250.96967	1330000	-0.00961416	8189.4863	-0.012755768	-603.8574	16.643688	1.0392007	3028.1029584407806
266	4523.6353	43.71304	4577.176	4458.3887	1000.0	406.96796	14.527068	434.03418	263.3073	1335000	-0.039723884	8180.136	-0.0138622	-779.2881	16.504541	0.89482284	3039.0821557044983
267	4515.215	49.14788	4575.832	4470.0522	1000.0	406.41595	20.656406	435.9579	217.89534	1340000	-0.08675018	8486.576	-0.013369702	-988.8833	16.578777	1.0164492	3050.0396540164948
268	4542.4434	26.227737	4571.819	4498.7734	1000.0	403.41592	20.193052	436.46194	276.17422	1345000	-0.073254324	7928.445	-0.010447383	-1167.2407	16.591784	0.9692784	3060.901839733124
269	4539.225	88.53739	4713.9536	4470.7236	1000.0	409.7967	20.544703	436.42554	266.28568	1350000	0.06071338	8452.348	-0.010716543	-1133.3223	16.463772	0.8445751	3071.9576189517975
270	4507.9937	50.576855	4581.7856	4441.272	1000.0	405.4843	24.333931	436.4943	239.82454	1355000	0.18198654	8263.945	-0.013555601	-1298.9355	16.549925	0.9647165	3083.791049003601
271	4516.91	29.91136	4554.398	4463.564	1000.0	406.5915	18.222809	437.37323	250.26448	1360000	0.03328783	8098.045	-0.011527833	-938.14355	16.538258	0.99320555	3094.7648198604584
272	4549.4497	45.928196	4613.4897	4490.4873	1000.0	408.60654	19.263035	436.19608	176.75803	1365000	0.105691805	8156.853	-0.012545966	-933.60254	16.500315	0.9510997	3105.913648366928
273	4501.6	44.14548	4556.74	4446.1724	1000.0	406.2334	22.920376	437.14645	218.55995	1370000	-0.08252301	8319.208	-0.013937995	-1399.8623	16.57256	0.898564	3116.8710358142853
274	4536.4634	29.464628	4567.9404	4487.6123	1000.0	400.57285	28.371967	437.30594	242.7237	1375000	0.013474161	8167.7905	-0.010674512	-1700.6104	16.698118	1.0085967	3128.3433940410614
275	4553.225	65.33	4668.182	4500.9824	1000.0	410.9276	26.347559	438.56567	231.77518	1380000	-0.03772033	8146.243	-0.012499366	-1307.4146	16.556662	0.9071824	3139.3919773101807
276	4561.486	47.28238	4643.718	4506.6855	1000.0	408.2065	25.830292	439.79898	218.69868	1385000	-0.0998907	8380.585	-0.013203137	-1297.7104	16.598083	1.0010741	3150.709168434143
277	4538.982	62.49034	4649.5527	4465.345	1000.0	402.8669	29.780766	439.1659	60.52822	1390000	0.05325954	8991.87	-0.01358987	-1683.0005	16.453932	0.8466867	3162.34712433815
278	4536.905	61.353912	4621.4683	4468.3555	1000.0	406.18674	23.379608	439.3805	203.94278	1395000	0.048203576	8521.449	-0.011254419	-1329.874	16.60341	0.93951726	3172.83553314209
279	4521.1143	15.888569	4551.685	4506.549	1000.0	411.25653	19.117172	438.85324	230.71542	1400000	-0.015763348	8384.805	-0.017922932	-1063.5161	16.46105	0.86687756	3183.7627573013306
280	4519.497	29.567932	4558.5103	4468.332	1000.0	405.64456	24.265291	437.44302	216.2677	1405000	-0.063795775	8373.549	-0.012190394	-1077.6162	16.611637	0.98669326	3196.0687465667725
281	4553.8384	79.32021	4704.963	4470.6543	1000.0	409.4452	19.957027	437.69836	202.96158	1410000	-0.09316333	8554.524	-0.01186531	-1128.207	16.576487	0.989855	3206.989989042282
282	4579.63	93.625336	4728.7305	4453.521	1000.0	405.88028	25.311132	438.7272	242.17416	1415000	-0.031384863	9118.563	-0.014603931	-1355.917	16.619156	0.9944886	3217.7977821826935
283	4492.746	81.485535	4638.423	4415.314	1000.0	407.82806	25.185059	440.56082	192.68849	1420000	-0.0074343383	7692.9775	-0.011745753	-1235.2998	16.568428	0.9611709	3229.124291419983
284	4561.681	33.019386	4624.4414	4529.034	1000.0	406.87366	22.623535	440.70474	214.97398	1425000	-0.041457377	8778.466	-0.013615962	-1134.6436	16.55635	0.98150116	3239.9611353874207
285	4560.3135	63.9212	4681.197	4512.4565	1000.0	409.40912	22.951069	442.1124	197.18697	1430000	-0.0030053528	8506.177	-0.013584704	-1070.419	16.584925	1.0395066	3250.9442636966705
286	4556.305	56.263744	4657.9956	4486.72	1000.0	403.3913	28.426023	441.58682	245.97403	1435000	0.016786218	9464.789	-0.013584979	-1806.8018	16.523563	0.8431078	3261.947973251343
287	4481.9346	43.519295	4538.135	4432.0605	1000.0	408.7133	23.826569	440.4372	163.14218	1440000	-0.08946532	7936.1313	-0.0135660395	-1293.9473	16.542545	0.9646914	3273.0323708057404
288	4538.5664	50.337982	4605.7896	4479.8013	1000.0	407.30374	20.41701	440.51196	248.90315	1445000	-0.117864184	8495.579	-0.013674177	-891.6753	16.581068	1.0375392	3284.1743590831757
289	4531.712	54.378967	4610.357	4460.732	1000.0	409.2002	18.378422	440.10742	255.10332	1450000	-0.030475292	8107.9375	-0.011685498	-820.0967	16.573904	1.0311095	3294.970335483551
290	4501.72	27.430973	4538.2075	4475.4907	1000.0	407.33035	17.751253	439.41318	243.27106	1455000	0.008865094	7733.5537	-0.009527954	-1231.2578	16.514048	0.93876755	3307.652157306671
291	4474.7686	41.935406	4518.2476	4405.8447	1000.0	406.8451	23.96123	440.16605	228.6117	1460000	-0.078594856	8238.989	-0.010369793	-1283.0142	16.6106	0.9714932	3318.91273188591
292	4512.2563	48.87821	4569.5547	4454.4233	1000.0	400.5108	25.97925	441.0253	215.42572	1465000	0.07606133	7969.665	-0.014226582	-1538.2075	16.58244	0.9822808	3329.9424166679382
293	4538.868	55.00458	4613.144	4462.876	1000.0	407.99637	27.067642	444.6632	166.34474	1470000	0.014991223	8167.092	-0.017613795	-1114.9839	16.543146	0.9106793	3340.9420595169067
294	4585.659	115.996826	4757.738	4424.798	1000.0	397.60703	33.427677	443.5474	197.40439	1475000	0.037132576	9027.674	-0.011951927	-2022.9482	16.598063	0.9909955	3352.2034640312195
295	4559.943	74.51465	4690.159	4466.3965	1000.0	401.70667	34.93521	447.26398	176.12251	1480000	-0.098313496	9748.192	-0.014391787	-2196.2485	16.553404	0.9344629	3363.3120453357697
296	4486.7544	50.57412	4546.4795	4412.639	1000.0	411.5013	16.075068	444.699	254.01526	1485000	-0.01887233	7827.272	-0.014331592	-832.79297	16.678782	1.0524399	3374.258800506592
297	4526.4873	62.116135	4588.789	4408.755	1000.0	405.37747	17.212591	443.55957	304.7338	1490000	0.035429176	8159.731	-0.012792677	-809.9199	16.645638	0.9819616	3385.018397331238
298	4549.198	62.4265	4636.8794	4483.662	1000.0	404.9589	23.1724	443.25583	218.44766	1495000	-0.00729043	8370.594	-0.013749536	-1229.6191	16.576788	1.0008708	3396.094162940979
299	4530.3315	71.3897	4617.5737	4443.8477	1000.0	413.28885	16.809027	440.66077	227.91309	1500000	-0.011276391	8167.901	-0.013889722	-665.1904	16.70803	1.0167907	3407.0780510902405
300	4512.954	50.64618	4574.897	4422.6514	1000.0	409.6988	17.340206	437.1578	292.40244	1505000	-0.077009544	7543.1367	-0.013627775	-1286.4277	16.63811	1.0253325	3419.0968523025513
301	4569.497	60.146477	4666.458	4485.5312	1000.0	407.52484	21.97063	433.48102	211.75786	1510000	-0.005510205	8330.342	-0.011585616	-1147.1929	16.604591	1.0311372	3430.254050731659
302	4494.7817	70.66149	4583.5586	4370.383	1000.0	399.39026	33.406967	445.40198	207.6455	1515000	0.0249462	8715.795	-0.012791066	-1742.9854	16.61183	1.0429351	3442.2107257843018
303	4533.2017	92.94176	4707.2773	4444.2563	1000.0	406.6942	22.2419	441.36206	205.90256	1520000	-0.0003166092	8164.043	-0.012807534	-1422.063	16.559715	0.93694913	3453.6563382148743
304	4514.784	49.34871	4574.666	4432.6655	1000.0	407.30746	26.419611	445.54733	220.04163	1525000	0.025782311	7979.8994	-0.01364204	-1187.9893	16.605505	1.0381122	3464.979071378708
305	4542.0303	59.409298	4604.919	4446.5845	1000.0	395.60452	38.695805	449.75845	187.8803	1530000	-0.18709907	9542.133	-0.0143570155	-2288.7192	16.692875	1.1081944	3475.8273046016693
306	4481.4717	38.060966	4519.9463	4422.439	1000.0	407.9655	23.755342	444.65793	201.07137	1535000	-0.12635729	7576.059	-0.014951289	-1138.4741	16.705606	1.0857627	3486.8845613002777
307	4528.2246	74.70647	4665.3105	4467.6753	1000.0	411.48645	23.653542	444.9247	29.268288	1540000	0.12444099	8366.419	-0.013741553	-955.53564	16.551754	0.95378584	3497.9663178920746
308	4538.817	24.506699	4570.022	4501.071	1000.0	397.21735	32.05453	444.79578	195.70108	1545000	-0.029688336	8194.758	-0.011432361	-1485.3462	16.666548	0.99504894	3508.779187440872
309	4544.288	49.05131	4631.365	4493.8994	1000.0	410.9145	27.26843	445.75854	157.85022	1550000	-0.04881692	8840.78	-0.012517706	-1318.5396	16.717611	1.1168119	3519.8761117458344
310	4563.2197	84.13064	4693.331	4448.5723	1000.0	408.9687	22.745985	445.4155	60.8714	1555000	0.07433814	8732.493	-0.010694347	-1080.8003	16.703293	1.1031286	3532.574908733368
311	4488.3774	41.11572	4530.099	4414.5127	1000.0	408.26294	18.516558	442.05374	224.90941	1560000	-0.022749618	8131.4937	-0.011913784	-860.9424	16.7249	1.1075699	3543.329574584961
312	4486.8	28.443626	4528.818	4451.9507	1000.0	403.48514	20.434275	440.80325	246.85043	1565000	0.05241064	7821.728	-0.01453606	-995.5952	16.69864	1.0595732	3554.225848674774
313	4550.047	19.854034	4578.8857	4524.9624	1000.0	406.9533	18.109798	441.37115	275.34088	1570000	-0.05404625	8517.1	-0.013348006	-734.7261	16.576	0.9511855	3565.0581538677216
314	4527.237	62.8985	4594.5913	4424.634	1000.0	408.0049	16.384521	435.90506	272.735	1575000	-0.015924262	7675.3794	-0.013584325	-783.7202	16.685825	1.0446628	3575.9876482486725
315	4512.0493	37.42342	4570.0884	4470.773	1000.0	407.03528	18.751146	427.2553	286.98294	1580000	0.014141711	8107.6743	-0.009989655	-1123.6245	16.761995	1.1448002	3586.837366104126
316	4527.807	35.23873	4583.9395	4472.6816	1000.0	408.25238	19.642105	444.02026	230.94902	1585000	-0.041426904	8032.539	-0.011687953	-812.4751	16.719006	1.0659323	3597.9222962856293
317	4559.26	43.517757	4596.8174	4493.3516	1000.0	406.174	20.165325	429.4159	233.16064	1590000	0.030654337	8201.513	-0.016851518	-1051.0952	16.66786	1.0493828	3609.040813446045
318	4553.677	56.9111	4667.221	4519.111	1000.0	402.90674	28.5424	439.16055	137.36288	1595000	-0.047510307	8964.195	-0.013833322	-1506.2144	16.60359	1.00838	3620.122478246689
319	4485.0884	49.4031	4538.503	4395.7427	1000.0	408.02234	18.288256	430.9222	265.80078	1600000	0.03148658	7850.4873	-0.009626746	-1156.5405	16.61708	1.089659	3630.9769377708435
320	4511.12	18.093401	4530.606	4489.336	1000.0	395.65024	29.723106	429.88324	185.13791	1605000	-0.02448852	8696.408	-0.014679175	-1605.1792	16.679657	1.142221	3643.4046218395233
321	4533.7075	64.825584	4638.1865	4464.1616	1000.0	408.6801	15.401136	431.3212	284.01126	1610000	0.030495059	8217.248	-0.014939004	-647.3545	16.6628	1.0301354	3654.6103699207306
322	4566.4556	56.25437	4628.3047	4467.6753	1000.0	408.56424	17.054008	443.61987	246.8035	1615000	-0.04512281	8562.57	-0.012662951	-660.6553	16.707659	1.0238826	3665.5939152240753
323	4570.499	65.21687	4677.2114	4497.463	1000.0	408.4339	17.674046	431.5576	244.37538	1620000	0.016549157	8050.0015	-0.018216118	-838.01807	16.673147	1.0100887	3676.4876742362976
324	4557.9116	72.770226	4697.3154	4498.3394	1000.0	409.60495	22.150515	434.53665	-16.891983	1625000	-0.015506305	8573.405	-0.013212085	-965.0132	16.71758	1.0996846	3687.8022649288177
325	4500.2354	33.841602	4556.0527	4461.6943	1000.0	412.7985	14.166776	440.5688	305.5127	1630000	0.034816075	8012.0703	-0.009270819	-865.1553	16.762016	1.1597588	3698.9539172649384
326	4500.6357	86.92847	4617.462	4351.5493	1000.0	403.89975	20.80897	436.0001	205.85349	1635000	0.017444074	8001.2793	-0.0153451115	-1045.8096	16.57543	0.94080466	3709.8230214118958
327	4497.522	39.614597	4575.363	4466.346	1000.0	407.08014	21.377726	432.11096	269.28717	1640000	-0.124376126	8250.388	-0.0136381015	-957.97314	16.609741	0.99559766	3721.097336292267
328	4571.879	53.47103	4657.98	4490.1147	1000.0	402.7267	21.873043	431.07364	176.26144	1645000	-0.058067895	8481.729	-0.013262913	-1264.2021	16.612555	1.079718	3731.85377573967
329	4540.7866	46.198563	4580.5693	4450.1196	1000.0	410.50677	18.568066	441.34183	259.39737	1650000	0.04163401	8171.1025	-0.010378588	-977.86914	16.592813	1.0310162	3743.035159111023
330	4516.0127	54.897327	4597.39	4449.913	1000.0	404.79453	26.403254	444.82275	240.74512	1655000	0.0037167235	8030.1177	-0.012554493	-1019.8882	16.744165	1.1376588	3755.868201971054
331	4512.036	66.88667	4548.7144	4378.3906	1000.0	408.4521	24.221859	446.21466	231.39722	1660000	0.061386865	7268.4087	-0.012262166	-1323.4805	16.792784	1.1585194	3767.0155119895935
332	4560.8906	67.76465	4659.474	4491.4805	1000.0	401.4055	32.24065	445.67838	220.23172	1665000	0.028425237	9223.147	-0.015431334	-1605.4448	16.835278	1.2185704	3778.236685037613
333	4549.3228	35.495525	4603.745	4493.8105	1000.0	410.806	19.024017	438.53732	269.77353	1670000	-0.069105655	8441.98	-0.011461042	-685.00586	16.79343	1.2032008	3789.6006228923798
334	4528.887	43.797543	4600.006	4487.266	1000.0	409.1122	17.128801	444.0765	280.89972	1675000	-0.11894673	8171.168	-0.01609461	-920.00635	16.756575	1.1063111	3800.5695445537567
335	4550.312	54.546722	4637.9707	4477.6646	1000.0	406.1425	26.261711	436.68625	136.03136	1680000	-0.03687954	7832.096	-0.014993604	-878.7363	16.825922	1.1501501	3811.5757706165314
336	4580.411	47.042046	4637.4897	4511.2188	1000.0	410.40216	21.242321	444.1812	224.69257	1685000	0.081385694	8949.94	-0.011084639	-896.7373	16.52711	1.009441	3822.369460582733
337	4507.8057	44.416172	4575.427	4445.485	1000.0	413.43063	13.1493225	441.30017	310.47687	1690000	-0.03593881	7918.32	-0.011018198	-542.18604	16.62565	1.0582671	3833.213044643402
338	4505.931	53.420357	4578.6997	4420.2036	1000.0	407.85385	16.99936	445.36197	200.41357	1695000	-0.10922798	8327.975	-0.017062433	-859.4492	16.642988	1.0676899	3843.9548346996307
339	4486.388	14.043291	4503.538	4462.695	1000.0	405.06213	18.807978	439.84192	216.98547	1700000	0.037658405	7957.8975	-0.011881629	-801.40967	16.76518	1.1245794	3855.2986805438995
340	4527.54	44.23045	4597.222	4464.5566	1000.0	397.2064	26.874516	429.96774	201.93102	1705000	-0.14780901	8680.626	-0.014986366	-1530.1025	16.706448	1.1118139	3867.5366320610046
341	4561.974	67.53959	4690.462	4495.476	1000.0	411.5523	17.562698	428.5008	259.95792	1710000	0.0002853424	8383.227	-0.016069211	-957.73926	16.744339	1.0925983	3878.861238002777
342	4546.798	82.32373	4700.9253	4458.215	1000.0	404.55716	25.506664	430.06476	218.96747	1715000	-0.11188104	8333.489	-0.012165174	-1234.7837	16.74312	1.2014526	3889.8031525611877
343	4502.0586	30.608444	4532.1714	4448.7607	1000.0	408.97464	22.597782	430.98697	214.66621	1720000	-0.004754718	7886.391	-0.011446044	-1258.8965	16.62039	1.0066288	3900.7034406661987
344	4514.6006	55.343422	4578.0547	4417.311	1000.0	400.43427	33.68254	430.4475	178.57803	1725000	-0.017550964	8248.644	-0.014952883	-1329.5698	16.672047	1.1586947	3911.8293013572693
345	4466.4043	28.32674	4501.842	4431.8633	1000.0	408.4521	23.685886	431.3761	227.74504	1730000	0.016432488	8178.0903	-0.011876861	-1107.831	16.757597	1.1681174	3922.550947904587
346	4524.6553	64.63143	4639.552	4464.5176	1000.0	402.9957	18.494099	430.16974	282.3888	1735000	0.04821007	8645.282	-0.00941341	-928.06445	16.695862	1.1224549	3933.605992078781
347	4552.0933	100.321625	4705.858	4394.7964	1000.0	405.64752	18.324707	431.29703	242.44705	1740000	-0.18192625	7951.4536	-0.013545886	-921.84424	16.76227	1.1332531	3944.951503276825
348	4477.185	70.33915	4560.4917	4355.7036	1000.0	408.94547	22.310633	432.84265	264.84354	1745000	0.028939746	8455.225	-0.012345538	-902.2783	16.84524	1.2198025	3955.7593853473663
349	4521.4604	25.995346	4554.0664	4477.5586	1000.0	405.47144	13.253137	430.34756	300.54636	1750000	0.07993014	8397.483	-0.015571766	-562.1841	16.759163	1.1430994	3966.5363733768463
350	4560.193	94.27554	4730.337	4462.7295	1000.0	404.9831	13.362	432.2791	287.01852	1755000	-0.020830235	8788.82	-0.012617687	-539.6885	16.70065	1.1260033	3979.1523911952972
351	4558.5493	9.829672	4577.0684	4549.7676	1000.0	409.18356	11.08947	434.7441	325.53125	1760000	-0.0034186158	8280.594	-0.010357446	-433.8833	16.873943	1.2141582	3990.2690844535828
352	4525.798	51.401203	4602.4985	4456.9395	1000.0	408.595	15.81969	436.85925	225.85036	1765000	-0.06776907	8291.299	-0.013133317	-904.6763	16.694597	1.0994571	4001.21813416481
353	4507.0566	58.403843	4589.114	4442.161	1000.0	409.4927	17.14767	434.75476	283.24088	1770000	0.008564237	7834.016	-0.014104394	-833.7329	16.76194	1.1299889	4012.2285647392273
354	4492.3613	76.35754	4640.442	4419.4536	1000.0	402.09375	22.850502	447.8288	243.66974	1775000	-0.036319744	8011.841	-0.012127094	-967.9321	16.639717	1.0527778	4023.2177298069
355	4538.957	42.534576	4614.2744	4494.3467	1000.0	401.33945	29.622093	436.29587	247.5847	1780000	-0.006051059	8638.857	-0.016342886	-1024.8911	16.690374	1.1223143	4034.5096526145935
356	4538.6196	68.08183	4661.021	4451.508	1000.0	410.4413	16.643263	437.23932	298.1561	1785000	-0.08741794	8963.248	-0.018720478	-694.21094	16.686192	1.1004523	4045.6631014347076
357	4553.909	54.166122	4628.7495	4467.0933	1000.0	411.2777	9.647521	438.97086	347.52573	1790000	0.010450241	7791.6553	-0.011591849	-284.67627	16.801767	1.2108071	4056.866738319397
358	4552.817	29.983864	4584.73	4513.603	1000.0	410.9616	11.332647	444.53867	283.14127	1795000	0.02483661	8225.67	-0.009264368	-420.15332	16.786669	1.1826575	4068.384909629822
359	4609.4966	79.90406	4764.507	4533.3086	1000.0	410.70255	11.846137	440.55548	251.77812	1800000	-0.119379126	8298.32	-0.011852436	-570.5957	16.684547	1.0987896	4079.6393942832947
360	4542.226	23.381922	4584.388	4515.5317	1000.0	414.59525	13.265506	437.21326	305.0226	1805000	0.05832499	8539.974	-0.010418154	-543.083	16.7789	1.2426549	4093.2499430179596
361	4564.6455	38.62164	4616.8457	4511.3	1000.0	410.03503	14.763694	439.2775	238.85666	1810000	-0.14556025	8082.5728	-0.013879687	-570.6328	16.8633	1.2127787	4105.038440465927
362	4574.8877	65.20145	4672.519	4493.61	1000.0	410.1205	16.06	451.00317	302.69992	1815000	-0.0407417	8218.14	-0.0113288425	-703.9253	16.614765	1.0753279	4117.126888751984
363	4460.6777	32.881	4501.7266	4402.352	1000.0	409.1334	18.695763	447.77255	246.69768	1820000	0.004939514	7664.2866	-0.011146264	-916.8252	16.677107	1.0891736	4129.072245836258
364	4556.87	59.112083	4661.9956	4488.7266	1000.0	403.86728	21.630085	448.52542	224.61005	1825000	-0.016303906	8377.9375	-0.014426099	-1200.1089	16.67725	1.0683283	4141.095238685608
365	4576.4424	116.71185	4776.387	4437.4136	1000.0	410.64127	22.794542	441.75336	255.5951	1830000	0.026719116	8247.18	-0.012276318	-1201.2051	16.76047	1.1904737	4152.826277256012
366	4529.015	91.88337	4708.9287	4447.806	1000.0	411.01245	21.941143	440.9358	223.54582	1835000	-0.124671996	7987.904	-0.013541639	-1268.9678	16.751766	1.1703256	4164.620819807053
367	4521.933	31.948324	4578.8213	4492.781	1000.0	404.67984	34.33651	441.70853	181.2819	1840000	-0.039611492	7648.8335	-0.009768739	-1083.7383	16.715176	1.1344053	4176.631480932236
368	4538.64	31.478691	4561.0776	4476.681	1000.0	412.4566	18.226078	441.58365	288.3292	1845000	0.010736145	8249.31	-0.010418884	-639.03906	16.554594	1.0786352	4188.299169301987
369	4500.402	99.92011	4671.413	4380.6196	1000.0	407.64276	21.223358	442.5328	252.74757	1850000	0.13442561	7804.9297	-0.012917899	-1272.9688	16.651976	1.0878266	4200.560747146606
370	4543.98	62.070087	4619.8164	4485.081	1000.0	403.962	31.558496	444.02075	161.70221	1855000	-0.07103937	8733.371	-0.0123454705	-1220.8159	16.59119	1.0533457	4214.8803470134735
371	4539.454	29.970808	4583.2046	4498.4087	1000.0	408.2106	22.16138	452.47202	192.50467	1860000	-0.077805065	7341.544	-0.01534947	-1288.9814	16.862127	1.2438154	4227.552823066711
372	4563.1787	47.5647	4623.3574	4478.964	1000.0	411.08707	25.976671	447.3517	126.24759	1865000	-0.0939475	8360.0	-0.016162537	-978.584	16.737196	1.1343123	4240.26766037941
373	4550.8193	36.261486	4597.386	4487.6504	1000.0	412.67584	21.42566	446.38715	215.02245	1870000	-0.10391465	8280.845	-0.013231799	-829.3423	16.873669	1.276738	4253.051714658737
374	4594.4976	84.18154	4715.044	4486.4297	1000.0	402.7719	29.872778	445.0638	199.46642	1875000	-0.06904803	9259.56	-0.019134678	-1670.2905	16.706516	1.1644106	4266.324712753296
375	4510.1133	65.20462	4580.215	4427.3145	1000.0	411.13846	18.671415	453.69504	304.24393	1880000	0.16589136	8297.489	-0.01243338	-687.3364	16.65648	1.0815375	4279.703586816788
376	4524.899	51.343025	4585.16	4457.4326	1000.0	405.4407	16.670483	452.00128	313.2054	1885000	0.044148896	8121.6216	-0.014036832	-1051.0249	16.930761	1.3259332	4293.024689674377
377	4504.7134	60.532074	4594.1753	4431.7017	1000.0	412.1993	16.15362	454.32852	295.31924	1890000	-0.009072998	7733.352	-0.015989862	-926.41504	16.779806	1.2326542	4306.337435722351
378	4531.4897	41.821796	4594.2256	4484.2817	1000.0	404.87833	23.470228	440.53583	183.27863	1895000	-0.045424677	7727.0903	-0.014923774	-826.85254	16.78411	1.1654952	4319.307373046875
379	4585.079	64.76793	4648.639	4465.5415	1000.0	405.30978	25.61803	449.91898	222.63956	1900000	0.066027984	8930.75	-0.011953205	-1440.6494	16.642265	1.0810173	4332.616075754166
380	4545.868	64.85382	4627.852	4483.5767	1000.0	410.9227	13.870272	444.18942	298.0631	1905000	-0.028804297	8270.317	-0.011482021	-566.26074	16.636726	1.129375	4348.525382041931
381	4540.509	82.46236	4693.6235	4448.409	1000.0	410.0416	12.950096	438.76767	285.8798	1910000	-0.06862871	8179.044	-0.0193706	-712.89844	16.594435	1.0415704	4362.285400867462
382	4552.04	32.93487	4601.0234	4510.893	1000.0	412.94675	15.763689	438.33994	251.4393	1915000	-0.027586386	8618.071	-0.011475213	-649.0874	16.790703	1.1584445	4376.796987056732
383	4538.6504	59.748962	4620.443	4438.635	1000.0	407.55774	14.302301	432.12875	292.73416	1920000	0.10463396	8238.221	-0.011194043	-874.98145	16.891294	1.2480603	4390.781420946121
384	4615.204	86.44928	4752.6685	4517.6147	1000.0	404.5436	22.85782	436.82703	269.49277	1925000	-0.0210539	8893.541	-0.014265247	-1220.4067	16.79076	1.1815127	4404.561344623566
385	4505.677	33.098183	4543.689	4461.35	1000.0	413.21066	18.947405	442.17862	233.53285	1930000	-0.14456733	7645.4146	-0.01468578	-1171.479	16.804857	1.3575226	4418.8190574646
386	4505.8447	28.425694	4535.9224	4462.7866	1000.0	405.57156	25.363417	436.5173	234.89383	1935000	0.022480518	8275.6455	-0.009077179	-1271.6968	16.974985	1.4277977	4432.512339115143
387	4623.7188	67.13586	4690.5386	4499.0737	1000.0	407.6418	22.666374	441.27243	239.16637	1940000	-0.07413445	8669.672	-0.014413893	-1261.4312	16.806307	1.2589837	4446.534695863724
388	4514.2954	38.55349	4582.357	4470.918	1000.0	406.12625	29.43651	442.9223	177.04465	1945000	0.015065942	7868.5063	-0.011834832	-1164.2168	16.837746	1.2808859	4460.630144834518
389	4512.214	62.142834	4587.6235	4450.542	1000.0	408.45114	20.798332	445.81067	256.33182	1950000	0.0009082245	8146.258	-0.014040018	-1248.6602	16.724436	1.2061731	4475.330856323242
390	4559.1807	61.03338	4666.155	4508.5874	1000.0	407.3522	25.533686	446.2016	245.50856	1955000	-0.16660798	8424.973	-0.013817579	-1267.7358	16.721508	1.0742974	4491.098681211472
391	4542.009	65.303986	4639.689	4434.7227	1000.0	408.33682	22.169529	458.6266	193.21692	1960000	0.09676797	8563.19	-0.011014603	-976.83203	16.779007	1.2140958	4505.266891002655
392	4533.901	56.05922	4624.6333	4476.6313	1000.0	404.95474	25.354595	460.80405	247.24731	1965000	-0.016861372	7960.512	-0.0115647875	-1368.2969	16.878311	1.3044218	4519.105795383453
393	4491.197	98.01398	4591.909	4345.2163	1000.0	412.96594	13.749048	454.4899	310.54202	1970000	0.0043042814	8060.4434	-0.010614743	-575.36816	16.800638	1.2225748	4533.4141318798065
394	4513.86	51.767406	4557.0854	4418.1147	1000.0	402.84576	15.218692	449.99008	243.1653	1975000	-0.018489081	8041.892	-0.012367928	-668.9375	16.763563	1.2912396	4547.9810490608215
395	4522.081	43.102654	4581.938	4452.0146	1000.0	406.24603	20.81503	443.32916	148.3209	1980000	0.04851769	8484.032	-0.018557435	-905.2754	16.66341	1.1267978	4562.107497692108
396	4522.25	27.425772	4559.4194	4481.028	1000.0	409.33585	17.218683	460.4028	305.9672	1985000	0.052937604	8264.367	-0.014502045	-797.67285	16.729187	1.2478876	4575.839476823807
397	4550.9346	43.509365	4625.9214	4495.3364	1000.0	409.36044	14.793324	448.4201	321.6179	1990000	-0.001641394	8376.3545	-0.013150553	-557.2759	16.720139	1.2023127	4589.740158081055
398	4562.9297	74.98576	4675.7954	4468.868	1000.0	409.4819	15.4160795	451.40598	242.00027	1995000	-0.12437179	8541.787	-0.012912728	-630.37256	16.793344	1.2015022	4603.653311252594
399	4481.0786	39.229675	4545.034	4431.3506	1000.0	409.0045	16.747396	457.08627	304.86877	2000000	0.15935671	8248.208	-0.015206024	-663.16016	16.904314	1.2866095	4617.574846744537
400	4540.652	25.582743	4586.014	4513.5137	1000.0	404.89304	12.846031	442.4038	293.85464	2005000	-0.020043805	8351.922	-0.013137814	-580.2373	16.846996	1.2951431	4632.9273908138275
401	4563.669	54.734272	4615.81	4457.9443	1000.0	408.49524	15.151987	444.2527	308.10834	2010000	0.017195968	8542.853	-0.011555899	-597.9404	16.892168	1.3357744	4646.660226345062
402	4528.724	33.31415	4593.067	4499.181	1000.0	407.97906	18.420576	431.56717	235.97627	2015000	0.09753353	8258.451	-0.01187329	-703.89355	16.797356	1.2728127	4660.738242149353
403	4517.12	14.502717	4538.7036	4498.126	1000.0	408.30347	16.795568	452.84073	288.4575	2020000	-0.022782769	8051.5938	-0.012381703	-669.07715	16.76895	1.2817291	4675.024843931198
404	4574.6475	19.461117	4608.5195	4550.7173	1000.0	406.87637	16.586191	433.18335	304.6085	2025000	-0.024978552	8570.9	-0.0095095225	-765.61084	16.733519	1.1774181	4689.532387256622
405	4521.556	76.92393	4637.4707	4421.9224	1000.0	411.04245	14.462071	446.38623	258.50348	2030000	0.063332394	8297.476	-0.014182553	-589.0659	16.640118	1.1552498	4703.458584785461
406	4553.079	24.24031	4593.6743	4521.7197	1000.0	409.59442	12.876838	431.77322	308.86996	2035000	-0.16211136	8101.0903	-0.013713941	-578.8369	16.757471	1.2225372	4718.13546538353
407	4573.5166	103.35166	4735.6436	4453.842	1000.0	408.2728	16.67044	443.96448	274.90894	2040000	-0.11248816	8516.233	-0.015648834	-842.25977	16.731487	1.2337152	4732.574268817902
408	4520.7993	70.82887	4610.467	4413.788	1000.0	410.6042	18.558521	458.30975	267.55524	2045000	0.05755908	7797.88	-0.013861924	-1005.5713	16.915388	1.367842	4745.750375747681
409	4507.728	25.00151	4556.804	4486.2285	1000.0	404.0172	27.176273	438.5855	231.8921	2050000	-0.16151756	8067.4414	-0.008729652	-1292.0718	16.885841	1.322026	4759.652193069458
410	4517.1665	60.373653	4607.868	4423.04	1000.0	407.1681	22.63054	445.69766	204.10326	2055000	0.10878931	8087.168	-0.012139559	-1054.3584	16.763437	1.3035715	4775.156268596649
411	4557.2773	76.48204	4700.29	4474.197	1000.0	402.25735	29.442762	451.2536	185.09518	2060000	-0.044421516	8443.203	-0.011758171	-1389.7607	16.853579	1.2204505	4788.211505413055
412	4503.2	53.558075	4563.6665	4414.114	1000.0	409.92035	26.69995	449.35956	109.89748	2065000	-0.107608445	8362.728	-0.014400125	-1206.8804	16.750128	1.2086828	4802.154573917389
413	4533.4766	32.617634	4577.652	4477.567	1000.0	407.7388	23.61707	445.52667	251.5504	2070000	0.088316455	8058.926	-0.0120972395	-1176.4746	16.832329	1.2578043	4817.017789363861
414	4569.675	51.928318	4654.91	4505.367	1000.0	408.36176	22.948868	455.09918	178.13266	2075000	0.013166992	8509.235	-0.01830092	-1096.0322	16.806465	1.2417679	4831.807253360748
415	4542.6963	41.823715	4595.69	4492.6504	1000.0	407.18268	24.809404	458.56738	250.5271	2080000	0.030361615	8332.973	-0.015313354	-1070.6196	16.89888	1.3166038	4845.590590953827
416	4549.862	58.98325	4638.136	4460.1494	1000.0	412.77264	16.820866	450.34106	219.90414	2085000	-0.08472028	7868.147	-0.015074663	-771.0332	16.790815	1.1684574	4859.577517032623
417	4509.5815	53.95369	4603.717	4457.442	1000.0	409.68204	20.704609	450.595	242.99174	2090000	-0.15331256	7765.189	-0.011553019	-1560.0708	17.003685	1.3973101	4873.118587255478
418	4556.038	58.622574	4669.0503	4506.137	1000.0	410.67783	21.143887	442.03802	241.62656	2095000	-0.06520006	8627.922	-0.01276508	-834.5381	16.712387	1.1887399	4886.561004400253
419	4572.8657	104.962204	4764.293	4473.782	1000.0	397.33136	37.170696	439.7475	184.00589	2100000	-0.031158099	9934.398	-0.010973962	-2121.565	16.786112	1.295325	4900.40122461319
420	4534.527	65.51688	4619.088	4448.3774	1000.0	412.4643	11.352554	451.60406	319.6617	2105000	-0.0046627014	7956.8384	-0.013432885	-334.2295	16.9654	1.4321011	4915.597523212433
421	4531.244	25.834045	4558.419	4491.9097	1000.0	409.9822	9.169516	452.7943	359.99487	2110000	-0.0021943604	8032.1816	-0.010866541	-392.17383	16.836603	1.3472486	4929.315499782562
422	4555.685	41.573635	4602.7812	4478.437	1000.0	406.91476	14.79792	447.04333	294.87012	2115000	0.001966707	8262.173	-0.01436118	-593.1665	16.932112	1.3056816	4942.661940097809
423	4525.607	25.219269	4569.866	4498.938	1000.0	412.04166	14.840805	458.11053	287.6047	2120000	-0.121531	7645.6504	-0.016663589	-1570.8896	16.776657	1.1933872	4956.421440601349
424	4590.482	70.02953	4711.5547	4510.091	1000.0	413.67166	22.218315	454.12592	251.17123	2125000	-0.0073757875	8620.774	-0.010964101	-857.9009	16.82127	1.2903891	4969.893035650253
425	4574.8105	52.763027	4671.9194	4522.72	1000.0	410.413	20.039476	460.67056	219.84161	2130000	-0.107941836	8407.493	-0.016790852	-688.1738	16.61975	1.114633	4983.822022676468
426	4541.5107	78.22495	4648.824	4422.2715	1000.0	415.0156	16.098692	458.82867	280.26868	2135000	0.0422485	7965.291	-0.010414436	-867.7744	16.80419	1.2650938	4997.525077342987
427	4586.688	66.04017	4707.426	4523.5225	1000.0	406.2897	23.011946	465.32956	260.43326	2140000	0.004921753	8301.087	-0.013617023	-1207.5835	16.868822	1.3676696	5011.109040260315
428	4584.415	75.16751	4703.179	4490.6826	1000.0	402.25497	42.881348	469.64084	204.40376	2145000	-0.02745448	8583.853	-0.01718102	-1695.415	16.696775	1.1599001	5024.893704414368
429	4529.254	45.315453	4582.2476	4462.7197	1000.0	419.7221	19.243769	461.44788	255.29614	2150000	-0.023955798	8503.869	-0.015733937	-1073.9014	16.839968	1.2820344	5038.285045623779
430	4518.9053	43.818535	4575.123	4474.8994	1000.0	394.4912	43.828323	462.37512	224.98524	2155000	-0.08057824	8062.736	-0.01723738	-1966.1943	16.96641	1.384867	5054.278154373169
431	4580.644	97.84682	4704.318	4464.8447	1000.0	417.2691	25.367287	457.6678	244.20941	2160000	-0.053595826	8712.323	-0.011124134	-917.1714	16.814947	1.3422668	5068.738777399063
432	4523.136	12.140696	4545.6387	4511.85	1000.0	409.22867	18.797142	453.21017	187.40569	2165000	-0.08019567	7465.088	-0.011795148	-1011.4453	16.89269	1.308318	5082.849155426025
433	4512.7295	38.47668	4578.6724	4463.6143	1000.0	408.4387	33.19927	461.85458	238.56009	2170000	-0.22692901	9220.113	-0.01595591	-1555.6719	16.986755	1.4429675	5097.197250366211
434	4484.175	57.83371	4551.039	4391.625	1000.0	406.57773	16.976866	458.2233	244.2959	2175000	-0.017457495	8149.0576	-0.012473017	-873.9409	16.89358	1.3528107	5111.753170967102
435	4520.417	35.029655	4588.3057	4492.642	1000.0	406.3744	17.638779	445.914	288.38824	2180000	0.026966693	7829.2544	-0.011891986	-824.5752	16.824793	1.3275288	5125.652937173843
436	4523.2324	53.14738	4606.567	4449.4126	1000.0	411.60193	16.717224	442.12164	293.2363	2185000	-0.005621234	8210.312	-0.011745399	-603.31494	16.966997	1.4843313	5139.95165514946
437	4548.8525	62.5592	4645.5728	4449.3325	1000.0	406.6356	14.810815	446.47293	91.00777	2190000	-0.0808679	8313.044	-0.012414463	-987.2661	17.018198	1.4911774	5153.927775859833
438	4509.667	67.5913	4629.9087	4433.341	1000.0	407.08774	27.977396	444.52716	250.50581	2195000	-0.02943056	7196.009	-0.016107868	-1112.377	16.843573	1.3572885	5167.538192749023
439	4527.1416	82.95951	4617.227	4382.426	1000.0	401.6972	35.632706	445.34167	230.17044	2200000	-0.053457275	7581.243	-0.020689517	-1231.8628	16.876507	1.387702	5180.965366601944
440	4575.543	55.638435	4622.5195	4475.8154	1000.0	416.8271	20.193356	455.39157	274.17303	2205000	0.123378806	8632.11	-0.01109682	-934.65576	16.904846	1.4112536	5196.513958692551
441	4545.2993	52.654957	4604.1777	4447.588	1000.0	411.60205	15.148708	451.43173	207.55359	2210000	-0.13635506	7827.267	-0.012799755	-526.8638	16.80238	1.2559719	5210.243103027344
442	4536.8267	103.896515	4687.7607	4396.48	1000.0	409.3427	21.892298	462.79166	231.71538	2215000	-0.001834668	7274.6514	-0.011160669	-1559.4712	16.97546	1.410034	5224.417629241943
443	4536.232	37.282288	4589.245	4484.7407	1000.0	412.37494	24.524187	462.61996	241.31134	2220000	0.057044514	8712.944	-0.012963567	-1022.8843	16.950167	1.3889992	5238.209072828293
444	4577.616	68.68196	4666.452	4463.6265	1000.0	401.32965	34.338768	454.74326	206.7916	2225000	-0.07163127	8344.52	-0.015394442	-982.6753	16.814709	1.2938764	5251.430351018906
445	4575.0044	35.840946	4627.9536	4543.0864	1000.0	416.91394	15.732126	461.544	265.26852	2230000	0.15438513	8576.755	-0.012378439	-573.8325	16.814337	1.3368521	5265.037435054779
446	4516.7266	25.38804	4553.4976	4482.9146	1000.0	410.84045	18.97922	455.512	233.99695	2235000	0.04948095	8118.2656	-0.014107268	-724.1006	16.913872	1.3681127	5278.619576931
447	4507.5117	42.868237	4557.757	4455.586	1000.0	407.02106	18.021246	452.8928	216.94443	2240000	-0.101776175	8256.056	-0.015989877	-615.34863	16.79118	1.2692912	5292.393064260483
448	4564.9814	55.751488	4666.011	4509.1626	1000.0	403.4983	21.926884	455.87766	261.7766	2245000	0.0768713	9061.342	-0.010119274	-1149.8608	16.939756	1.4050193	5306.852234363556
449	4537.219	13.856568	4560.104	4517.2646	1000.0	412.70724	8.9087305	456.22974	336.39557	2250000	-0.07568449	8144.7334	-0.013912626	-405.5288	16.757528	1.2257527	5320.252723693848
450	4585.819	30.138872	4636.8057	4554.891	1000.0	409.6013	11.840034	460.95886	321.71384	2255000	0.12892002	8599.007	-0.015360482	-402.52637	16.914534	1.3746312	5336.244015932083
451	4561.8193	66.29782	4669.1753	4483.2573	1000.0	412.088	12.911262	457.1003	302.4698	2260000	0.09782768	8315.96	-0.01349473	-457.0161	16.905884	1.3779631	5349.808741092682
452	4571.7437	74.3248	4684.4243	4479.709	1000.0	408.4495	16.536167	476.44464	263.5142	2265000	-0.006482605	8384.759	-0.010594044	-746.06104	16.776701	1.327472	5363.598316192627
453	4525.374	12.646354	4540.3003	4509.638	1000.0	411.29556	12.537173	459.82217	304.28436	2270000	0.11731517	8046.064	-0.01775901	-443.32324	16.92016	1.3830634	5376.813531398773
454	4568.4907	58.572083	4671.848	4512.2393	1000.0	410.6006	15.512185	463.9613	314.90768	2275000	-0.08131961	8011.7056	-0.013888262	-715.01904	16.8956	1.3457353	5390.144643068314
455	4528.656	101.79459	4718.9727	4447.862	1000.0	412.9362	15.912228	455.08786	329.85275	2280000	-0.12627067	8164.0854	-0.015187129	-553.3823	17.091322	1.5917574	5403.6309406757355
456	4568.1025	31.708675	4628.2397	4536.22	1000.0	409.12302	11.965713	466.81345	287.97577	2285000	-0.054787803	8329.174	-0.014943328	-478.3672	16.94544	1.4002355	5417.036995172501
457	4501.3994	54.69948	4595.716	4445.9844	1000.0	413.4909	13.409224	455.78494	325.12686	2290000	-0.253485	7625.267	-0.013233066	-795.687	16.908106	1.395359	5430.632465839386
458	4507.431	87.83824	4630.341	4400.0186	1000.0	402.6189	21.776978	443.25684	254.21404	2295000	-0.16844565	7742.5664	-0.015558496	-945.9878	16.958529	1.3828658	5444.395477771759
459	4497.9185	64.8958	4607.2134	4435.7114	1000.0	407.30145	21.059853	444.9742	241.59601	2300000	-0.08126443	7821.401	-0.014479421	-1022.8154	16.939222	1.3719877	5458.2582976818085
460	4511.6724	30.263487	4548.489	4460.616	1000.0	409.7843	22.191416	455.01453	266.14996	2305000	-0.00210336	8033.496	-0.014373738	-887.3257	16.869188	1.3650225	5473.923866510391
461	4557.841	74.35449	4683.7363	4483.363	1000.0	402.60794	24.015669	457.48828	169.2591	2310000	-0.3253296	7900.944	-0.016660541	-1295.2612	16.949669	1.4234865	5487.470274448395
462	4566.5923	85.054756	4699.138	4432.444	1000.0	408.52744	28.018623	448.9995	238.40572	2315000	0.015260924	9124.224	-0.015951408	-1375.667	16.902094	1.4267371	5500.263402938843
463	4568.9116	54.10529	4623.848	4477.0254	1000.0	413.1879	14.612515	466.1353	313.0543	2320000	-0.102669045	8537.004	-0.012056135	-636.2549	17.059626	1.5576104	5513.366479873657
464	4522.1113	66.37184	4593.321	4430.3306	1000.0	402.3999	26.570024	454.56232	266.5491	2325000	-0.020703413	7894.2017	-0.015020154	-1100.2471	16.707867	1.264717	5526.32963180542
465	4537.651	39.98684	4607.385	4493.778	1000.0	414.72784	18.67979	466.0066	266.8399	2330000	-0.057416014	7837.4873	-0.010907598	-999.6167	16.84561	1.299217	5539.6021893024445
466	4538.211	39.15517	4588.385	4496.59	1000.0	412.3513	20.008251	444.86716	264.39154	2335000	-0.15254994	8323.768	-0.015323311	-884.23486	16.911116	1.4459339	5552.503713846207
467	4528.066	33.104	4566.282	4471.0327	1000.0	401.03824	31.3099	462.6501	231.44193	2340000	0.132676	7358.52	-0.012031734	-1281.7666	16.895872	1.3085809	5565.255329370499
468	4533.296	64.45672	4615.395	4455.7666	1000.0	413.0345	26.23112	458.41656	203.76295	2345000	-0.1176301	7448.981	-0.013504811	-997.9292	16.841282	1.3871703	5577.583610534668
469	4504.62	64.49426	4596.143	4427.4414	1000.0	404.47977	32.564556	440.7989	167.38264	2350000	-0.0459711	8053.842	-0.010810286	-1339.6499	17.002087	1.4746084	5589.885467529297
470	4503.9346	24.999374	4538.7363	4464.962	1000.0	399.6111	37.021755	446.45352	175.73108	2355000	0.043717455	8389.869	-0.016299602	-1308.3037	17.059261	1.5745492	5604.429674863815
471	4504.459	54.500263	4558.777	4404.35	1000.0	412.62677	13.004172	454.4901	286.56274	2360000	0.16340235	7906.5503	-0.014671534	-1096.1157	17.118574	1.5472602	5617.561880350113
472	4541.986	67.41144	4634.284	4430.025	1000.0	404.58365	26.373066	452.59497	180.29796	2365000	-0.012802203	7748.4463	-0.013898083	-930.2217	17.064772	1.543455	5630.9965007305145
473	4548.679	49.217087	4634.4185	4500.7964	1000.0	413.13046	17.528746	457.34506	271.33835	2370000	0.010116833	8299.28	-0.013460205	-706.43066	17.000584	1.4896625	5644.54772567749
474	4506.225	42.26122	4543.6455	4423.5454	1000.0	402.41684	26.604708	457.29382	219.45221	2375000	-0.089259416	7817.355	-0.018098935	-1069.7886	17.089317	1.5717863	5657.589710235596
475	4533.294	64.69051	4638.7075	4464.2046	1000.0	400.56406	38.62221	457.4644	158.8226	2380000	-0.085524574	8787.998	-0.010608599	-1684.8174	16.960798	1.4961057	5670.4739463329315
476	4496.3623	16.514736	4511.397	4466.2783	1000.0	414.1219	14.741377	458.75757	269.90033	2385000	0.030781293	8231.2	-0.014182355	-677.9292	17.134516	1.6280763	5682.7767951488495
477	4520.0537	79.67874	4672.5835	4459.758	1000.0	403.25684	19.625183	447.1298	225.03346	2390000	-0.07920243	8137.846	-0.01337114	-789.416	17.11988	1.5777569	5695.065593719482
478	4542.266	56.029835	4625.7764	4462.338	1000.0	407.86862	19.505789	450.48416	233.70424	2395000	0.08710944	7793.4785	-0.011052176	-960.5073	17.025913	1.5001937	5707.781455278397
479	4517.0664	45.847656	4554.4155	4428.882	1000.0	406.70456	27.422346	457.80508	178.20139	2400000	0.004766278	7626.4624	-0.016102703	-1086.8193	16.97764	1.4758008	5720.012083768845
480	4550.2007	36.166313	4593.943	4494.913	1000.0	410.9869	17.720942	459.87274	152.22127	2405000	-0.060837403	8282.476	-0.012636997	-714.6914	17.18717	1.6645033	5734.967115163803
481	4614.7495	87.37576	4734.953	4467.4487	1000.0	407.99786	20.999424	449.5639	216.21323	2410000	0.05594436	9050.891	-0.013678633	-965.8994	17.012678	1.5010784	5747.424536705017
482	4505.1475	83.6559	4607.4556	4360.45	1000.0	408.96484	27.514854	463.40338	201.30988	2415000	-0.09847661	8077.2896	-0.0141779035	-1130.4653	16.863005	1.339756	5759.83461689949
483	4580.9385	72.88291	4691.9746	4480.6636	1000.0	411.31055	13.178463	460.1774	298.99796	2420000	-0.12832898	8490.749	-0.015258133	-511.80176	17.040575	1.5538574	5771.9585218429565
484	4559.8584	46.5064	4615.6484	4485.6016	1000.0	411.9257	14.854587	460.33975	278.33652	2425000	-0.0041921386	8559.712	-0.013428021	-703.74414	16.991611	1.4754205	5783.803654670715
485	4546.9414	23.85333	4586.3535	4522.3037	1000.0	412.24545	13.439438	451.23343	252.9942	2430000	-0.05155071	8275.252	-0.0137338415	-528.2466	17.081297	1.6302527	5795.871942281723
486	4504.4893	20.568817	4534.536	4470.796	1000.0	405.60718	19.433567	465.27856	46.922928	2435000	-0.09746459	7555.3394	-0.01174476	-1525.0098	17.007387	1.4407389	5808.028649330139
487	4584.454	99.75075	4753.0176	4487.175	1000.0	406.40607	29.464712	451.25928	204.94846	2440000	0.030394305	8158.2217	-0.012032647	-938.79297	17.01752	1.5681412	5819.82408952713
488	4546.2	61.596775	4654.639	4484.194	1000.0	411.41803	26.8028	455.83215	162.78041	2445000	0.004705832	9187.872	-0.009927735	-1392.6318	17.104942	1.6102799	5831.966220140457
489	4504.2163	35.301815	4545.4824	4447.7163	1000.0	411.11786	18.099335	452.35223	244.17506	2450000	0.028403757	7676.984	-0.017823087	-1253.0176	16.929735	1.4741488	5844.003909111023
490	4540.251	40.41399	4605.099	4480.7607	1000.0	405.1598	28.774006	443.41388	169.99802	2455000	-0.09895517	8927.814	-0.012800202	-1148.3105	17.01687	1.4799414	5858.707122564316
491	4542.7295	65.91825	4650.877	4458.9814	1000.0	409.97614	20.267916	454.60257	236.22852	2460000	-0.014965734	7785.176	-0.013503558	-1202.3999	16.988016	1.5287279	5870.988255262375
492	4492.339	71.2076	4585.8154	4375.0957	1000.0	410.39276	20.879036	442.9204	208.29047	2465000	-0.05088532	7627.3745	-0.015674606	-852.67773	17.201338	1.6435066	5882.703316688538
493	4552.633	39.103943	4595.574	4492.677	1000.0	400.9922	20.202475	451.47427	127.82881	2470000	0.045829542	8689.558	-0.014623316	-846.2407	16.91717	1.4599084	5894.800536155701
494	4620.5337	50.752308	4701.3594	4559.864	1000.0	411.66275	13.836884	458.61304	294.55573	2475000	-0.062463127	8481.606	-0.014539823	-538.66064	17.028532	1.5588456	5907.311643123627
495	4540.1577	62.366856	4657.854	4491.2983	1000.0	414.40955	14.1039295	460.9699	249.90036	2480000	0.25770175	8115.2334	-0.011118412	-1127.3638	17.062368	1.5213449	5919.6909828186035
496	4484.7266	37.203182	4549.9585	4446.1147	1000.0	403.99692	29.114061	454.81134	185.48465	2485000	-0.089023694	8120.0674	-0.0118542835	-1002.2339	17.076107	1.5573323	5931.216844081879
497	4553.8857	66.737114	4686.9507	4512.283	1000.0	403.05817	26.283636	443.27982	146.25249	2490000	-0.07040868	8077.986	-0.011201374	-816.9595	17.150286	1.584866	5942.450469493866
498	4561.463	41.439724	4631.01	4521.871	1000.0	415.587	10.582147	443.3456	289.66742	2495000	0.0045997924	8198.652	-0.017555038	-577.1626	17.10739	1.5248648	5953.713061332703
499	4516.63	25.392649	4552.704	4488.4087	1000.0	402.02676	33.018936	446.13632	162.8159	2500000	-0.008888593	7840.397	-0.013032604	-1137.144	17.23062	1.7747426	5967.148051261902
