Epoch	AverageEpRet	StdEpRet	MaxEpRet	MinEpRet	EpLen	AverageVVals	StdVVals	MaxVVals	MinVVals	TotalEnvInteracts	LossPi	LossV	DeltaLossPi	DeltaLossV	Entropy	KL	Time
0	-2232.31	30.86312	-2181.1045	-2262.2285	1000.0	-0.020438304	0.9145052	2.032522	-1.9480699	5000	-0.025229596	43152.21	-0.02067634	-5643.0156	7.953831	0.5330037	14.827514886856079
1	-2152.9717	17.05618	-2128.8015	-2179.2278	1000.0	-14.383953	0.57174534	-7.1224875	-14.972619	10000	-0.044753443	34413.39	-0.0137638785	-2558.9941	7.838653	0.4902354	21.976704597473145
2	-2125.1558	45.17745	-2091.4822	-2214.108	1000.0	-21.6391	0.08080898	-20.326466	-21.699139	15000	0.047362316	30220.902	-0.012550943	-1897.6699	7.857112	0.5489028	29.123493671417236
3	-2041.7201	40.283348	-1995.3479	-2110.3757	1000.0	-27.347538	0.05549079	-26.331373	-27.387783	20000	0.06288058	25780.303	-0.0133136995	-1577.2715	7.862055	0.52581817	36.3666045665741
4	-1873.4053	58.741463	-1792.302	-1941.4622	1000.0	-32.530636	0.028646786	-31.907614	-32.54984	25000	0.0907709	20437.146	-0.009293541	-1262.0879	7.9013124	0.5703889	43.557438373565674
5	-1863.5621	56.783287	-1813.0577	-1936.2275	1000.0	-37.21187	0.021721493	-36.825832	-37.22607	30000	-0.06570804	18804.152	-0.0075038	-1186.3184	7.911708	0.5229661	50.87794303894043
6	-1840.4775	38.476147	-1777.1312	-1882.8453	1000.0	-41.78863	0.021225318	-41.343468	-41.800995	35000	-0.08094157	16682.049	-0.009439975	-1071.0088	7.8627853	0.49852413	58.14512014389038
7	-1788.2133	51.9606	-1719.438	-1864.8431	1000.0	-46.205864	0.014263654	-45.937447	-46.214794	40000	-0.018202597	14273.413	-0.006606076	-928.75	7.8694487	0.5273716	65.27753639221191
8	-1743.1012	41.3765	-1679.2042	-1805.1561	1000.0	-50.386787	0.014197293	-50.0756	-50.394653	45000	-0.014057052	12623.531	-0.008556535	-847.4912	7.85703	0.4424958	72.36994647979736
9	-1669.5344	57.855164	-1600.1295	-1769.4305	1000.0	-54.439583	0.013781225	-54.139683	-54.446594	50000	-0.05866076	10033.252	-0.004928902	-691.9492	7.893828	0.5385449	79.65968370437622
10	-1362.7771	558.263	-247.25386	-1674.1884	823.0	-58.18052	0.010355162	-57.95148	-58.18625	55000	-0.058696315	9685.757	-0.009308957	-660.7998	7.8323994	0.4712374	87.32795810699463
11	-1288.699	610.41516	-68.821014	-1621.5193	808.4	-61.88397	0.009550292	-61.655952	-61.889038	60000	-0.0031179916	7532.008	-0.003372774	-548.9492	7.754032	0.40611508	94.52643704414368
12	-1502.9255	57.92419	-1423.6879	-1562.6815	1000.0	-65.33765	0.007976209	-65.15443	-65.342026	65000	-0.050248783	6192.2407	-0.006151352	-442.05615	7.8325295	0.47817528	101.64337062835693
13	-1483.9901	84.97851	-1343.4928	-1592.4106	1000.0	-68.500336	0.008105817	-68.32387	-68.50463	70000	-0.15782927	5374.065	-0.0037861615	-383.69238	7.765472	0.38974127	108.94259333610535
14	-1502.5035	64.512474	-1431.7046	-1622.8452	1000.0	-71.50055	0.007980964	-71.308784	-71.504585	75000	-0.17544386	4984.7744	-0.005506754	-360.3423	7.710596	0.3466514	116.5214569568634
15	-1399.1217	76.641174	-1292.9192	-1483.3116	1000.0	-74.46039	0.007241832	-74.29359	-74.46418	80000	-0.020984726	3612.8872	-0.0056252684	-263.72363	7.7903576	0.4448689	124.07210636138916
16	-1419.4812	45.22184	-1344.6425	-1476.2335	1000.0	-77.06642	0.0069119805	-76.92362	-77.069756	85000	-0.08362792	3396.1064	-0.002760902	-254.05054	7.752455	0.42485878	131.11312747001648
17	-1364.445	78.46151	-1249.7756	-1487.03	1000.0	-79.65426	0.007822143	-79.47206	-79.6577	90000	-0.081324436	2893.8792	-0.0048317984	-201.34326	7.874525	0.50771224	138.00402307510376
18	-1322.261	24.276777	-1288.9839	-1361.5598	1000.0	-82.022415	0.0063294675	-81.91319	-82.0257	95000	0.011125266	2063.2869	-0.0039999667	-147.50647	7.7640295	0.4486955	144.78950667381287
19	-1369.4193	83.44641	-1248.3196	-1486.1913	1000.0	-84.09823	0.0073690247	-83.87964	-84.10127	100000	-0.09874384	2385.6252	-0.0035782382	-173.59277	7.779034	0.37929899	151.91268062591553
20	-1310.8698	38.70811	-1269.1284	-1367.4685	1000.0	-86.36565	0.008081826	-86.08361	-86.368774	105000	-0.04554027	1771.3427	-0.003984116	-121.94812	7.809924	0.4360207	159.92373394966125
21	-1268.347	60.12919	-1212.4934	-1384.2944	1000.0	-88.33889	0.006242576	-88.1692	-88.34151	110000	-0.09463935	1475.412	-0.003621079	-83.17078	7.7556024	0.4217849	167.39519238471985
22	-1260.1506	62.291985	-1212.063	-1374.3483	1000.0	-90.00354	0.0060793026	-89.840675	-90.00625	115000	0.01696112	1422.2063	-0.0046410915	-68.37097	7.7896013	0.4590175	174.88827061653137
23	-1208.5417	36.185863	-1152.9968	-1263.9867	1000.0	-91.53728	0.0054560867	-91.37352	-91.53981	120000	-0.16411932	988.0421	-0.002005145	-39.64624	7.702314	0.35469547	182.44676232337952
24	-1190.6501	46.851254	-1135.4242	-1261.2196	1000.0	-92.74608	0.005159141	-92.6139	-92.74855	125000	-0.062077515	885.7718	-0.0023791045	-31.868286	7.8240438	0.458798	190.10486602783203
25	-1190.9238	25.026373	-1150.4042	-1213.9124	1000.0	-93.8411	0.0059749936	-93.64301	-93.84355	130000	-0.03190646	879.7047	-0.0034072138	-21.01831	7.812986	0.4407064	197.7184498310089
26	-1136.4333	72.4712	-1071.0183	-1258.839	1000.0	-94.7571	0.0051355404	-94.628365	-94.759514	135000	-0.044466663	683.8494	-0.0021455362	-10.714905	7.7223797	0.4115602	205.27336359024048
27	-1113.4933	34.393276	-1055.8027	-1156.5167	1000.0	-95.431885	0.005014668	-95.28644	-95.4342	140000	-0.16620038	652.7465	-0.0019367188	-5.8327637	7.724354	0.41271183	212.92734551429749
28	-1158.1345	47.489044	-1094.0656	-1208.3356	1000.0	-95.93911	0.0053617465	-95.80278	-95.9416	145000	-0.11795333	732.06714	-0.002363883	-11.335754	7.690005	0.364788	220.40494418144226
29	-1155.5746	29.414124	-1109.1113	-1191.4851	1000.0	-96.637566	0.004840488	-96.54775	-96.639984	150000	-0.06810425	717.68243	-0.001548998	-8.166809	7.777068	0.40090635	227.96666479110718
30	-1135.0107	30.794664	-1092.9904	-1172.3585	1000.0	-97.26065	0.0046056528	-97.141655	-97.26283	155000	-0.037508465	634.5928	-0.0019240007	-2.5992432	7.7767634	0.41359508	235.92364645004272
31	-1101.2997	61.824814	-1032.0889	-1212.406	1000.0	-97.630936	0.0043410966	-97.54571	-97.63312	160000	-0.07613053	645.59155	-0.0027928948	-0.56121826	7.756797	0.38161382	243.62829494476318
32	-1057.131	52.957874	-978.196	-1138.1132	1000.0	-97.80929	0.0051109637	-97.707344	-97.8117	165000	-0.087479606	612.4532	-0.0024873316	-1.1593628	7.7400517	0.43897304	251.5194172859192
33	-1071.8778	36.915733	-1043.7031	-1144.7245	1000.0	-97.58384	0.004870279	-97.44189	-97.58597	170000	-0.0642482	634.2308	-0.0025538206	-0.2635498	7.7228346	0.3932514	259.3319048881531
34	-1031.6516	62.820724	-944.27496	-1125.2505	1000.0	-97.454094	0.0053423177	-97.33858	-97.456314	175000	-0.04975747	501.5995	-0.0018569455	-3.495575	7.696661	0.38778466	267.1279582977295
35	-1052.9552	55.146683	-1003.9833	-1157.5498	1000.0	-97.023254	0.005317651	-96.86722	-97.02552	180000	-0.039075896	532.9966	-0.0030593872	-2.737732	7.661468	0.38719508	274.972856760025
36	-1008.1627	26.989882	-985.5136	-1058.6222	1000.0	-96.61337	0.0059462627	-96.43261	-96.6157	185000	-0.06367013	496.209	-0.0028229281	-5.574127	7.682906	0.37609673	283.1311490535736
37	-994.1798	60.42697	-897.4333	-1075.9889	1000.0	-96.03174	0.0057669315	-95.87044	-96.0342	190000	-0.021336585	514.717	-0.0028924625	-8.065094	7.753075	0.44169867	291.7926342487335
38	-1022.3463	34.850166	-958.7447	-1060.4365	1000.0	-95.31165	0.005505009	-95.17253	-95.31405	195000	-0.04784288	574.15466	-0.001996059	-2.55188	7.7228127	0.39345422	299.73844718933105
39	-1017.3677	20.186651	-1003.25946	-1056.8529	1000.0	-94.87605	0.006812147	-94.692215	-94.87882	200000	0.008870151	558.49005	-0.0026360764	-2.2679443	7.762296	0.4127205	307.48338294029236
40	-975.58264	59.688755	-883.62744	-1068.11	1000.0	-94.47516	0.008111877	-94.178856	-94.47783	205000	-0.035257787	520.2495	-0.002346687	-10.995911	7.755147	0.43865976	316.19386100769043
41	-970.66876	73.21219	-878.21045	-1068.9077	1000.0	-93.58945	0.55389035	-63.46404	-93.62035	210000	-0.110806264	589.2015	-0.002500765	-13.022095	7.7175226	0.40370932	324.0252652168274
42	-953.7999	101.57701	-807.96313	-1115.8434	1000.0	-92.62603	0.19314855	-80.586655	-92.64137	215000	-0.11434314	635.8053	-0.0022395998	-22.677612	7.6976533	0.38605556	331.9135594367981
43	-936.11993	63.924137	-825.70123	-1008.01556	1000.0	-91.38325	2.4678373	-31.29468	-91.74983	220000	-0.10149325	517.6698	-0.0027774796	-46.853394	7.6508737	0.36803478	339.6667215824127
44	-931.87665	53.645454	-874.1094	-1028.4247	1000.0	-87.6075	4.001448	2.4998775	-90.8602	225000	-0.060722876	513.0254	-0.0034521706	-70.17258	7.747369	0.44378302	347.5964229106903
45	-920.34393	30.225136	-868.5061	-957.95435	1000.0	-83.384735	5.7134895	8.650467	-87.76724	230000	-0.018949972	445.8389	-0.0024921726	-67.50186	7.7355485	0.3973079	355.72301959991455
46	-955.6076	64.471344	-856.00006	-1054.0724	1000.0	-83.86145	3.428394	-21.762667	-87.48155	235000	-0.13052036	562.87604	-0.0021100044	-28.120361	7.697567	0.38092223	363.7412922382355
47	-916.6541	43.892773	-863.4857	-984.12317	1000.0	-85.37294	1.635949	-35.56385	-90.00681	240000	-0.036304552	420.6474	-0.0018073246	-55.144684	7.680189	0.36634696	371.8896896839142
48	-906.14294	66.36103	-784.4656	-975.7878	1000.0	-83.55661	4.948336	-0.40178537	-88.813644	245000	-0.01014321	476.84824	-0.003008807	-86.24585	7.656533	0.39361054	379.91527247428894
49	-854.25995	44.283543	-773.4204	-903.3896	1000.0	-78.87311	6.6927204	6.183835	-89.833885	250000	-0.01696671	481.9336	-0.0029785987	-89.38254	7.6971736	0.43689784	387.9336473941803
50	-834.7186	42.362194	-756.5844	-885.6072	1000.0	-76.806755	6.898368	33.015312	-89.90782	255000	-0.077070326	390.24548	-0.0025662258	-68.242096	7.641248	0.3837488	396.6488139629364
51	-731.9879	361.77332	-10.752257	-959.4718	803.8	-77.4637	3.6511474	-33.56213	-89.3459	260000	-0.08517933	386.33984	-0.002215162	-55.892426	7.677771	0.39936802	404.8950946331024
52	-831.93506	69.29567	-729.6819	-934.092	1000.0	-79.77684	4.648363	34.516243	-90.25769	265000	-0.06243857	508.2762	-0.0028238744	-75.77753	7.6376843	0.39558777	413.059853553772
53	-926.7357	45.730347	-842.08594	-967.17206	1000.0	-74.58889	5.310901	-20.963009	-90.22152	270000	-0.13464488	478.57635	-0.0025843233	-78.99411	7.715478	0.36994463	421.207026720047
54	-817.3457	30.720785	-778.3318	-869.46765	1000.0	-79.90699	5.386227	-42.11938	-90.64425	275000	-0.08454388	447.1434	-0.0023319423	-113.41565	7.7261095	0.44487345	429.1719789505005
55	-849.08984	50.51065	-772.9038	-907.8855	1000.0	-72.52073	5.6236854	-4.7550106	-90.34875	280000	-0.1106906	432.4042	-0.002953127	-70.39664	7.6658344	0.36722213	437.1592845916748
56	-850.1346	27.730848	-799.76184	-873.84607	1000.0	-76.13153	5.445362	-4.4802623	-90.54451	285000	-0.10849314	333.83954	-0.0015542731	-47.13672	7.7241297	0.43037954	445.17331552505493
57	-812.5441	48.394592	-749.9442	-889.09015	1000.0	-75.783714	5.348001	5.6910048	-90.61041	290000	-0.1156478	385.89844	-0.0017112419	-40.3573	7.6404853	0.34303623	453.25089955329895
58	-794.77167	37.99104	-750.2726	-850.4889	1000.0	-73.93665	4.7608833	-18.450434	-90.40667	295000	-0.13364018	344.59946	-0.002294749	-73.86212	7.6696076	0.41782987	461.0899591445923
59	-811.3024	25.089622	-789.7853	-858.34283	1000.0	-70.4757	8.168305	12.858392	-90.313156	300000	-0.03950056	341.0051	-0.0021417625	-67.66705	7.6853766	0.42946532	469.23178267478943
60	-833.00195	60.48709	-748.4412	-903.154	1000.0	-72.98704	6.271328	-13.736601	-90.40586	305000	-0.08821408	411.375	-0.0024411827	-48.146545	7.6626306	0.38035613	477.8534560203552
61	-791.4779	15.434394	-763.4824	-805.703	1000.0	-72.57218	6.328527	8.909132	-90.528046	310000	-0.08113317	345.60376	-0.00251659	-58.606384	7.6698313	0.42702812	485.94836163520813
62	-800.1105	6.89132	-790.714	-808.18805	1000.0	-70.73144	5.8339467	-18.227085	-90.41499	315000	-0.111197196	357.6262	-0.0014553443	-33.33969	7.6491203	0.38012224	494.04235911369324
63	-773.6941	62.45188	-657.6506	-831.15155	1000.0	-71.97965	5.2449474	-53.99472	-90.44228	320000	-0.11321459	338.882	-0.0015735924	-37.689056	7.6419306	0.3638542	502.1110625267029
64	-642.8019	248.84535	-159.17244	-832.0429	829.2	-70.640434	3.628843	-40.153145	-88.98755	325000	-0.035671417	336.73584	-0.0015793405	-25.39331	7.6774664	0.36710504	510.1889600753784
65	-761.1481	72.21593	-627.2702	-825.57715	1000.0	-70.97903	3.5857377	-30.763407	-89.37256	330000	-0.044664856	363.7209	-0.001525458	-49.221924	7.687527	0.4103701	518.1670958995819
66	-820.52277	61.182575	-751.5508	-928.5152	1000.0	-70.024315	7.3548365	5.0995445	-90.1918	335000	-0.059516743	373.8605	-0.003152743	-47.651398	7.6383424	0.34028146	526.3202428817749
67	-788.3112	29.044834	-753.23926	-828.9398	1000.0	-70.02046	5.1859393	-24.75452	-90.5181	340000	-0.036913916	335.5188	-0.0033183694	-31.77768	7.595922	0.3456296	534.5333681106567
68	-763.17505	33.62852	-724.3309	-818.93945	1000.0	-71.411385	6.1730466	12.43894	-90.635925	345000	-0.06027909	291.94476	-0.0032876171	-60.704163	7.666942	0.398657	543.1470761299133
69	-779.00305	32.57211	-744.9542	-819.38885	1000.0	-66.717026	7.7722945	11.214975	-90.336365	350000	-0.08403576	320.27145	-0.0013462082	-51.753387	7.68493	0.38690674	551.6117792129517
70	-794.1571	63.29779	-739.06384	-878.6893	1000.0	-70.95304	6.690282	-32.501896	-90.444244	355000	-0.09900541	432.5123	-0.0016938746	-59.75534	7.669092	0.36139616	560.686737537384
71	-732.86554	48.456684	-692.8832	-815.43964	1000.0	-68.653824	7.7087955	-6.3710623	-90.71957	360000	-0.09160237	305.8948	-0.0020113364	-39.78882	7.6545486	0.40240288	568.7424125671387
72	-747.95465	22.760696	-717.3347	-783.6209	1000.0	-67.394585	7.300226	21.273165	-90.507324	365000	-0.09493313	369.77786	-0.0016227961	-52.831757	7.7009406	0.4103743	576.9020600318909
73	-716.4737	57.884327	-620.8554	-799.69714	1000.0	-65.843185	4.286355	28.086905	-89.286766	370000	-0.10673542	366.74026	-0.0018477812	-40.512604	7.6072288	0.3667903	585.0281701087952
74	-764.98346	33.481354	-730.9832	-828.01324	1000.0	-66.29741	5.4276414	-39.733196	-89.74075	375000	-0.08708527	340.9399	-0.0015947968	-42.443665	7.6652484	0.3821176	593.227735042572
75	-772.1974	64.003	-714.7758	-894.62805	1000.0	-66.3766	6.5746384	-28.704195	-90.337685	380000	-0.0783628	374.9712	-0.0020170063	-58.924805	7.691118	0.38566837	602.0515229701996
76	-704.88806	46.08325	-616.7081	-749.9105	1000.0	-66.860634	7.630492	12.311707	-90.967804	385000	-0.0016164978	355.48822	-0.0016509918	-75.20166	7.6731486	0.40580904	610.20463514328
77	-718.47974	51.166676	-672.6921	-791.40704	1000.0	-63.9533	5.10236	-18.403305	-90.45794	390000	-0.09046796	328.316	-0.001791358	-23.694946	7.6671724	0.3870126	618.3767430782318
78	-723.1437	32.557877	-692.2319	-779.32385	1000.0	-64.48131	4.3245044	2.8802223	-89.30742	395000	-0.101719536	305.6908	-0.0012432784	-23.749908	7.652307	0.38330743	626.3375494480133
79	-685.5385	48.132217	-646.53076	-776.3353	1000.0	-65.249565	4.123304	-45.60961	-90.05428	400000	-0.08251129	270.96832	-0.0022313744	-25.86168	7.6404905	0.40360975	634.4071073532104
80	-700.9056	63.026962	-658.82117	-824.4014	1000.0	-63.313976	3.8857872	-4.981829	-90.59756	405000	-0.077460416	311.44965	-0.0017908365	-24.586731	7.5733232	0.346994	643.3152492046356
81	-738.2352	91.04593	-648.66656	-881.93445	1000.0	-63.94824	4.0976357	-33.057068	-90.21172	410000	-0.10714735	333.0113	-0.0023175627	-48.45639	7.652941	0.42898956	651.4204835891724
82	-695.91174	35.948837	-659.2823	-761.90106	1000.0	-65.201584	5.4711046	-18.699057	-91.0544	415000	-0.036438372	293.9019	-0.0019133016	-41.255188	7.6401024	0.36991483	659.5529134273529
83	-689.55206	65.38651	-627.8905	-805.2053	1000.0	-62.886925	4.82933	-24.03574	-90.60207	420000	-0.116953455	436.6676	-0.0014144406	-50.454132	7.634536	0.3753103	667.6053459644318
84	-654.1656	40.05086	-593.36304	-697.3519	1000.0	-62.1348	4.6783657	-4.9347496	-89.58738	425000	-0.12135708	291.3173	-0.002230443	-47.089172	7.6098413	0.38524652	675.5674777030945
85	-713.60004	42.895504	-663.5886	-772.2427	1000.0	-60.727276	4.74998	31.86105	-89.95056	430000	-0.04346013	417.81808	-0.0017792992	-100.847595	7.553936	0.35038084	683.3872017860413
86	-720.527	39.106415	-667.6476	-765.4797	1000.0	-63.9373	6.557798	-35.94339	-90.6917	435000	-0.045700498	290.41376	-0.0016664527	-26.29776	7.663167	0.40654907	691.3140707015991
87	-682.5138	35.415222	-625.152	-732.995	1000.0	-62.27735	5.135977	-12.733079	-90.25232	440000	-0.11044966	233.5287	-0.0020144582	-24.748398	7.6079197	0.3929577	699.4686455726624
88	-695.54504	33.408127	-648.68945	-745.1469	1000.0	-62.98225	4.612145	-9.4376955	-90.07681	445000	-0.14524184	272.793	-0.0015166849	-24.086243	7.6439123	0.38125572	707.4718408584595
89	-666.20447	41.722054	-615.6268	-732.917	1000.0	-63.6732	5.0663877	20.464912	-89.93942	450000	-0.14787039	358.7876	-0.0018116385	-53.401154	7.6318665	0.39342162	715.5072367191315
90	-678.3763	34.04166	-616.6343	-711.37213	1000.0	-60.052982	4.7785378	-5.995086	-89.0102	455000	-0.085423745	237.45627	-0.0011933222	-25.975967	7.6176295	0.35989264	724.6094207763672
91	-631.66595	26.495695	-596.19086	-664.5988	1000.0	-62.08626	5.6054044	-11.654457	-88.60914	460000	-0.11453611	221.6208	-0.0016350746	-61.34015	7.572211	0.36628354	732.5056755542755
92	-677.93567	24.22375	-646.066	-720.3557	1000.0	-57.509357	4.546654	-3.6612267	-78.764244	465000	-0.023778193	305.39996	-0.0019647945	-56.39386	7.586367	0.40984434	740.5753240585327
93	-719.6234	45.169956	-665.62317	-788.51373	1000.0	-61.566963	3.555157	-50.873276	-83.52964	470000	-0.16111033	311.09647	-0.0021863878	-57.033463	7.651979	0.37993386	748.478978395462
94	-713.5729	53.393253	-655.819	-813.48975	1000.0	-63.898586	6.849652	-49.179474	-89.637566	475000	-0.10076588	284.9801	-0.0021695346	-24.272552	7.6244283	0.35193262	756.495100736618
95	-655.0515	55.968914	-603.6577	-759.42236	1000.0	-63.460556	7.0992613	-47.595383	-89.02644	480000	-0.13315564	285.52734	-0.0024392009	-46.271545	7.5869555	0.38507438	764.7031543254852
96	-653.7448	27.100033	-616.8632	-688.61	1000.0	-60.528988	5.9545493	-50.17149	-87.06212	485000	-0.15617651	272.56064	-0.0018629879	-33.43019	7.5420985	0.369831	773.0755019187927
97	-662.0203	45.117752	-593.1098	-727.2066	1000.0	-59.92825	6.3798895	-7.063837	-87.56827	490000	-0.15279621	329.61328	-0.0025770813	-60.44757	7.598853	0.3867773	781.3224492073059
98	-642.13184	50.202415	-555.12445	-691.09204	1000.0	-58.3423	4.4591265	-16.995817	-87.03617	495000	-0.14576867	302.51422	-0.001883477	-40.37552	7.6339936	0.39990425	789.2683236598969
99	-653.83636	52.345715	-596.5242	-744.02563	1000.0	-59.973763	5.377656	-0.7175365	-86.65907	500000	-0.117032506	297.85135	-0.001672551	-52.623672	7.551661	0.34644017	797.2635405063629
100	-687.74884	37.240726	-652.64935	-749.30975	1000.0	-58.25784	5.0852976	-29.767982	-85.57968	505000	-0.07640123	291.0464	-0.0017312318	-55.54634	7.612006	0.3924752	806.3252465724945
101	-660.561	43.007385	-584.74713	-716.55255	1000.0	-59.94305	6.020403	-27.862602	-87.66247	510000	-0.106666066	244.60338	-0.0016542003	-34.03888	7.631958	0.420973	814.3740472793579
102	-673.0039	104.780876	-558.4993	-831.8459	1000.0	-59.732967	7.1822925	-10.548057	-87.12214	515000	-0.098673604	387.0246	-0.0018795431	-83.15204	7.554328	0.3514347	822.7067005634308
103	-642.45654	42.76112	-572.2767	-690.03766	1000.0	-59.05281	6.0483212	-34.97829	-86.846275	520000	-0.032469068	253.01483	-0.0019508228	-43.631134	7.607178	0.35537887	831.2289953231812
104	-609.41125	55.24191	-508.05823	-663.1095	1000.0	-58.9739	6.9027514	-2.0044427	-86.713554	525000	-0.05581925	281.8927	-0.0020969063	-78.304504	7.6353655	0.41151592	839.340418100357
105	-679.5072	27.12197	-645.77795	-727.5693	1000.0	-55.60079	5.7219877	-6.639105	-85.03487	530000	-0.1494421	331.02203	-0.002291739	-86.25568	7.5988846	0.37048262	847.4172413349152
106	-631.34534	18.865074	-605.143	-658.0824	1000.0	-59.100414	4.6668706	-35.36108	-85.824234	535000	-0.14682215	199.17357	-0.0017453283	-23.394485	7.5818686	0.37910253	855.5769369602203
107	-632.51465	27.193203	-591.45404	-669.1939	1000.0	-57.55693	4.0880523	-1.6141902	-82.186516	540000	-0.10243777	213.0497	-0.0022081733	-23.445251	7.5640297	0.39783067	863.7118721008301
108	-647.56647	65.69834	-563.75446	-762.5557	1000.0	-57.0386	4.4086795	-47.15728	-84.83264	545000	-0.06170039	250.2443	-0.0016880259	-29.918442	7.5957017	0.37918377	871.9176290035248
109	-599.5291	13.35989	-582.7529	-621.8873	1000.0	-58.741573	5.6855474	-30.346895	-86.09856	550000	-0.10115877	256.05844	-0.001300484	-54.885345	7.6076846	0.37582713	880.111127614975
110	-650.41125	70.47642	-557.4501	-772.4638	1000.0	-55.385536	3.2206507	-35.729687	-84.12155	555000	-0.04253186	377.57333	-0.0015713312	-89.33307	7.5705037	0.37965918	888.9362411499023
111	-653.368	47.743748	-595.866	-714.40753	1000.0	-58.79469	7.885556	-12.046498	-86.65117	560000	-0.034189116	246.5807	-0.001346454	-48.97821	7.549155	0.33706605	896.9657077789307
112	-635.0434	22.27946	-609.815	-661.7038	1000.0	-57.80599	5.496363	-10.1806	-86.62236	565000	-0.09506722	221.91286	-0.0015875027	-31.894104	7.5815225	0.4224657	905.6053714752197
113	-654.26514	44.168804	-572.17993	-693.12646	1000.0	-58.080338	5.3160987	-13.454672	-86.47747	570000	-0.13471873	272.78592	-0.0017470717	-48.52237	7.571186	0.37799346	914.2107818126678
114	-619.1581	27.087683	-581.4156	-659.398	1000.0	-58.205936	7.4188814	-38.8367	-86.79419	575000	-0.16394101	302.72214	-0.002004549	-79.684494	7.576839	0.40993974	922.3879177570343
115	-644.7792	40.69099	-591.01807	-699.4452	1000.0	-53.2506	4.338767	-11.383266	-82.791084	580000	-0.1365644	267.11172	-0.0014495105	-50.22325	7.5327945	0.33865607	930.30042552948
116	-488.88785	224.3006	-52.14396	-693.2741	813.8	-58.717762	5.579754	-17.54296	-84.75355	585000	-0.07015057	266.32996	-0.002636373	-91.46878	7.50833	0.3978442	938.2830574512482
117	-504.14227	238.16751	-33.059902	-668.1576	808.4	-53.31065	3.2233279	-16.604628	-75.65597	590000	-0.1063937	233.1354	-0.0014686286	-54.204636	7.592015	0.3923812	946.407870054245
118	-700.18933	32.834324	-664.44403	-759.96985	1000.0	-57.700287	4.7271175	-1.9940484	-87.21184	595000	-0.12223169	355.0511	-0.0018894002	-126.30649	7.5900187	0.3671475	954.4132745265961
119	-580.8347	55.05717	-506.95972	-670.0478	1000.0	-61.5398	8.461805	10.557582	-88.85697	600000	-0.06367886	304.5603	-0.0015822202	-130.8432	7.6356673	0.4536152	962.6026449203491
120	-618.1271	57.582386	-527.0519	-684.66907	1000.0	-53.3844	6.4275837	6.2986755	-86.126526	605000	-0.121307105	200.80031	-0.0015831888	-27.208176	7.5744576	0.41416574	971.4719364643097
121	-655.66046	28.841883	-618.2963	-689.8854	1000.0	-54.771587	5.3281655	-29.746998	-86.7184	610000	-0.12836227	319.40366	-0.0018451065	-59.432526	7.550147	0.33335653	979.555490732193
122	-635.0812	44.660618	-581.7867	-696.9733	1000.0	-59.153057	6.98602	-12.991427	-88.78648	615000	-0.098768406	259.20782	-0.0013034418	-32.90033	7.528039	0.37759408	987.5071401596069
123	-600.39417	32.5681	-557.9353	-649.47955	1000.0	-55.47495	5.449435	-19.62795	-87.43478	620000	-0.09600835	256.09396	-0.002252914	-45.67929	7.5194626	0.37959656	995.5762896537781
124	-597.4413	62.39632	-498.62787	-688.9105	1000.0	-53.903217	3.4772592	-20.799501	-87.11823	625000	-0.06667578	246.20946	-0.002402082	-43.978836	7.4922905	0.3595899	1003.6107413768768
125	-564.1294	36.451332	-520.2437	-609.9067	1000.0	-54.563026	5.5594616	-20.042088	-87.02828	630000	-0.07903663	234.09315	-0.0014108568	-34.876694	7.4665484	0.36692086	1011.7512121200562
126	-614.79407	24.024038	-572.52216	-644.4807	1000.0	-51.9527	5.016255	-11.776428	-84.63726	635000	-0.14158492	280.35965	-0.0013107061	-40.225952	7.6220565	0.41725957	1020.3810858726501
127	-591.8452	55.763218	-518.7863	-685.6113	1000.0	-54.867924	4.4483056	-31.743631	-84.50657	640000	-0.18527022	219.0544	-0.0011803359	-27.76065	7.5091143	0.42611563	1028.8096306324005
128	-633.3789	81.69135	-546.85614	-769.4412	1000.0	-53.17527	4.7652173	14.519669	-84.85409	645000	-0.18365067	299.78894	-0.0019907653	-71.9874	7.5738935	0.39342496	1036.918215751648
129	-627.70105	62.836563	-537.66235	-731.79974	1000.0	-58.751926	7.239671	-20.311646	-87.87441	650000	-0.096545786	275.70486	-0.0014460161	-46.660065	7.5302343	0.3629228	1044.9995503425598
130	-621.31006	30.656813	-583.7552	-675.9509	1000.0	-56.14689	5.797097	-19.25982	-86.64126	655000	-0.08933667	221.4635	-0.0014309436	-27.934082	7.5464773	0.34377256	1054.091882944107
131	-625.64954	26.17565	-581.1257	-658.0822	1000.0	-55.75744	5.3518534	-19.187876	-86.45679	660000	-0.1639604	210.0527	-0.0021682829	-23.971008	7.604381	0.42131212	1062.228491306305
132	-632.5906	42.798084	-583.45135	-692.62616	1000.0	-55.06345	5.2783465	-38.50859	-86.68083	665000	-0.13582511	272.07098	-0.0014651567	-52.40709	7.5235767	0.37364003	1070.2294478416443
133	-568.17834	27.866625	-526.1438	-610.0454	1000.0	-56.567463	7.0783978	7.9377456	-88.24679	670000	-0.023069825	249.67912	-0.0016925093	-79.99449	7.442446	0.36958316	1078.3287379741669
134	-588.54584	55.682213	-490.8846	-663.37915	1000.0	-52.493362	4.111677	-20.76189	-84.42114	675000	-0.13967314	314.07495	-0.0015976876	-60.326904	7.513789	0.37452626	1086.2813441753387
135	-609.81366	62.727978	-515.4685	-701.7391	1000.0	-53.78731	4.2950783	-8.279256	-78.959435	680000	-0.07655867	305.43555	-0.0015916973	-75.25412	7.5285892	0.40504092	1094.2510492801666
136	-631.756	42.681026	-570.72516	-698.73364	1000.0	-55.50933	6.4811177	-15.142796	-87.98019	685000	-0.15341258	273.4804	-0.0016130805	-59.849655	7.6072826	0.40542713	1102.430438041687
137	-618.9103	24.308105	-596.32526	-651.63776	1000.0	-56.01038	6.0581727	-5.8898373	-87.80534	690000	-0.11745342	189.82777	-0.0018528551	-29.24228	7.5208187	0.36996362	1110.607765197754
138	-587.22473	37.01955	-541.18567	-624.8476	1000.0	-56.093544	6.183824	-23.040659	-86.948265	695000	-0.08116341	260.37305	-0.0017734021	-67.71344	7.553645	0.41564515	1118.6656703948975
139	-551.74774	51.512	-468.6707	-623.3976	1000.0	-53.66685	4.096586	-1.4405994	-79.73658	700000	-0.16547383	265.0554	-0.0015013069	-56.14154	7.507521	0.4303211	1126.8541131019592
140	-564.5294	36.9126	-506.725	-614.0819	1000.0	-50.429607	3.8841293	19.711765	-75.77936	705000	-0.0824387	202.28442	-0.001840353	-28.160675	7.4910173	0.3917886	1136.0930752754211
141	-610.38153	47.738644	-530.73694	-669.52893	1000.0	-51.835236	3.1708484	-22.655254	-75.94753	710000	-0.089188196	277.65918	-0.001723431	-45.67395	7.5120726	0.37028807	1144.2294359207153
142	-608.34326	50.897644	-539.0732	-663.6107	1000.0	-54.9786	5.1674504	3.983761	-86.7865	715000	-0.14327797	237.38962	-0.001977101	-52.327545	7.523889	0.38261756	1152.205569267273
143	-618.4797	48.867897	-523.14545	-658.00824	1000.0	-54.567608	7.698168	-24.858656	-86.41824	720000	-0.15442681	236.6353	-0.0016206205	-39.03253	7.538768	0.41562158	1160.2344393730164
144	-618.44507	50.78552	-529.1978	-675.73816	1000.0	-53.2763	6.924518	-15.101779	-87.266945	725000	-0.09246853	235.44925	-0.0017807558	-32.28717	7.4885063	0.35757476	1168.363787651062
145	-595.4332	43.278835	-545.97186	-653.1213	1000.0	-55.23271	7.599911	-23.362804	-86.70373	730000	-0.10540106	267.00748	-0.002430506	-54.161774	7.5539455	0.4237335	1176.4157412052155
146	-672.24036	59.383064	-602.0794	-776.7463	1000.0	-53.10895	7.624689	26.579517	-86.35486	735000	-0.13468075	385.7852	-0.001114741	-143.86264	7.537939	0.4133956	1184.648232460022
147	-602.0241	53.065536	-566.34064	-706.9767	1000.0	-57.92448	10.192681	-19.602383	-90.12414	740000	-0.09362993	262.4337	-0.0022797137	-71.962585	7.5615954	0.4300457	1192.5742943286896
148	-579.9484	44.914444	-506.36783	-642.55084	1000.0	-54.12036	5.6266475	-24.116394	-86.917915	745000	-0.15135553	216.75128	-0.0017787218	-34.858414	7.547477	0.42997882	1200.7601828575134
149	-603.69324	33.363655	-563.10156	-647.30774	1000.0	-52.37229	6.9584117	-27.557503	-86.9533	750000	-0.09607211	222.89807	-0.0014418438	-36.54164	7.5333405	0.41192666	1209.1846570968628
150	-541.3192	42.423805	-479.30112	-603.2074	1000.0	-53.817482	5.9654074	-42.934124	-86.36159	755000	-0.13992624	206.79549	-0.0021761507	-48.446045	7.516775	0.4457459	1218.8903753757477
151	-569.2819	47.76322	-519.76135	-628.2053	1000.0	-50.917362	6.750679	-15.32278	-81.343414	760000	-0.081425376	263.08734	-0.00166668	-53.550003	7.4337406	0.39863837	1227.2128751277924
152	-549.22876	81.800415	-434.13416	-674.9624	1000.0	-50.550156	7.4015665	4.2793145	-84.28762	765000	-0.08195171	271.53772	-0.0013785511	-78.41347	7.48239	0.38418418	1235.2787103652954
153	-588.2672	43.866085	-549.63605	-652.66736	1000.0	-48.877235	3.718651	-21.527487	-80.51364	770000	-0.1701266	213.91035	-0.0012335479	-46.309586	7.484172	0.3578654	1243.36101937294
154	-582.0433	38.9875	-533.9257	-645.5385	1000.0	-53.53392	6.4920425	-23.910082	-83.288605	775000	-0.13394552	239.05783	-0.0017314553	-40.58969	7.5088854	0.38676026	1251.3923268318176
155	-548.4728	19.903254	-519.60425	-581.67474	1000.0	-52.161358	4.567832	-19.67683	-76.58973	780000	-0.14141639	194.8093	-0.0012892783	-32.541763	7.5312376	0.40722793	1259.317701101303
156	-593.6467	34.766193	-551.03564	-649.446	1000.0	-50.904476	3.6141348	-15.423358	-73.64228	785000	-0.104959086	208.2671	-0.0017199069	-39.07605	7.5022173	0.39727703	1267.3834671974182
157	-577.0182	41.377968	-522.9791	-636.32983	1000.0	-52.03076	5.1334133	-36.67619	-82.67267	790000	-0.08667611	173.8977	-0.0013932884	-24.766037	7.4734015	0.37598914	1275.289222240448
158	-543.828	23.988358	-502.53317	-565.1447	1000.0	-50.998627	4.5544467	-10.199366	-80.32284	795000	-0.08978796	162.21382	-0.0012645572	-19.626953	7.518317	0.45238823	1283.3567824363708
159	-584.4305	30.59938	-542.60187	-630.4075	1000.0	-49.8493	4.0290427	-34.908478	-80.01127	800000	-0.09869807	204.46829	-0.0017216057	-32.1438	7.5410533	0.40916675	1291.6033585071564
160	-611.1845	55.46345	-549.10767	-704.989	1000.0	-53.143814	4.75921	-41.02355	-79.97719	805000	-0.13653533	239.51715	-0.0013008416	-79.42973	7.5696836	0.45299277	1300.7203822135925
161	-576.2001	94.79162	-439.55612	-726.66644	1000.0	-51.83083	9.219852	-38.347645	-87.708244	810000	-0.073366605	383.39355	-0.0018666238	-153.25427	7.5219736	0.41181523	1308.80508685112
162	-588.7329	13.790186	-562.6171	-602.13794	1000.0	-51.922886	8.068018	17.181406	-89.45232	815000	-0.12795039	250.90015	-0.0022122562	-62.37149	7.4789	0.38549042	1316.7814145088196
163	-534.1252	26.327875	-483.46448	-558.3457	1000.0	-51.94309	5.962517	-12.698675	-84.911064	820000	-0.0602638	201.83025	-0.0023411028	-46.249893	7.520822	0.40680742	1324.8355650901794
164	-597.6249	60.10562	-549.7118	-716.09235	1000.0	-49.800823	3.8841155	-11.231064	-77.94239	825000	-0.1130534	276.75085	-0.0019532442	-64.522705	7.466608	0.36513075	1333.113580942154
165	-552.01746	56.852173	-486.02277	-644.6369	1000.0	-53.961517	6.9725194	-23.67628	-85.045906	830000	-0.0706103	290.6588	-0.00120119	-63.151245	7.43988	0.37268177	1341.1314344406128
166	-534.821	95.62101	-456.88043	-715.1953	1000.0	-49.19586	6.074496	-0.56711364	-84.99055	835000	-0.13965872	315.3809	-0.0019524843	-78.50609	7.402252	0.40384713	1349.148815870285
167	-561.0708	50.647934	-512.2806	-656.3068	1000.0	-49.70804	8.418813	-2.0705519	-87.01935	840000	-0.1445273	244.63487	-0.001869008	-47.006516	7.4798265	0.39919382	1357.2877886295319
168	-524.829	76.46891	-385.06503	-608.7526	1000.0	-49.69893	6.0326896	0.19791925	-84.56515	845000	-0.09749616	262.88928	-0.0014137998	-80.47153	7.4426093	0.36927813	1365.424819946289
169	-573.57654	57.86208	-494.24487	-671.075	1000.0	-49.277054	5.400214	14.794744	-88.3176	850000	-0.08587782	271.61652	-0.0015872791	-52.905884	7.501347	0.38151646	1373.7189965248108
170	-542.11847	72.47262	-465.93616	-660.1211	1000.0	-50.099453	5.265048	28.731056	-86.35304	855000	-0.031591777	284.41214	-0.001988221	-52.033493	7.527125	0.42446807	1382.832433462143
171	-562.25256	32.30201	-503.90967	-592.6548	1000.0	-49.470882	5.268846	-8.432477	-89.243675	860000	-0.1297876	199.9654	-0.0014100969	-43.13495	7.44374	0.371742	1391.0061888694763
172	-573.82214	18.065828	-549.65515	-605.28125	1000.0	-50.835983	8.814025	-26.683413	-88.03205	865000	-0.07882147	199.88127	-0.0015876368	-35.9153	7.4871063	0.39072958	1399.3388168811798
173	-545.7289	35.48303	-494.05872	-586.31256	1000.0	-49.46791	5.9544673	-19.858734	-86.169914	870000	-0.067698926	186.36739	-0.0017856061	-25.79448	7.4721045	0.43165323	1407.5175518989563
174	-554.6735	39.254032	-502.10406	-619.2254	1000.0	-50.699375	6.8387847	-28.721478	-87.49395	875000	-0.16690698	249.97885	-0.0018247515	-43.935562	7.516346	0.41640878	1415.645135641098
175	-526.4459	57.462143	-427.4886	-607.4372	1000.0	-49.593025	5.430114	8.681518	-80.31852	880000	-0.111588575	224.5896	-0.0016359612	-52.150146	7.4441533	0.37315747	1423.7065782546997
176	-507.55328	44.685303	-437.27924	-570.8646	1000.0	-50.204395	5.6362925	26.993574	-80.9939	885000	-0.08325786	259.8824	-0.0017974079	-63.29361	7.4372077	0.4071656	1431.7147641181946
177	-528.0333	52.509758	-446.7979	-605.0822	1000.0	-44.739864	3.2369814	-1.7441537	-67.13649	890000	-0.19077075	189.76077	-0.001977414	-28.810593	7.4552846	0.38977566	1439.8475213050842
178	-540.80536	62.461212	-451.76126	-600.55945	1000.0	-49.00665	4.4814	5.5568213	-74.25359	895000	-0.12120989	425.6785	-0.0019094497	-108.33328	7.5136156	0.4466532	1448.060532093048
179	-509.6375	15.768172	-483.6782	-533.1516	1000.0	-47.792606	5.352931	12.92253	-79.16919	900000	-0.12879287	175.07588	-0.0023600608	-31.789642	7.4575205	0.44480723	1456.386337518692
180	-519.793	35.735367	-472.80856	-561.6183	1000.0	-47.111446	4.2684035	5.063289	-76.15713	905000	-0.13002057	186.91118	-0.0018054098	-27.488785	7.410004	0.39019868	1465.63676404953
181	-573.8334	54.5236	-518.4784	-669.06775	1000.0	-47.770897	3.2632282	-8.612876	-77.44451	910000	-0.06953277	256.36096	-0.00226295	-48.86946	7.43319	0.37551415	1473.7506320476532
182	-549.90344	45.835167	-498.29272	-633.9758	1000.0	-51.330643	5.242404	-23.080004	-87.1817	915000	-0.022072759	229.95045	-0.0012329426	-40.989807	7.4741197	0.43057275	1482.0406141281128
183	-546.6689	42.252594	-467.90546	-592.14307	1000.0	-50.0656	5.522065	-20.238365	-84.95189	920000	-0.17651093	225.10225	-0.0017136633	-36.83493	7.454978	0.41861904	1489.9746458530426
184	-532.53613	80.29262	-458.4618	-676.48535	1000.0	-49.263306	5.1485434	-24.823963	-84.850945	925000	-0.17606257	255.18475	-0.0016600341	-52.694336	7.4624686	0.44782352	1498.0443441867828
185	-559.17114	31.655226	-517.6096	-596.779	1000.0	-47.889957	5.6723523	-21.575172	-87.013794	930000	-0.14583705	234.35835	-0.0015408397	-36.77661	7.405847	0.39732188	1506.0800127983093
186	-582.2291	48.013664	-506.4676	-643.5286	1000.0	-51.331192	7.24061	-34.748684	-89.429665	935000	-0.13129422	195.60211	-0.0014865845	-31.519089	7.4669657	0.40335068	1514.2100386619568
187	-535.17004	44.233707	-495.10052	-617.0262	1000.0	-51.027237	6.1125054	-11.888696	-88.20159	940000	-0.08623965	197.165	-0.0017238483	-45.454422	7.398255	0.38755244	1522.4036588668823
188	-552.38965	20.687746	-531.76636	-586.4425	1000.0	-48.940723	4.214376	-22.356812	-81.42594	945000	-0.19166848	187.87875	-0.002081275	-25.16658	7.4267063	0.38591084	1531.0699107646942
189	-466.01074	81.60421	-324.83124	-555.8621	1000.0	-49.065533	3.197325	-26.88986	-72.84031	950000	-0.15150991	299.7025	-0.002172649	-96.17807	7.4228625	0.44901344	1539.5104641914368
190	-503.29706	8.161765	-493.8797	-513.7607	1000.0	-44.570477	6.9683547	29.860023	-82.119736	955000	-0.10319883	175.67247	-0.0013870373	-41.196747	7.461219	0.44134912	1548.7130360603333
191	-508.26627	46.289795	-450.37076	-563.3019	1000.0	-45.78388	3.8304994	-0.33369178	-79.968956	960000	-0.11431751	222.98953	-0.0015024915	-36.282715	7.4333954	0.39986157	1556.7445175647736
192	-553.28546	61.953766	-450.30005	-640.18787	1000.0	-47.311592	4.247261	-14.482989	-79.57294	965000	-0.06068845	240.10464	-0.0012130141	-56.807327	7.4364767	0.38436142	1564.8630442619324
193	-531.8706	31.169436	-478.5331	-564.6836	1000.0	-49.715187	4.721791	-21.324236	-86.45824	970000	-0.06730282	177.25266	-0.00202135	-31.571777	7.355355	0.35772225	1573.04460811615
194	-541.77795	21.334225	-509.91968	-575.9968	1000.0	-48.18385	3.5605128	-14.63532	-78.9845	975000	-0.11812167	213.5388	-0.002574779	-37.634872	7.4000983	0.3618031	1581.0777583122253
195	-552.5334	35.160862	-504.3398	-597.1476	1000.0	-48.215225	3.1828473	-21.973547	-71.478035	980000	-0.07972756	236.8878	-0.0019406676	-50.10855	7.4328218	0.39341137	1589.1106417179108
196	-497.69452	32.460022	-456.7728	-550.7828	1000.0	-49.519894	4.4724627	-6.4165382	-78.77419	985000	-0.061837133	218.426	-0.001420673	-58.238373	7.4338174	0.41936222	1597.1927735805511
197	-528.8488	47.5857	-486.03128	-612.4118	1000.0	-46.13396	3.2338908	-11.072691	-75.1483	990000	-0.0841082	170.57399	-0.0015150607	-25.843369	7.4339685	0.4131372	1605.2661085128784
198	-557.2144	31.696827	-522.4321	-608.10345	1000.0	-47.530396	2.4577067	-33.617508	-74.942894	995000	-0.09465405	217.35538	-0.0019768775	-32.162476	7.4257846	0.39282906	1613.494201183319
199	-555.6512	17.724321	-535.2986	-584.97	1000.0	-50.118958	4.735517	-29.319344	-81.27793	1000000	-0.16571407	160.5676	-0.0011520088	-17.802994	7.437928	0.38121137	1621.5930843353271
200	-484.23224	34.66184	-442.88025	-526.0869	1000.0	-51.266815	5.24956	-5.4441104	-83.85079	1005000	-0.109446384	290.1955	-0.0019595027	-94.154785	7.3557	0.39511538	1630.6991186141968
201	-496.41266	18.599468	-473.54306	-528.9079	1000.0	-43.997227	3.458322	-13.094331	-72.78807	1010000	-0.1500159	159.52008	-0.0015613437	-18.943436	7.4108205	0.45839912	1638.9920737743378
202	-512.9536	36.576977	-449.99402	-557.2429	1000.0	-45.16008	4.215081	9.145524	-74.63061	1015000	-0.124619596	195.6083	-0.0015132949	-32.74832	7.338361	0.37263772	1647.1116256713867
203	-498.6732	69.132835	-419.44812	-601.14197	1000.0	-46.212727	3.8366597	-4.6399794	-72.71358	1020000	-0.12559488	285.1882	-0.0015088916	-77.2917	7.342055	0.38688323	1655.0757999420166
204	-499.02744	25.836414	-469.3726	-541.2122	1000.0	-44.743015	6.718949	22.75455	-81.30561	1025000	-0.112809695	222.87105	-0.0017010197	-59.95511	7.366361	0.37198228	1663.1120929718018
205	-518.96985	61.7215	-415.49542	-574.5968	1000.0	-46.58618	5.238946	18.686472	-79.53842	1030000	-0.17503835	209.68802	-0.0024985373	-41.62094	7.464873	0.44838223	1671.3167538642883
206	-506.8902	28.5644	-477.8803	-558.67865	1000.0	-47.541332	4.5735044	-19.254646	-82.29961	1035000	-0.14687698	162.36348	-0.0013907552	-31.565674	7.3651156	0.41540965	1679.449996471405
207	-498.71027	53.293404	-411.89572	-560.3683	1000.0	-45.162437	4.933734	-6.00735	-75.181725	1040000	-0.026527753	201.99898	-0.0017196964	-50.518875	7.423293	0.42406017	1687.5105772018433
208	-538.2909	44.900166	-485.5868	-616.5777	1000.0	-46.685356	3.6348379	-12.256148	-65.51825	1045000	-0.15391678	236.69267	-0.0019934177	-69.542175	7.3672624	0.4050785	1695.5931363105774
209	-551.3244	73.48845	-474.19662	-645.40857	1000.0	-51.230507	7.4935403	-27.608198	-85.39943	1050000	-0.13090627	280.8271	-0.0019525886	-56.319214	7.4087586	0.4268918	1703.6792023181915
210	-497.46695	40.24133	-423.73672	-541.21106	1000.0	-47.471317	5.7981434	-38.374332	-84.02903	1055000	-0.099144064	211.3686	-0.0022891164	-47.48456	7.3658257	0.3991614	1712.6749465465546
211	-522.4286	23.670444	-493.2003	-565.6658	1000.0	-45.29572	3.4082584	-25.367043	-75.45128	1060000	-0.107358105	166.78003	-0.0014993623	-30.521255	7.332647	0.36284	1720.7948117256165
212	-530.7279	44.535652	-477.06183	-600.15643	1000.0	-46.32875	5.76244	-9.359915	-87.59275	1065000	-0.12626334	210.87563	-0.0016452521	-43.926453	7.408175	0.41723883	1728.8563356399536
213	-530.51483	24.940367	-495.60156	-561.3659	1000.0	-47.596783	6.448242	9.642632	-84.150604	1070000	-0.07555946	203.77937	-0.0017079115	-33.416626	7.42985	0.40913618	1736.9528465270996
214	-525.2537	85.739975	-369.13348	-620.7763	1000.0	-48.560326	5.3284874	-29.900368	-77.97226	1075000	-0.116535924	275.17914	-0.0017155409	-77.28357	7.422682	0.4293659	1745.0100855827332
215	-528.3549	42.650803	-491.1736	-609.7847	1000.0	-47.226124	8.046273	-19.080542	-85.85159	1080000	-0.041101214	203.30705	-0.0012051873	-47.40512	7.4081063	0.43336943	1753.0317604541779
216	-508.88086	70.84861	-423.74533	-628.13635	1000.0	-46.693436	7.4262238	17.53357	-81.02267	1085000	-0.10994093	189.30818	-0.0013427362	-41.237976	7.3440022	0.39721903	1761.3129544258118
217	-513.0163	41.560482	-448.38562	-558.62274	1000.0	-45.751217	5.4599514	-25.324907	-82.369995	1090000	-0.14069797	213.23935	-0.0014948249	-39.45166	7.413481	0.43640235	1769.4372441768646
218	-484.4435	27.141	-442.10364	-522.6178	1000.0	-46.19926	7.4432383	-1.924999	-80.70001	1095000	-0.0650839	350.61768	-0.0016612858	-148.2046	7.4012156	0.41547105	1777.6064624786377
219	-522.5451	42.816044	-469.69522	-600.2939	1000.0	-44.848938	7.447037	16.528206	-82.21843	1100000	-0.07060916	260.193	-0.0019772127	-115.76601	7.333899	0.39542452	1785.7288205623627
220	-469.16815	33.4963	-429.86417	-511.9767	1000.0	-45.228764	5.757707	-20.826015	-81.21335	1105000	-0.07893389	205.76135	-0.0012947619	-41.18727	7.397669	0.42657632	1796.106952905655
221	-487.12482	45.001602	-433.55817	-541.4137	1000.0	-43.448193	4.426847	-9.016984	-71.403625	1110000	-0.13422617	160.57935	-0.002282247	-25.89981	7.360214	0.42956114	1804.2174062728882
222	-482.45697	58.435093	-393.3082	-569.9987	1000.0	-42.888405	4.0251126	-7.1384983	-70.34663	1115000	-0.061965063	200.97318	-0.0017723292	-32.5045	7.3618374	0.41103256	1812.2017316818237
223	-525.37683	11.042984	-507.74384	-538.765	1000.0	-45.72688	5.4252944	-28.345976	-79.41738	1120000	-0.15917039	223.97356	-0.0020029545	-46.381287	7.397772	0.43719307	1820.1608896255493
224	-528.5685	28.518389	-484.8122	-560.8125	1000.0	-45.299725	5.3001647	-30.036573	-82.06624	1125000	-0.13283348	184.69205	-0.0015243739	-28.957596	7.4334517	0.42565244	1828.2365982532501
225	-494.006	43.369118	-452.1484	-567.9201	1000.0	-47.519855	6.1519747	-26.21203	-85.01956	1130000	-0.12944753	193.05077	-0.0014817864	-36.93474	7.4114766	0.4565604	1836.388022184372
226	-465.10342	37.138798	-418.26172	-521.46185	1000.0	-45.231487	5.9872446	-23.161886	-77.8398	1135000	-0.15716152	236.5786	-0.0016374588	-76.09682	7.3202586	0.39615533	1844.819373846054
227	-464.76367	72.51917	-331.05185	-544.04736	1000.0	-41.82688	4.426375	-3.1082659	-67.076004	1140000	-0.09712422	246.87895	-0.0017602518	-55.918625	7.333822	0.38637206	1852.688910484314
228	-515.1734	46.58269	-463.47714	-569.2408	1000.0	-42.763073	5.2696905	-6.589352	-73.208046	1145000	-0.14139578	417.661	-0.0017783791	-175.21944	7.2863483	0.36039773	1860.463939189911
229	-498.3016	24.133411	-453.05502	-522.75714	1000.0	-45.605217	7.015481	-17.8589	-84.6567	1150000	-0.09939009	241.7836	-0.0018247515	-67.197525	7.3239594	0.39372426	1868.4091880321503
230	-545.59216	66.29387	-466.45554	-625.5593	1000.0	-45.482838	9.823834	-6.7924776	-84.31352	1155000	-0.14138532	271.1181	-0.0023382157	-73.975876	7.3253765	0.3908996	1877.4335894584656
231	-465.0381	22.705076	-431.74927	-486.2287	1000.0	-45.404305	7.0850797	-29.739735	-87.35559	1160000	-0.091935985	200.87758	-0.001703456	-57.83905	7.324013	0.4125244	1885.278596162796
232	-518.0333	45.941628	-454.00745	-596.7472	1000.0	-43.584053	5.825879	-5.8776054	-84.39168	1165000	-0.118862085	242.13675	-0.0018881336	-54.965454	7.4070907	0.42175537	1893.254534482956
233	-480.1048	55.83124	-423.27994	-575.26984	1000.0	-45.49992	6.49898	-29.663784	-82.45661	1170000	-0.076259755	175.15353	-0.0019720346	-43.779907	7.3799076	0.4549623	1901.05415558815
234	-430.89746	46.030197	-359.06503	-496.18164	1000.0	-42.70339	3.1101375	-17.449257	-69.57709	1175000	-0.1309203	194.51363	-0.0014038682	-33.270462	7.2199187	0.3443474	1908.9564266204834
235	-465.65283	71.17917	-356.4851	-541.9989	1000.0	-40.591034	4.0959234	-6.009472	-72.91386	1180000	-0.15123329	288.6961	-0.0016005486	-54.80516	7.313686	0.42150074	1916.6653535366058
236	-483.43246	36.45446	-425.21857	-532.03467	1000.0	-42.783783	4.6737556	0.1229769	-81.23125	1185000	-0.11883172	175.78572	-0.0010131598	-31.824753	7.279475	0.37620604	1924.176852464676
237	-454.10547	39.37092	-385.09042	-496.23563	1000.0	-42.974056	5.2746463	1.4223878	-81.37633	1190000	-0.049101472	170.8399	-0.0015301853	-30.117462	7.339172	0.4490882	1932.25537443161
238	-498.51456	20.643284	-473.99878	-525.15173	1000.0	-42.650055	5.283246	-17.77958	-77.41162	1195000	-0.103334256	159.29544	-0.0018337592	-33.72985	7.2860017	0.38298404	1940.1699409484863
239	-475.20712	35.36603	-439.03735	-526.1544	1000.0	-43.553318	6.247761	-24.665985	-75.193924	1200000	-0.16942215	181.51605	-0.0019098967	-34.63463	7.2966104	0.40256596	1947.9696261882782
240	-479.82513	21.857052	-437.59244	-499.73914	1000.0	-42.7992	4.8990855	-20.410486	-71.77807	1205000	-0.15425007	198.16025	-0.0018226951	-26.620926	7.343394	0.40308705	1957.0121970176697
241	-481.86215	46.351612	-415.4406	-549.87665	1000.0	-43.298088	4.710217	-17.408096	-72.88137	1210000	-0.15753928	198.56218	-0.0027754754	-39.005753	7.3746204	0.44751984	1964.9213619232178
242	-488.05243	65.897964	-422.46204	-596.597	1000.0	-42.933346	5.4313936	-5.6977553	-71.37281	1215000	-0.08509955	214.16788	-0.0012385398	-41.502457	7.3732343	0.43686327	1972.9264810085297
243	-463.33823	35.540363	-402.46796	-510.6348	1000.0	-43.616676	5.424168	-15.677168	-73.33729	1220000	-0.08286903	168.5669	-0.0027961135	-36.395447	7.344343	0.43895116	1981.0465393066406
244	-477.8404	27.857718	-431.9146	-509.13843	1000.0	-42.326294	5.9988236	-24.135357	-78.61114	1225000	-0.12470341	172.7183	-0.0019214451	-35.728165	7.3206186	0.40696353	1989.1238629817963
245	-448.04965	59.765022	-340.5884	-507.09988	1000.0	-43.802155	6.928399	-13.33821	-76.930016	1230000	-0.18249623	262.33942	-0.001384303	-73.38994	7.2815685	0.41724986	1997.2472741603851
246	-457.98502	39.94143	-391.9392	-502.6578	1000.0	-39.65573	4.9778404	-1.696069	-71.58901	1235000	-0.19515721	225.10538	-0.001716271	-53.174942	7.3111467	0.36273426	2004.798979997635
247	-485.56512	35.031086	-454.70538	-530.42334	1000.0	-41.814663	4.595381	-10.476948	-70.85383	1240000	-0.12531008	152.10924	-0.0011976659	-50.88086	7.348228	0.4421897	2012.5973567962646
248	-482.9384	56.09402	-415.03168	-586.1115	1000.0	-43.733757	6.426927	-20.486443	-75.80257	1245000	-0.079931	163.41382	-0.0014620796	-39.422943	7.404336	0.4502172	2020.5244698524475
249	-451.87558	27.080906	-430.0725	-497.4831	1000.0	-42.5291	7.0663257	-17.984657	-74.36963	1250000	-0.095436744	184.86743	-0.0016903728	-58.232918	7.3157797	0.3784837	2029.0262031555176
