Epoch	AverageEpRet	StdEpRet	MaxEpRet	MinEpRet	AverageTestEpRet	StdTestEpRet	MaxTestEpRet	MinTestEpRet	EpLen	TestEpLen	TotalEnvInteracts	AverageQVals	StdQVals	MaxQVals	MinQVals	LossPi	LossQ	Time
1	4683.2354	43.48086	4777.7515	4630.14	4187.5674	3.974176	4195.854	4182.7876	1000.0	1000.0	10000	129.17198	60.754097	452.57492	-218.99667	-130.21286	15.872154	67.46231722831726
2	4334.04	124.884476	4708.137	4278.5923	4186.284	4.7228475	4198.3413	4182.447	1000.0	1000.0	20000	278.40137	35.05986	504.16983	48.993027	-278.95663	8.475899	155.78637051582336
3	4376.719	168.34299	4713.0483	4274.4673	4187.033	3.8003953	4193.822	4181.641	1000.0	1000.0	30000	343.2973	32.86203	636.69586	146.25122	-343.5831	7.7079678	243.31827354431152
4	4505.701	208.67313	4718.3135	4284.4204	4187.786	2.8791459	4192.548	4182.8203	1000.0	1000.0	40000	394.36917	34.32637	626.85223	211.26547	-394.85257	7.771054	331.21946597099304
5	4505.0674	210.81384	4718.3877	4283.9478	4186.712	3.625309	4194.3794	4182.7197	1000.0	1000.0	50000	431.6127	40.29054	829.362	179.12294	-432.0846	8.915167	417.72206711769104
6	4376.048	167.99759	4718.1377	4276.3496	4185.9688	2.1327546	4189.0234	4181.3057	1000.0	1000.0	60000	451.5838	41.56247	756.86426	252.45216	-451.9861	7.108436	505.6150469779968
7	4544.7197	208.00107	4720.7056	4278.411	4185.809	2.629307	4192.7544	4182.84	1000.0	1000.0	70000	463.87592	40.396088	811.59845	237.92262	-464.2453	6.960278	593.3623368740082
8	4333.6396	129.06528	4719.816	4266.406	4187.509	3.8004565	4193.4834	4181.249	1000.0	1000.0	80000	470.14215	38.773804	688.8137	235.50084	-470.5181	6.395338	682.2971928119659
9	4291.9253	6.5617595	4306.424	4280.295	4185.0894	1.8813415	4188.4624	4182.9087	1000.0	1000.0	90000	473.7778	38.41884	777.8196	313.05643	-474.1494	5.6462173	770.767103433609
10	4377.993	166.98132	4713.6724	4285.954	4187.5576	4.649063	4199.983	4182.1587	1000.0	1000.0	100000	474.8926	36.629356	720.592	252.5841	-475.23386	5.6151333	859.2635765075684
11	4419.5464	192.70732	4715.0454	4283.6206	4186.8735	2.8470864	4192.24	4183.5146	1000.0	1000.0	110000	475.6881	34.96227	738.42816	334.19843	-476.03854	5.1756086	947.8112061023712
12	4505.134	207.69145	4715.159	4293.0	4189.189	3.465511	4195.7646	4185.9917	1000.0	1000.0	120000	476.11145	33.514137	697.36096	343.49078	-476.43536	4.6016436	1036.269285917282
13	4417.6777	190.7335	4711.785	4283.357	4186.335	3.4324675	4192.2124	4181.826	1000.0	1000.0	130000	476.9917	32.331013	803.0967	314.62918	-477.3319	4.7293606	1125.871016740799
14	4420.204	192.61247	4718.19	4285.643	4187.676	3.941166	4194.6284	4182.6816	1000.0	1000.0	140000	476.67737	31.353752	798.52893	325.13373	-476.99844	4.3753843	1214.6094710826874
15	4335.4614	127.7934	4718.7	4287.197	4186.846	2.9930747	4190.8477	4182.177	1000.0	1000.0	150000	476.31796	30.227753	792.6113	313.0774	-476.6577	4.298313	1303.8519246578217
16	4421.333	191.42291	4717.939	4293.1987	4187.4565	1.9523307	4191.5747	4184.7974	1000.0	1000.0	160000	477.15997	29.68263	990.55414	307.4225	-477.49725	4.123308	1393.2528853416443
17	4375.2744	169.38724	4716.8457	4275.9873	4186.3916	2.2849178	4190.322	4182.9307	1000.0	1000.0	170000	476.54977	28.406885	750.1772	322.0523	-476.8684	3.9553216	1482.6010656356812
18	4337.3677	125.12674	4712.421	4285.267	4187.9575	3.4176834	4196.5557	4184.288	1000.0	1000.0	180000	475.52972	27.431284	744.94617	322.50482	-475.8365	3.5205147	1572.654681444168
19	4376.6914	166.71243	4711.593	4283.825	4185.8726	2.9624357	4190.07	4181.896	1000.0	1000.0	190000	474.06348	26.40728	824.17914	353.93948	-474.34937	3.4224555	1661.4103698730469
20	4333.5986	123.95023	4704.214	4275.77	4187.024	2.203849	4191.1157	4183.37	1000.0	1000.0	200000	472.7258	25.786634	733.8687	280.43896	-473.0224	3.3212786	1751.1327586174011
21	4378.0024	169.30708	4716.5635	4277.263	4186.203	1.9361367	4189.714	4183.161	1000.0	1000.0	210000	472.23523	25.24539	734.14557	195.14253	-472.52304	3.7159617	1841.2562608718872
22	4374.5464	168.43358	4714.0723	4276.678	4186.5938	3.4342182	4194.126	4182.855	1000.0	1000.0	220000	471.10272	24.946016	796.4422	314.10748	-471.3827	3.3033156	1945.0015025138855
23	4379.534	167.88489	4718.3174	4279.1914	4188.3525	4.9868803	4198.98	4183.33	1000.0	1000.0	230000	470.42932	24.567232	677.5454	333.72687	-470.6984	3.1005907	2049.669508934021
24	4328.117	130.39836	4718.5674	4273.3833	4186.333	2.6416774	4190.413	4182.7886	1000.0	1000.0	240000	469.05493	23.953602	666.218	330.0215	-469.30685	2.939698	2154.8342492580414
25	4462.2354	206.28868	4716.883	4285.6826	4186.482	2.695964	4193.173	4182.9155	1000.0	1000.0	250000	467.94803	23.438517	663.92285	358.85474	-468.2042	2.7631648	2259.5772490501404
26	4369.438	170.16524	4714.9136	4275.272	4184.677	2.2958732	4188.639	4180.878	1000.0	1000.0	260000	467.4659	23.409391	758.4669	318.13077	-467.70035	2.69965	2364.23242521286
27	4336.0547	127.16794	4717.375	4287.34	4187.3604	3.7837522	4194.999	4182.03	1000.0	1000.0	270000	466.1207	23.020723	772.25464	316.89606	-466.34134	3.0418856	2469.270400762558
28	4375.282	169.57709	4714.9126	4272.411	4186.0786	3.7046893	4193.368	4182.5522	1000.0	1000.0	280000	464.50647	22.662046	670.9476	351.48132	-464.71994	2.4631226	2574.2635459899902
29	4419.3604	193.52283	4718.4297	4280.176	4184.547	2.8127053	4192.0283	4182.1885	1000.0	1000.0	290000	463.52203	22.403366	704.73846	301.13046	-463.72586	2.4631882	2679.389065027237
30	4459.5874	207.57921	4714.7324	4283.931	4185.7695	2.2038262	4190.2344	4181.961	1000.0	1000.0	300000	462.7934	22.317457	645.301	347.7597	-462.9882	2.4503784	2783.8649270534515
31	4375.265	167.59254	4713.709	4283.6265	4185.846	2.5099988	4190.6465	4182.1196	1000.0	1000.0	310000	461.99002	22.192257	694.8379	321.15973	-462.18726	2.3650777	2889.036198616028
32	4462.0864	206.30229	4715.803	4289.872	4189.7095	4.590461	4198.0674	4185.0654	1000.0	1000.0	320000	461.9419	21.982088	638.9651	363.57822	-462.14276	2.1233618	2992.143397331238
33	4459.1465	208.89766	4718.349	4278.9326	4189.165	4.829369	4201.534	4184.6943	1000.0	1000.0	330000	462.0477	22.044071	656.48114	349.2092	-462.2397	2.1210315	3096.013887166977
34	4377.1465	170.34338	4720.385	4279.213	4187.716	5.1297536	4200.464	4183.4253	1000.0	1000.0	340000	461.61395	22.009827	700.8033	354.92328	-461.7982	2.174213	3200.8951103687286
35	4458.4775	207.98033	4716.95	4271.5444	4187.073	1.6353694	4189.123	4184.1704	1000.0	1000.0	350000	460.82248	21.65776	765.4302	302.09128	-460.99814	2.2889152	3305.9770936965942
36	4372.2095	171.89243	4719.6787	4276.0	4187.644	4.142709	4195.9385	4182.165	1000.0	1000.0	360000	460.26523	21.490818	708.92676	182.2622	-460.44424	2.0857303	3411.8019745349884
37	4376.6895	167.99886	4716.558	4280.306	4187.4287	2.198837	4192.657	4184.3247	1000.0	1000.0	370000	460.0389	21.774828	644.1667	275.924	-460.21646	2.0957918	3514.558446407318
38	4544.272	208.34042	4716.466	4277.0537	4186.2334	1.9295666	4188.658	4182.27	1000.0	1000.0	380000	459.82434	21.721363	616.64	360.1767	-459.98984	1.9585108	3605.359884738922
39	4372.177	170.93965	4716.381	4276.7734	4187.8647	2.719362	4190.777	4183.5645	1000.0	1000.0	390000	459.52188	21.704649	624.77454	286.99405	-459.68945	1.9148879	3696.4711408615112
40	4374.1123	171.5506	4721.211	4277.879	4187.8823	4.3567567	4197.774	4182.5493	1000.0	1000.0	400000	458.9019	21.670137	611.5134	315.37305	-459.05865	1.9619997	3788.0746915340424
41	4374.1074	168.08282	4711.2993	4282.21	4186.7544	2.7841716	4193.277	4183.6177	1000.0	1000.0	410000	458.26486	21.627913	705.25183	333.67053	-458.4209	1.879351	3879.298852443695
42	4377.6577	170.95323	4719.505	4279.553	4187.3936	5.020372	4198.058	4182.541	1000.0	1000.0	420000	457.53607	21.607365	686.4055	311.7682	-457.6747	1.8127288	3970.154250383377
43	4460.324	209.59464	4718.7666	4281.3535	4187.0566	4.425669	4196.3994	4180.7695	1000.0	1000.0	430000	457.09442	21.456364	598.2366	359.449	-457.23776	1.7375804	4061.7177193164825
44	4333.9717	127.00751	4714.37	4279.251	4185.1934	1.9163318	4188.4414	4181.836	1000.0	1000.0	440000	456.453	21.465391	726.2836	331.0415	-456.58246	1.7774785	4153.033024311066
45	4292.8154	6.498909	4306.274	4281.766	4186.9155	4.11648	4194.0527	4181.606	1000.0	1000.0	450000	455.62674	21.23569	623.1689	361.29788	-455.75204	1.6369183	4244.901618719101
46	4328.0615	125.67886	4703.907	4263.6597	4186.6025	1.8496681	4189.908	4184.1426	1000.0	1000.0	460000	454.98877	21.03446	699.071	334.10114	-455.1129	1.6222428	4336.596373081207
47	4416.9634	196.21426	4719.7036	4270.368	4186.381	1.8102269	4189.2495	4183.658	1000.0	1000.0	470000	454.41675	20.839966	665.6743	323.93686	-454.54736	1.7827923	4429.910167217255
48	4414.2725	195.33875	4714.687	4274.276	4186.3057	2.987707	4192.3633	4182.225	1000.0	1000.0	480000	454.6862	20.898098	706.01154	327.8336	-454.81354	1.6789677	4521.436423063278
49	4290.1357	7.651462	4298.947	4271.7305	4185.6606	2.8371801	4190.036	4180.293	1000.0	1000.0	490000	454.21692	20.806355	593.2059	283.90665	-454.3302	1.7218106	4612.9118638038635
50	4419.1616	192.53223	4714.661	4281.9775	4187.894	4.210725	4196.602	4182.302	1000.0	1000.0	500000	453.49716	20.503483	785.84186	363.46213	-453.6083	1.5098706	4706.059702157974
51	4338.2627	125.12779	4712.666	4275.5923	4188.2256	2.7996998	4191.9526	4184.2314	1000.0	1000.0	510000	452.98434	20.577597	595.5922	355.8108	-453.09256	1.5638107	4801.543370008469
52	4462.0146	205.36696	4716.5723	4281.4097	4187.9277	3.864052	4193.957	4182.743	1000.0	1000.0	520000	452.662	20.70689	609.42065	340.49188	-452.76666	1.5530101	4897.162063121796
53	4415.541	196.4266	4719.178	4269.1514	4186.4805	2.1770196	4191.413	4183.313	1000.0	1000.0	530000	452.2245	20.634268	595.3168	351.79007	-452.3227	1.5478117	4996.629292011261
54	4457.866	209.89595	4718.127	4275.51	4186.3506	2.8005931	4192.377	4182.705	1000.0	1000.0	540000	452.0431	20.49699	613.1187	290.253	-452.1507	1.5615737	5098.20699095726
55	4372.5864	169.84207	4714.555	4272.789	4188.548	3.4570177	4193.9136	4181.474	1000.0	1000.0	550000	452.21234	20.577248	593.353	341.76895	-452.3232	1.494226	5199.663562297821
56	4587.495	192.37584	4716.7773	4284.2983	4187.3545	3.137753	4192.247	4183.492	1000.0	1000.0	560000	452.3614	20.797298	582.5485	363.1302	-452.46814	1.4629256	5300.817454576492
57	4378.5347	169.82495	4718.9624	4284.1133	4187.1606	3.7784102	4193.204	4181.6226	1000.0	1000.0	570000	452.5657	20.786772	554.99146	351.2849	-452.6722	1.346135	5402.190677165985
58	4337.3467	123.511566	4707.5957	4289.493	4186.0063	2.1690323	4189.752	4181.958	1000.0	1000.0	580000	452.1419	20.721252	585.74615	321.6778	-452.2422	1.4305352	5503.408566713333
59	4379.085	169.28069	4720.0664	4286.7905	4186.822	4.0157757	4193.3906	4181.6533	1000.0	1000.0	590000	451.76602	20.691284	638.6872	329.1466	-451.86105	1.5728903	5605.456869840622
60	4333.025	126.742226	4712.711	4282.117	4186.3975	3.6015596	4192.118	4180.273	1000.0	1000.0	600000	451.37418	20.401918	618.41943	341.7709	-451.46716	1.3679838	5706.847305059433
61	4377.2627	166.8939	4713.3564	4283.7456	4188.7983	4.7165036	4197.3203	4182.979	1000.0	1000.0	610000	450.9821	20.40579	693.3025	335.87463	-451.07095	1.3517243	5808.322116136551
62	4456.886	207.95862	4717.91	4276.243	4185.846	3.9943595	4192.568	4178.8257	1000.0	1000.0	620000	450.64606	20.302849	551.46277	357.0707	-450.7302	1.460786	5915.156863689423
63	4376.3696	167.94833	4712.734	4281.065	4186.625	3.6103878	4193.577	4182.1016	1000.0	1000.0	630000	450.2542	20.265882	680.3163	355.26215	-450.33514	1.3486208	6025.110723018646
64	4287.806	9.317649	4305.967	4273.5938	4189.764	5.3090034	4200.223	4182.8896	1000.0	1000.0	640000	449.6994	20.158821	551.4475	302.72787	-449.77325	1.3255234	6134.801110506058
65	4373.6826	171.40979	4717.353	4278.411	4189.6353	3.9664817	4197.432	4182.4814	1000.0	1000.0	650000	449.44226	19.962234	667.313	325.90607	-449.5177	1.2984841	6245.005463600159
66	4339.0425	126.2616	4715.7227	4276.998	4186.0205	2.7703192	4192.4307	4182.06	1000.0	1000.0	660000	449.0907	19.951088	595.46747	357.80707	-449.16656	1.3030372	6354.001992702484
67	4374.8564	167.47824	4710.505	4275.803	4186.1553	1.2749233	4188.249	4183.408	1000.0	1000.0	670000	448.85852	19.888247	637.9981	331.95117	-448.9331	1.3016437	6463.883712053299
68	4460.6157	206.74924	4715.035	4270.4146	4187.77	3.431982	4194.386	4181.228	1000.0	1000.0	680000	448.7956	19.96672	565.3459	296.72495	-448.8698	1.2437732	6583.382529020309
69	4337.8345	126.9748	4718.4634	4288.93	4187.845	2.4918232	4193.049	4185.482	1000.0	1000.0	690000	448.7332	19.962315	574.0175	281.99524	-448.808	1.2849244	6701.031406879425
70	4376.6963	168.18494	4712.768	4280.5405	4187.491	2.9741423	4192.865	4183.977	1000.0	1000.0	700000	448.48663	19.9863	537.5952	257.4602	-448.5515	1.1373796	6818.735794067383
71	4332.8906	123.98057	4704.428	4277.2085	4188.4336	4.0409994	4197.01	4182.523	1000.0	1000.0	710000	447.9734	19.884666	558.9164	262.3479	-448.0336	1.1862053	6939.021536588669
72	4416.1606	195.13628	4716.638	4282.821	4186.5464	2.4804332	4190.4478	4182.035	1000.0	1000.0	720000	447.54535	19.83774	571.62634	292.65332	-447.6023	1.261329	7056.403001308441
73	4419.507	193.71521	4719.108	4281.64	4187.0537	3.1413019	4192.859	4181.9688	1000.0	1000.0	730000	447.43454	19.770576	634.45044	321.1881	-447.4952	1.1920135	7174.112076759338
74	4462.42	205.40729	4716.912	4284.9824	4189.097	3.1877134	4194.889	4183.8535	1000.0	1000.0	740000	447.3242	19.813429	583.26935	276.77264	-447.385	1.2099931	7291.215965270996
75	4289.706	6.6209364	4302.967	4279.9077	4186.85	1.8243425	4189.8174	4184.659	1000.0	1000.0	750000	447.18433	19.837475	580.33496	233.00032	-447.244	1.2045324	7408.943529367447
76	4415.3696	195.3657	4717.1855	4276.942	4186.212	2.295368	4191.4214	4182.4897	1000.0	1000.0	760000	447.1167	19.776937	534.30963	366.35928	-447.1748	1.1416659	7527.142043828964
77	4377.7505	168.69148	4716.5503	4288.7593	4187.3516	2.4159877	4190.6006	4183.5405	1000.0	1000.0	770000	446.86154	19.724281	588.649	336.72638	-446.9151	1.1989701	7642.216916561127
78	4460.023	207.29422	4720.591	4269.9434	4186.142	1.8650844	4189.1816	4183.322	1000.0	1000.0	780000	446.67023	19.740765	590.66925	314.7604	-446.7207	1.1606412	7749.646553277969
79	4499.2407	214.10887	4715.9756	4273.8936	4187.8564	3.9722288	4194.6685	4182.9062	1000.0	1000.0	790000	446.6681	19.83375	615.78156	314.4034	-446.7221	1.1867144	7859.018981695175
80	4331.028	126.60837	4710.624	4281.054	4184.7305	1.444031	4187.687	4183.02	1000.0	1000.0	800000	446.8031	19.856152	533.53186	364.76227	-446.8557	1.1709031	7970.632200956345
81	4334.1343	127.43267	4715.55	4275.1265	4185.4014	3.4941964	4192.327	4179.624	1000.0	1000.0	810000	446.5168	19.808214	615.39813	343.86646	-446.56924	1.1929349	8086.339730501175
82	4378.948	168.32648	4715.6045	4284.0923	4186.0977	3.4552214	4195.137	4182.208	1000.0	1000.0	820000	446.6427	19.712101	667.6762	358.9224	-446.7015	1.1828738	8204.02513718605
83	4333.2227	125.06685	4707.901	4277.2915	4185.909	2.0542681	4189.3115	4182.406	1000.0	1000.0	830000	446.6058	19.767195	568.1359	344.01703	-446.657	1.0966463	8317.103600740433
84	4331.332	126.51288	4710.1685	4273.858	4187.006	3.3969853	4196.515	4184.5454	1000.0	1000.0	840000	446.2173	19.64035	573.15857	265.63278	-446.26685	1.14791	8425.797030210495
85	4374.0947	170.23143	4716.096	4277.836	4186.274	2.8807125	4191.033	4181.954	1000.0	1000.0	850000	446.02026	19.522844	529.97614	308.6594	-446.0665	1.0678673	8533.22606253624
86	4335.9536	124.09469	4708.055	4288.7837	4187.6353	3.958728	4197.029	4182.0337	1000.0	1000.0	860000	445.81403	19.440962	575.30255	346.92136	-445.8607	1.1361288	8640.88466835022
87	4294.104	5.038781	4304.5527	4286.4697	4186.8096	2.2277555	4191.1826	4183.0435	1000.0	1000.0	870000	445.58752	19.396048	618.25854	282.5035	-445.6298	1.0350614	8749.937318563461
88	4330.1826	128.64078	4715.5327	4277.7046	4187.7227	4.1838784	4194.874	4182.439	1000.0	1000.0	880000	444.91235	19.368765	549.31744	294.1308	-444.94894	1.0323138	8858.771245002747
89	4460.432	207.05318	4716.785	4283.6943	4186.177	3.6355073	4196.343	4183.274	1000.0	1000.0	890000	444.79916	19.35657	627.78455	370.0236	-444.83786	1.1041362	8967.023991584778
90	4331.7554	127.45178	4713.612	4278.5483	4185.933	3.0149643	4190.846	4182.425	1000.0	1000.0	900000	444.65344	19.35219	538.8745	259.2153	-444.689	1.0502554	9075.980656147003
91	4375.562	169.65092	4715.5894	4277.012	4186.9233	2.2619357	4190.951	4183.6777	1000.0	1000.0	910000	444.30807	19.223358	535.7408	378.6392	-444.34015	0.9998016	9185.153662204742
92	4292.114	6.900097	4300.3525	4275.8735	4185.7764	2.246867	4189.3037	4182.6562	1000.0	1000.0	920000	443.99954	19.262794	550.1844	298.91174	-444.0309	1.0569983	9294.572901725769
93	4339.0576	125.00183	4713.748	4290.8057	4186.882	3.8960397	4192.401	4181.848	1000.0	1000.0	930000	443.82172	19.136267	649.5021	364.93677	-443.8508	1.0733808	9404.59214258194
94	4457.973	209.68259	4721.1514	4274.4414	4189.422	3.4526436	4194.387	4183.899	1000.0	1000.0	940000	443.64343	19.105377	572.4492	276.76703	-443.66794	0.9716936	9513.57116651535
95	4337.659	124.16855	4709.8545	4289.7915	4186.0713	3.191247	4192.075	4182.6543	1000.0	1000.0	950000	443.32944	19.072245	559.8967	363.19562	-443.35086	1.015868	9623.232906341553
96	4415.9404	196.23874	4717.3896	4279.167	4186.919	1.5518411	4189.7954	4184.4307	1000.0	1000.0	960000	443.11984	19.12225	533.9384	349.18445	-443.1423	0.9977729	9734.35753941536
97	4503.2695	212.31776	4720.7163	4278.727	4186.884	1.6303542	4189.5225	4184.185	1000.0	1000.0	970000	443.00647	19.198137	605.77014	285.74905	-443.02414	1.0573897	9843.557777881622
98	4419.2515	192.59016	4716.225	4282.3604	4185.4756	1.621813	4188.7075	4183.4224	1000.0	1000.0	980000	442.9897	19.052933	585.7297	330.07016	-443.0124	1.0529815	9954.253373146057
99	4294.919	6.651227	4302.8867	4280.6084	4186.4937	1.4104176	4189.5186	4184.794	1000.0	1000.0	990000	443.26614	19.029343	637.9231	365.15445	-443.29605	1.01067	10064.511184215546
100	4330.2686	130.03117	4720.192	4281.188	4186.3833	1.8776473	4190.071	4182.1426	1000.0	1000.0	1000000	443.2529	18.947449	607.87	320.46094	-443.27646	1.0314927	10174.504951000214
101	4417.1187	195.09947	4721.0044	4281.2593	4186.1187	1.9580107	4188.4644	4181.216	1000.0	1000.0	1010000	442.80908	18.76385	527.26447	322.5235	-442.82574	0.8796864	10285.283248186111
102	4333.782	125.42743	4709.588	4277.826	4184.922	1.208188	4187.216	4182.6846	1000.0	1000.0	1020000	442.21237	18.567171	516.38654	380.87366	-442.2211	0.86549646	10403.925838470459
103	4415.4795	195.16818	4715.6055	4277.838	4187.7705	4.422902	4197.6567	4182.6606	1000.0	1000.0	1030000	441.7752	18.583542	551.32214	363.78928	-441.7871	0.8615871	10523.955949306488
104	4379.8193	167.32129	4718.099	4291.09	4185.964	3.3257697	4192.463	4181.343	1000.0	1000.0	1040000	441.90186	18.468487	509.57507	369.3492	-441.92065	0.87516105	10644.267449617386
105	4416.112	194.89952	4715.6797	4263.25	4187.3364	3.2228258	4193.762	4181.9434	1000.0	1000.0	1050000	441.93625	18.411192	530.50806	364.1495	-441.95255	0.8143645	10763.476414442062
106	4373.9795	168.6878	4714.1226	4269.7686	4187.3447	3.6449144	4194.4663	4182.141	1000.0	1000.0	1060000	441.75247	18.28759	515.62756	370.93442	-441.7682	0.8129232	10883.652018070221
107	4378.9604	167.26317	4714.759	4281.4805	4187.7095	3.9386692	4196.6035	4182.192	1000.0	1000.0	1070000	441.66315	18.251116	577.6459	356.96255	-441.6782	0.8359572	11003.541302204132
108	4377.6904	166.44337	4711.694	4288.2827	4189.571	2.6461568	4195.091	4186.4136	1000.0	1000.0	1080000	441.55954	18.172699	515.40454	361.5732	-441.5771	0.78942925	11122.148870229721
109	4328.768	128.9086	4714.62	4266.369	4186.9507	1.3588917	4188.5654	4184.973	1000.0	1000.0	1090000	441.55728	18.238579	527.06055	361.81284	-441.5714	0.8295796	11242.105083942413
110	4374.243	169.33084	4715.629	4263.5317	4188.563	4.382281	4197.842	4184.3975	1000.0	1000.0	1100000	441.45172	18.273668	510.58926	359.36594	-441.46405	0.8147231	11361.565817117691
111	4373.3774	171.55922	4716.504	4271.9834	4185.7427	2.29338	4189.3057	4181.3755	1000.0	1000.0	1110000	441.4395	18.232914	510.86377	346.27292	-441.4534	0.83365226	11489.95611667633
112	4415.5845	197.16096	4718.408	4274.862	4185.8506	1.4702462	4188.0376	4182.8276	1000.0	1000.0	1120000	441.3473	18.277384	528.93207	357.11945	-441.3627	0.83423233	11618.249741315842
113	4380.2563	168.22949	4719.566	4289.783	4187.63	3.062588	4192.8228	4181.917	1000.0	1000.0	1130000	441.13364	18.164238	557.03253	352.11795	-441.1487	0.8329442	11746.710469722748
114	4421.6655	193.07773	4718.466	4286.0283	4186.599	2.6836016	4192.339	4183.9062	1000.0	1000.0	1140000	441.24478	18.186314	520.9286	374.60275	-441.26285	0.81897616	11875.115192174911
115	4333.5186	125.06919	4708.2183	4279.6714	4186.1333	3.3687367	4191.5776	4180.497	1000.0	1000.0	1150000	441.38855	18.202354	510.87314	374.08182	-441.40714	0.8049723	12003.662015676498
116	4337.2705	126.0012	4714.951	4280.7437	4187.1426	1.8863924	4190.153	4183.79	1000.0	1000.0	1160000	441.40073	18.113876	515.6284	375.96338	-441.42056	0.7661374	12132.623574256897
117	4336.169	126.43439	4715.1357	4283.183	4186.464	2.1943674	4190.011	4182.9253	1000.0	1000.0	1170000	441.31226	18.011068	570.5186	375.43546	-441.3283	0.835425	12255.217128753662
118	4458.7593	208.83679	4716.077	4275.9146	4185.064	4.716424	4197.8843	4179.964	1000.0	1000.0	1180000	441.28787	17.956102	525.6226	377.24304	-441.3025	0.77973324	12373.772925138474
119	4417.7163	194.86436	4717.665	4272.0522	4185.7017	3.3488402	4191.9863	4182.1616	1000.0	1000.0	1190000	441.16995	17.992388	526.20605	348.3321	-441.1811	0.77186936	12493.669334173203
120	4333.158	126.0598	4711.1846	4284.6606	4187.743	2.5102706	4192.8164	4183.975	1000.0	1000.0	1200000	440.9685	18.135574	508.4914	373.2938	-440.9738	0.76454324	12612.371234178543
121	4334.5513	127.939	4717.994	4283.487	4187.2334	2.5584059	4191.251	4183.9697	1000.0	1000.0	1210000	440.70578	18.109018	532.2866	363.943	-440.71045	0.7961335	12731.890894889832
122	4416.87	193.54092	4715.154	4277.6445	4185.8843	2.3735728	4190.1226	4182.526	1000.0	1000.0	1220000	440.4724	18.054789	528.1051	372.22034	-440.4791	0.79041874	12851.764076471329
123	4465.174	204.05106	4718.4253	4279.6367	4188.1196	4.4066086	4198.012	4182.714	1000.0	1000.0	1230000	440.4143	18.12873	540.07495	373.76883	-440.41934	0.76327366	12969.623702287674
124	4291.915	3.4682908	4296.827	4286.276	4186.4272	3.2657042	4192.6807	4181.7827	1000.0	1000.0	1240000	440.3936	18.232729	511.05682	363.24994	-440.3974	0.7711661	13089.24570775032
125	4340.028	124.83291	4714.32	4292.957	4187.3896	3.4317722	4194.163	4183.119	1000.0	1000.0	1250000	440.22702	18.19791	532.9729	364.15015	-440.23474	0.79900753	13208.381890535355
126	4291.387	8.333991	4298.2827	4270.8174	4188.2275	4.3287687	4197.3286	4182.76	1000.0	1000.0	1260000	440.24466	18.093313	520.2415	376.49106	-440.2506	0.7502923	13322.898818969727
127	4373.7236	169.37982	4713.367	4276.97	4189.096	4.652464	4199.4575	4183.4585	1000.0	1000.0	1270000	440.14392	18.078688	517.1704	362.55557	-440.1473	0.7727792	13433.419067144394
128	4289.7217	7.1541576	4303.0137	4276.4805	4186.9287	3.4107213	4193.366	4180.0	1000.0	1000.0	1280000	440.29556	17.955805	525.87854	369.95197	-440.3036	0.78193295	13542.710287094116
129	4459.8174	205.89197	4718.0435	4280.2007	4188.1006	2.7866066	4192.3364	4182.995	1000.0	1000.0	1290000	440.28775	17.870625	525.0813	362.56107	-440.2914	0.7383869	13652.139338493347
130	4331.2495	129.1407	4718.067	4277.154	4188.185	4.5962086	4199.4927	4182.445	1000.0	1000.0	1300000	440.09372	17.880424	528.68	349.05923	-440.0971	0.75230753	13762.234685659409
131	4336.274	126.52569	4715.272	4279.5166	4188.386	6.0948935	4201.7275	4181.9297	1000.0	1000.0	1310000	439.94418	17.81018	502.1883	376.48987	-439.9475	0.70265645	13872.793824195862
132	4335.694	126.323166	4714.5034	4287.8315	4188.422	3.613625	4195.6553	4184.108	1000.0	1000.0	1320000	439.79462	17.767769	511.1938	373.63446	-439.7981	0.71385473	13984.028487443924
133	4375.843	169.9411	4718.265	4274.142	4187.1123	3.6012678	4196.3535	4182.6904	1000.0	1000.0	1330000	439.64078	17.640144	531.8163	374.2797	-439.64624	0.71806663	14093.740468263626
134	4377.6445	168.18452	4715.342	4279.333	4186.778	2.376934	4192.3564	4183.9243	1000.0	1000.0	1340000	439.5882	17.560932	531.20544	367.35757	-439.59155	0.708991	14204.86154961586
135	4420.678	193.19704	4718.7754	4278.5576	4187.0903	5.0759077	4200.111	4179.7334	1000.0	1000.0	1350000	439.45914	17.572008	546.57837	374.58167	-439.4604	0.674862	14315.436324119568
136	4501.5107	210.75133	4716.9995	4278.5913	4187.7056	2.9290392	4192.629	4181.4907	1000.0	1000.0	1360000	439.24557	17.6291	540.89874	365.1943	-439.241	0.7474824	14425.370351552963
137	4334.915	126.81195	4714.699	4276.5967	4187.2104	3.987165	4194.322	4181.879	1000.0	1000.0	1370000	438.97366	17.585512	517.33405	355.76556	-438.96765	0.7032177	14537.002222776413
138	4379.746	166.12941	4712.5347	4285.4365	4188.422	3.6357286	4193.277	4180.9043	1000.0	1000.0	1380000	438.81894	17.46397	534.57007	371.57742	-438.81714	0.7109577	14647.939429283142
139	4374.7344	169.70662	4718.716	4278.4536	4187.492	3.1089609	4194.029	4184.531	1000.0	1000.0	1390000	438.6232	17.465643	533.44794	364.43192	-438.6188	0.69713086	14811.079689264297
140	4459.844	206.92543	4714.0625	4285.4033	4185.007	2.8148365	4190.5083	4182.186	1000.0	1000.0	1400000	438.62967	17.413782	546.614	356.31927	-438.62506	0.69663876	14967.725993156433
141	4373.834	167.8326	4710.71	4276.907	4190.528	3.3481693	4195.8057	4186.4507	1000.0	1000.0	1410000	438.69717	17.444866	547.6499	343.24396	-438.6908	0.6965916	15106.856024503708
142	4334.7734	125.417885	4710.507	4280.899	4186.1113	2.9928625	4193.983	4182.6294	1000.0	1000.0	1420000	438.5933	17.39971	533.7346	344.62585	-438.5885	0.68037254	15243.183928489685
143	4420.3525	190.7132	4717.1763	4287.69	4189.0776	3.2143753	4195.4414	4184.343	1000.0	1000.0	1430000	438.566	17.28654	495.6777	376.1047	-438.5627	0.7098453	15391.37484073639
144	4376.7236	170.09468	4717.142	4281.6436	4188.626	2.6415823	4193.528	4185.276	1000.0	1000.0	1440000	438.7274	17.239252	508.5574	374.20023	-438.72736	0.6393148	15574.459327697754
145	4378.797	167.9933	4714.975	4279.329	4186.8047	1.9055786	4190.0024	4184.0522	1000.0	1000.0	1450000	438.7228	17.394522	537.78	358.02664	-438.71994	0.68592775	15772.684430122375
146	4334.0205	127.433266	4715.911	4282.0864	4186.343	2.3171978	4191.585	4182.973	1000.0	1000.0	1460000	438.87665	17.324097	536.77625	361.40115	-438.87454	0.6605454	15973.334365606308
147	4333.825	127.97169	4716.881	4271.7915	4187.193	4.100776	4197.1978	4181.26	1000.0	1000.0	1470000	438.82092	17.269999	528.41534	343.34238	-438.8129	0.6927752	16162.779183149338
148	4373.4795	172.62254	4718.8647	4272.7285	4187.7007	4.5528417	4196.4976	4182.227	1000.0	1000.0	1480000	438.5431	17.141748	509.94476	369.82587	-438.535	0.67780775	16341.508819103241
149	4329.093	127.008	4709.287	4271.7324	4186.6074	2.9591596	4193.5073	4182.926	1000.0	1000.0	1490000	438.33533	17.236094	550.62787	335.27475	-438.32385	0.6473799	16526.658262729645
150	4419.597	192.72366	4714.618	4285.133	4185.624	3.2491703	4192.206	4181.1377	1000.0	1000.0	1500000	438.3437	17.146996	538.44226	376.60867	-438.33865	0.6377045	16700.283086299896
151	4370.396	169.60027	4709.591	4274.7725	4185.339	1.9980136	4189.5034	4181.918	1000.0	1000.0	1510000	438.32584	17.253521	509.85214	366.001	-438.31955	0.63352513	16878.872713565826
152	4499.753	212.98654	4716.658	4279.684	4186.7134	2.2383983	4190.9277	4183.2617	1000.0	1000.0	1520000	438.0761	17.203415	513.6533	369.7039	-438.06076	0.67794615	17053.698358535767
153	4376.7236	168.73256	4715.8853	4286.3354	4186.87	3.6244159	4196.8354	4183.398	1000.0	1000.0	1530000	437.8696	17.254564	553.30634	341.81018	-437.8565	0.7119236	17232.710227251053
154	4371.468	169.88425	4712.63	4271.701	4188.168	3.7822607	4195.675	4183.8438	1000.0	1000.0	1540000	437.65942	17.16486	509.8751	362.6094	-437.6462	0.6763413	17409.761788368225
155	4337.171	126.01402	4714.848	4286.5103	4186.9185	1.7376451	4190.937	4184.858	1000.0	1000.0	1550000	437.84314	17.056393	515.092	373.16214	-437.83096	0.6939199	17590.515221834183
156	4378.358	167.43863	4713.626	4283.27	4185.3267	1.8939133	4189.7266	4182.0137	1000.0	1000.0	1560000	437.6871	16.94225	522.2752	379.93478	-437.67526	0.6013803	17764.907327890396
157	4414.7266	195.80872	4715.2896	4265.0986	4185.7583	1.9573797	4189.3027	4182.135	1000.0	1000.0	1570000	437.46194	16.833755	512.8936	380.76736	-437.4465	0.6424119	17951.229454755783
158	4332.706	127.736885	4715.149	4275.663	4186.425	1.2403316	4187.975	4184.037	1000.0	1000.0	1580000	437.2619	16.824566	508.3695	372.89737	-437.2455	0.632349	18141.993893623352
159	4375.9937	167.93839	4714.365	4271.2886	4187.4136	3.300423	4193.38	4181.8447	1000.0	1000.0	1590000	437.17758	16.886097	538.53925	375.0575	-437.1593	0.65380394	18340.79671406746
160	4460.9985	206.89334	4716.933	4283.8525	4186.021	3.052147	4193.158	4182.7515	1000.0	1000.0	1600000	437.15503	16.96875	532.26044	354.7792	-437.13605	0.68946046	18535.639813899994
161	4335.291	125.76514	4711.7905	4274.846	4187.0654	3.5503242	4194.3145	4181.352	1000.0	1000.0	1610000	437.11612	16.917875	527.6198	363.4204	-437.0981	0.6432008	18728.996164798737
162	4503.3003	209.91481	4720.77	4286.841	4188.0464	4.3245945	4199.013	4183.1523	1000.0	1000.0	1620000	437.0953	16.901339	514.2058	374.66272	-437.07825	0.6282085	18913.02539229393
163	4334.934	128.00179	4718.447	4278.9014	4187.6514	2.59272	4191.8696	4183.5728	1000.0	1000.0	1630000	437.1752	17.008667	530.24286	380.36917	-437.16235	0.62514764	19083.592575788498
164	4289.4854	8.860095	4298.7324	4273.316	4185.677	3.2836647	4193.553	4181.2324	1000.0	1000.0	1640000	437.12314	17.008053	502.43478	358.64267	-437.1107	0.6738385	19255.104933023453
165	4335.8105	127.44336	4717.851	4279.61	4186.076	2.700811	4192.764	4182.0806	1000.0	1000.0	1650000	437.2845	16.900097	508.64725	369.23236	-437.27325	0.6698526	19423.183893442154
166	4461.934	206.04533	4718.6045	4284.331	4187.341	3.6104805	4194.487	4182.297	1000.0	1000.0	1660000	437.3925	16.854944	507.191	373.16074	-437.37396	0.62297755	19592.0693628788
167	4421.097	193.47438	4718.654	4280.7837	4187.9087	3.3401828	4195.3184	4184.596	1000.0	1000.0	1670000	437.36258	16.933683	496.37393	374.6835	-437.34454	0.63806057	19762.99831676483
168	4461.961	208.09192	4718.903	4278.3545	4187.3784	2.1834226	4189.852	4182.8296	1000.0	1000.0	1680000	437.2586	16.927896	513.5612	374.20837	-437.23615	0.6765715	19931.806987285614
169	4380.5264	166.9478	4717.5664	4286.8247	4187.3687	2.7176669	4192.173	4183.7275	1000.0	1000.0	1690000	437.15152	16.859531	506.4551	364.93753	-437.13055	0.6017913	20099.527980566025
170	4375.1963	171.07022	4719.6826	4276.8623	4187.6826	2.901844	4193.893	4185.056	1000.0	1000.0	1700000	437.11755	16.808037	520.38385	356.10837	-437.0981	0.63403195	20271.10667514801
171	4417.427	195.28354	4717.3184	4283.8135	4187.583	2.1775093	4192.078	4184.13	1000.0	1000.0	1710000	437.15475	16.753828	507.32452	363.52097	-437.1362	0.60865057	20436.60240006447
172	4378.003	168.63486	4716.455	4281.591	4187.952	3.906105	4195.272	4183.3047	1000.0	1000.0	1720000	437.0783	16.686346	515.8171	373.57974	-437.0553	0.61768794	20607.485179185867
173	4420.697	192.01349	4714.5713	4283.785	4187.8584	3.3465538	4193.7114	4181.3945	1000.0	1000.0	1730000	437.01508	16.655361	503.19537	374.25723	-436.9921	0.57604635	20777.603168964386
174	4335.0063	124.78473	4709.0454	4284.7227	4186.353	2.858348	4192.3477	4182.549	1000.0	1000.0	1740000	436.97336	16.72599	517.57404	364.47867	-436.95306	0.65186644	20947.411375522614
175	4416.7725	196.20633	4718.47	4278.6826	4187.297	2.688366	4193.7485	4183.836	1000.0	1000.0	1750000	437.06647	16.662113	520.28906	374.68143	-437.04834	0.6432319	21120.762308359146
176	4417.1753	195.23026	4718.484	4274.4	4188.718	4.685951	4199.4683	4183.578	1000.0	1000.0	1760000	437.24304	16.803263	504.77905	367.0669	-437.2238	0.59045655	21291.27953839302
