Epoch	AverageEpRet	StdEpRet	MaxEpRet	MinEpRet	EpLen	AverageVVals	StdVVals	MaxVVals	MinVVals	TotalEnvInteracts	LossPi	LossV	DeltaLossPi	DeltaLossV	Entropy	KL	Time
0	4541.0996	47.90068	4605.888	4469.56	1000.0	0.25956202	0.782757	3.1105194	-2.8852909	5000	0.004271152	176692.12	-0.077625	-11117.344	15.998247	0.37157562	20.63146209716797
1	4542.236	33.196354	4591.828	4504.401	1000.0	13.9271965	1.312665	14.2512455	-10.797413	10000	0.019550378	166230.19	-0.045806415	-5178.547	15.994569	0.35554865	31.367087841033936
2	4527.1475	29.946302	4576.6123	4483.6265	1000.0	20.254784	1.894206	20.521275	-15.747015	15000	-0.034510866	159696.81	-0.038056068	-4532.172	16.020947	0.39118558	42.45133423805237
3	4517.616	22.693851	4553.576	4491.117	1000.0	26.11517	0.90806663	26.175777	-14.431957	20000	0.011233087	154501.9	-0.028248247	-4159.6875	16.084867	0.43444395	53.6399884223938
4	4514.5596	28.401825	4544.649	4473.708	1000.0	31.491713	1.8305441	31.608677	-16.637726	25000	0.030574622	150448.8	-0.022906482	-4033.75	16.031763	0.3826007	64.66494584083557
5	4544.5615	81.05963	4694.9697	4468.113	1000.0	36.8152	1.3961376	36.91079	-15.103273	30000	0.054331988	148097.05	-0.02168224	-3954.7812	15.977439	0.3717054	75.99755597114563
6	4547.7026	74.17465	4634.965	4429.613	1000.0	41.780346	3.7543263	42.153164	-35.77686	35000	-0.023771262	143439.44	-0.020369584	-4054.9219	16.024406	0.40258512	87.20451951026917
7	4527.1255	51.98629	4623.272	4469.9814	1000.0	47.216236	1.8334813	47.31518	-17.556715	40000	-0.0403219	139018.2	-0.016885586	-3729.2188	16.041832	0.36389747	98.07995414733887
8	4542.1455	41.72831	4595.583	4479.6733	1000.0	52.36804	0.8894723	52.41228	11.867898	45000	-0.03990889	136294.97	-0.016883176	-3624.25	15.949869	0.35705483	109.22495412826538
9	4524.575	39.07634	4570.9663	4481.584	1000.0	57.459286	0.33315843	57.471367	40.44613	50000	0.019300263	131287.55	-0.014424622	-3490.0781	15.993675	0.3818246	120.38856148719788
10	4525.875	37.97712	4598.6953	4487.3823	1000.0	62.423023	0.96601826	62.465954	16.961185	55000	0.02849359	128346.92	-0.01583388	-3453.7344	16.046383	0.4162307	131.92152047157288
11	4529.4644	29.981869	4579.654	4496.778	1000.0	67.3836	1.0525424	67.43036	14.702913	60000	0.019740853	125143.414	-0.01355661	-3375.6328	16.011635	0.3420327	143.07423520088196
12	4531.8096	9.780014	4546.4565	4519.2173	1000.0	72.33513	0.6372191	72.35725	30.812498	65000	-0.08070737	121694.96	-0.014272697	-3293.3516	15.907807	0.34741232	154.44914960861206
13	4560.037	85.731064	4724.932	4475.7153	1000.0	77.23346	0.5915244	77.25161	43.010517	70000	-0.014794852	119829.09	-0.013334635	-3248.789	15.963238	0.39391065	165.6206648349762
14	4531.2944	43.272984	4607.89	4484.2593	1000.0	82.11045	0.87117743	82.1322	23.019615	75000	-0.023419129	115813.27	-0.013413819	-3160.3438	16.010876	0.41257364	176.75640654563904
15	4542.946	32.719368	4577.124	4483.4507	1000.0	86.91565	1.9755921	86.96404	-40.593983	80000	0.053090338	112706.02	-0.013860069	-3101.9297	16.044167	0.43020126	188.00480937957764
16	4517.192	38.684998	4586.625	4483.6733	1000.0	91.71597	1.5351408	91.76373	14.555152	85000	-0.068384275	108100.91	-0.014167167	-3008.75	15.990333	0.34737447	199.17278838157654
17	4516.6914	74.53979	4645.4663	4429.944	1000.0	96.489426	0.4496835	96.50668	71.965294	90000	-0.016694572	104443.484	-0.011573983	-2915.1094	16.004366	0.39312202	210.4448390007019
18	4550.693	65.558205	4647.298	4449.3037	1000.0	101.1869	0.8365268	101.21233	50.32473	95000	0.036241606	104508.25	-0.013769321	-2924.164	15.950531	0.37721938	221.97891998291016
19	4555.9634	60.30955	4665.972	4493.1626	1000.0	105.92015	0.59654206	105.93834	70.917816	100000	0.041682195	102026.086	-0.014812535	-2881.4297	16.017824	0.36769986	233.12467002868652
20	4519.9062	67.59796	4607.0513	4440.4365	1000.0	110.605576	2.148493	110.65745	-32.260265	105000	-0.07004906	97163.2	-0.013698146	-2798.0469	16.09085	0.42218867	245.01004076004028
21	4484.6455	51.01928	4567.26	4436.198	1000.0	115.30555	0.16911958	115.310005	104.22248	110000	0.0003565857	92586.42	-0.0112210205	-2635.0781	16.074314	0.37098682	256.2542984485626
22	4539.7305	57.59876	4605.793	4463.776	1000.0	119.85898	0.6931974	119.88083	76.85863	115000	0.008344062	92898.81	-0.0131490305	-2684.9922	16.02865	0.38653964	267.77634477615356
23	4517.95	73.10921	4625.0205	4433.686	1000.0	124.48937	0.6851182	124.50104	76.10432	120000	0.030924445	88852.43	-0.011924857	-2570.6953	15.995225	0.3639635	279.26079392433167
24	4491.6646	54.917187	4558.943	4397.8955	1000.0	129.04065	0.6404491	129.05815	87.84425	125000	-0.07697441	85178.76	-0.0112711415	-2496.211	15.956047	0.3980668	290.47208857536316
25	4481.7817	15.926865	4508.548	4464.5835	1000.0	133.4844	2.9548686	133.57246	9.978245	130000	0.025748666	81883.02	-0.0127964355	-2481.164	16.010263	0.34867865	301.92893838882446
26	4504.763	59.49052	4622.384	4458.1953	1000.0	137.99788	2.8402734	138.05328	-60.636536	135000	-0.01456145	80098.75	-0.01111659	-2426.0938	15.951744	0.35006386	313.787814617157
27	4545.458	63.142715	4651.8843	4468.763	1000.0	142.45381	2.039763	142.52458	65.215256	140000	-0.03838986	79281.34	-0.014861971	-2418.1797	15.988822	0.37521127	325.01326060295105
28	4495.8696	31.926075	4529.2153	4446.872	1000.0	146.98007	1.5197892	147.01448	52.222534	145000	0.05752859	75828.94	-0.012676094	-2289.5938	16.013449	0.36482134	336.18810534477234
29	4545.8184	66.31609	4676.4897	4494.897	1000.0	151.2301	6.7403655	151.44489	-141.13602	150000	-0.0034397033	75225.19	-0.012049533	-2461.0781	15.949725	0.37845972	347.5518708229065
30	4519.6035	21.743902	4561.396	4499.147	1000.0	155.88432	0.19433928	155.88895	142.83406	155000	-0.03008528	72175.92	-0.011942245	-2227.3125	16.031082	0.34983253	359.5322766304016
31	4477.46	28.141941	4529.57	4448.541	1000.0	160.23448	1.9991143	160.31305	66.9809	160000	-0.065183975	67540.35	-0.012436487	-2128.164	16.059559	0.42138457	370.98016452789307
32	4546.385	41.58594	4611.1934	4497.961	1000.0	164.62767	0.85118926	164.64403	105.924774	165000	-0.031658348	68838.42	-0.013679232	-2158.8984	15.964359	0.39174107	382.36096453666687
33	4520.9766	47.704735	4586.79	4465.445	1000.0	169.02248	0.8608591	169.04865	116.15317	170000	0.014574667	64928.93	-0.009675992	-2072.5078	15.955093	0.40648746	393.66877603530884
34	4551.4116	82.47037	4689.64	4437.6343	1000.0	173.37703	0.31292102	173.38586	154.8746	175000	-0.025734	64317.715	-0.011663143	-2050.5898	16.098629	0.49618065	405.19512271881104
35	4518.1367	16.865593	4541.3135	4500.0073	1000.0	177.73512	0.069418006	177.73833	174.00085	180000	0.018947657	61047.31	-0.012474348	-1960.7617	15.978767	0.35710606	416.5833971500397
36	4542.303	57.06925	4627.3433	4471.6543	1000.0	181.9294	4.630749	182.02959	-51.89093	185000	-0.07481406	59683.15	-0.0085428655	-1988.5938	15.98015	0.45049536	427.89085721969604
37	4534.6904	37.44602	4592.562	4479.133	1000.0	186.28532	0.79733413	186.309	149.11751	190000	0.068291955	58051.086	-0.013711859	-1906.9453	16.026613	0.3890854	439.26145195961
38	4509.392	33.559727	4561.673	4465.331	1000.0	190.48262	4.8545294	190.58315	-133.45172	195000	-0.057110723	55631.07	-0.011801887	-1908.3164	15.970984	0.3583863	450.78018951416016
39	4522.8486	77.26183	4630.03	4406.707	1000.0	194.59888	7.560044	194.81516	-188.5722	200000	-0.124158494	53862.906	-0.013207249	-1906.0625	16.0063	0.41525283	462.6034777164459
40	4492.4307	56.38306	4584.9526	4428.715	1000.0	198.9917	0.9548804	199.02136	141.90889	205000	-0.03239336	50664.17	-0.010259565	-1720.2695	16.021172	0.3555558	474.5701744556427
41	4538.661	37.496864	4573.8384	4476.472	1000.0	203.11255	1.6632566	203.16902	115.13623	210000	-0.02302752	51626.65	-0.011344444	-1758.9414	15.982481	0.3622466	485.6385805606842
42	4531.776	55.62285	4617.9917	4444.8623	1000.0	207.18283	6.4584904	207.37233	-107.639305	215000	-0.12139851	49175.92	-0.01333712	-1786.6797	16.01195	0.424854	496.8072600364685
43	4536.641	38.89192	4609.344	4502.5747	1000.0	211.51476	0.6144162	211.53412	177.60013	220000	0.024490582	47933.504	-0.01042293	-1645.0117	15.997665	0.41734716	507.9796624183655
44	4487.9053	18.872246	4519.2446	4468.3945	1000.0	215.5886	3.4489276	215.68648	45.808327	225000	-0.05459845	44123.457	-0.010255761	-1554.8047	15.973723	0.4372788	519.3134071826935
45	4528.25	60.178436	4627.9673	4451.0107	1000.0	219.64384	3.9638689	219.72969	-41.10643	230000	-0.021798132	43801.92	-0.011139372	-1574.1602	15.96695	0.42303947	530.456953048706
46	4503.035	35.22774	4553.8916	4449.9844	1000.0	223.71025	3.8168058	223.79634	-29.63652	235000	-0.06697284	41983.938	-0.013917349	-1523.7383	16.082882	0.44775972	541.847220659256
47	4521.378	53.379696	4613.35	4451.761	1000.0	227.78377	1.3899971	227.83226	158.11554	240000	-0.0038167145	40793.43	-0.011982964	-1460.2539	16.083317	0.46777773	553.4603319168091
48	4572.5664	45.64437	4638.4297	4496.2573	1000.0	231.70215	4.8782105	231.85106	-50.374447	245000	0.01862969	40991.707	-0.015878653	-1555.4375	16.023447	0.39706424	564.6901187896729
49	4512.084	36.658417	4566.43	4453.612	1000.0	235.88972	1.929952	235.94041	110.452934	250000	-0.01848769	37621.953	-0.012666728	-1377.9648	16.058372	0.3809859	576.0626192092896
50	4540.3267	76.01565	4654.139	4415.5356	1000.0	239.87035	1.1659412	239.91125	170.12326	255000	0.004426773	37303.46	-0.010170069	-1355.2656	16.056322	0.39643487	588.603643655777
51	4515.329	23.485964	4547.9795	4476.8315	1000.0	243.8432	1.9390019	243.88486	109.53901	260000	0.03124246	35103.902	-0.01063112	-1300.5664	16.05276	0.42825684	600.023619890213
52	4484.2114	92.38281	4647.449	4372.584	1000.0	247.71703	5.3069234	247.81432	-123.827255	265000	0.016529407	32920.934	-0.010642054	-1289.1387	16.116432	0.430578	611.6380095481873
53	4524.7847	57.919903	4580.261	4418.4995	1000.0	251.5516	3.9749227	251.65112	-6.693579	270000	0.002159523	33062.707	-0.011660292	-1255.7637	15.999863	0.346025	623.5388512611389
54	4532.552	45.607998	4599.8735	4472.127	1000.0	255.48997	2.1296532	255.5384	113.100296	275000	-0.04543215	32043.684	-0.01170405	-1216.4707	16.000132	0.43313065	635.0089130401611
55	4534.009	29.043316	4571.802	4498.8477	1000.0	259.4083	0.7696413	259.43066	221.475	280000	-0.014469739	30711.45	-0.010813678	-1156.9141	15.993534	0.38140884	646.266969203949
56	4554.0835	30.802122	4592.4946	4507.048	1000.0	263.25076	1.5051183	263.2772	157.75795	285000	0.051618755	29863.182	-0.009419285	-1131.0312	16.013922	0.41122168	657.301705121994
57	4552.058	37.82994	4606.0337	4502.6445	1000.0	266.96548	3.3002057	267.1065	101.3317	290000	-0.04048455	29257.393	-0.010943141	-1150.3711	15.948453	0.3617913	668.9140732288361
58	4549.1704	36.333363	4611.3535	4501.2793	1000.0	270.87466	1.5272455	270.9246	190.51625	295000	0.030280942	27777.414	-0.012410542	-1063.2969	16.02599	0.41422528	680.2127668857574
59	4552.585	39.69682	4587.1646	4485.7803	1000.0	274.666	1.572734	274.7091	176.0173	300000	-0.079045296	26941.188	-0.011875451	-1032.916	16.080273	0.4109703	691.7514741420746
60	4499.865	17.866003	4529.888	4480.496	1000.0	278.44632	0.90902686	278.47305	231.61055	305000	0.015723266	24608.229	-0.011986028	-932.2578	16.006716	0.40152204	703.9016382694244
61	4538.874	47.97414	4607.2446	4458.496	1000.0	282.06784	0.9577116	282.10577	242.75252	310000	-0.023212573	24300.363	-0.010246636	-930.7656	15.988825	0.38592544	715.4241037368774
62	4531.097	51.1565	4609.3315	4465.8745	1000.0	285.74704	0.39588553	285.75827	260.11404	315000	-0.006482184	23264.658	-0.011833258	-881.8418	15.9881	0.38589296	726.7802205085754
63	4524.0757	16.857786	4542.4307	4492.7935	1000.0	289.3679	0.07338711	289.3702	285.2631	320000	0.00744646	22382.94	-0.01045577	-842.1621	16.09323	0.40174907	738.1540703773499
64	4514.2285	32.088223	4550.2827	4456.6714	1000.0	292.86874	3.0421548	292.9428	90.85804	325000	0.024883768	21142.666	-0.011980624	-826.50977	16.009027	0.42638305	749.6125144958496
65	4559.325	54.121853	4631.331	4474.8677	1000.0	296.4207	1.4744419	296.4588	196.22025	330000	0.003684488	21350.39	-0.012172175	-828.36914	15.9421015	0.41589335	761.2441082000732
66	4513.434	32.547207	4558.1655	4475.8457	1000.0	300.0437	0.051386576	300.04562	297.08676	335000	-0.0036491943	19855.94	-0.008993344	-757.9375	16.09386	0.43641225	772.5238573551178
67	4505.4717	56.680542	4594.9697	4422.6245	1000.0	303.4601	2.4282167	303.5176	171.76346	340000	-0.09209096	18979.867	-0.011180036	-718.24023	16.010418	0.4181227	783.8681650161743
68	4538.505	28.473606	4582.3555	4496.9937	1000.0	306.80634	7.4060507	306.91547	-216.64017	345000	-0.023091642	19133.89	-0.013159653	-790.6836	16.058113	0.42789444	794.8171172142029
69	4514.2046	18.614147	4539.71	4494.5024	1000.0	310.35687	0.14023957	310.3619	302.27347	350000	-0.041545324	17527.494	-0.011782277	-663.16797	15.993837	0.4021773	805.973021030426
70	4521.6216	47.891724	4589.5073	4440.8955	1000.0	313.69446	0.54735297	313.70703	279.75403	355000	0.0033553222	16908.14	-0.012462247	-623.1387	15.940934	0.37858638	817.9299097061157
71	4539.089	55.4458	4626.968	4460.76	1000.0	316.96487	2.5201867	317.02625	186.70789	360000	0.016350629	16907.695	-0.010568556	-635.8135	15.952587	0.35163203	829.4236903190613
72	4527.429	42.822567	4595.012	4466.649	1000.0	320.2647	2.7315156	320.35422	183.54315	365000	-0.0036108703	16264.896	-0.012599539	-597.55273	15.951	0.45779955	840.8310301303864
73	4476.796	35.977238	4543.5527	4446.6035	1000.0	323.50397	3.6957455	323.59973	107.36262	370000	0.1383616	14638.115	-0.013932981	-538.0029	16.042812	0.40043393	852.46404504776
74	4545.01	62.24887	4634.7324	4470.8555	1000.0	326.6833	0.65442055	326.7065	293.19284	375000	0.050616533	15013.078	-0.009387627	-556.5088	15.996525	0.38992953	863.9501347541809
75	4502.925	39.379692	4559.4614	4462.802	1000.0	329.9317	0.13095534	329.93637	324.1725	380000	-0.03808317	13891.458	-0.009234842	-472.45117	16.02297	0.3955594	875.2209131717682
76	4495.339	28.767294	4523.1235	4443.1816	1000.0	333.0154	0.2974129	333.0245	318.7878	385000	-0.016446752	13292.825	-0.012481995	-460.73438	16.020779	0.46084374	887.1634843349457
77	4528.9727	37.04916	4566.1904	4482.983	1000.0	336.03473	0.2973051	336.0498	325.37344	390000	-0.06525304	13229.577	-0.010687791	-450.38672	15.969215	0.40354925	898.7962167263031
78	4512.8447	30.743082	4556.6055	4461.331	1000.0	338.93097	6.6819596	339.09848	-102.58868	395000	-0.045956444	12665.828	-0.01086637	-523.41406	16.00252	0.38964579	910.0510587692261
79	4537.473	29.16912	4588.5635	4497.726	1000.0	341.92984	2.4844675	342.01865	205.0673	400000	-0.015105408	12584.486	-0.01135895	-409.3506	16.109941	0.3930048	921.4670350551605
80	4514.7197	47.175648	4577.834	4455.914	1000.0	344.8355	3.626891	344.96024	141.97849	405000	0.093615636	11971.854	-0.011958778	-378.06543	15.978232	0.34735188	933.926837682724
81	4529.4536	80.545044	4683.0957	4454.742	1000.0	347.7422	2.5047252	347.81522	211.5227	410000	-0.061222658	11961.049	-0.012470119	-364.8838	16.004192	0.41478652	945.0319497585297
82	4523.445	25.725388	4568.7866	4492.652	1000.0	350.64255	1.6254382	350.69348	266.83627	415000	-0.028119152	11665.859	-0.010947993	-332.5459	16.01306	0.42945504	956.392117023468
83	4496.2617	39.021866	4541.457	4436.2983	1000.0	353.44833	1.895183	353.48877	246.9864	420000	-0.008713703	10839.722	-0.012022815	-290.4209	15.968206	0.42603895	967.5392127037048
84	4567.343	72.37527	4677.845	4453.123	1000.0	356.10574	0.4723346	356.12308	329.477	425000	0.12062854	11502.444	-0.009844385	-317.09277	16.068516	0.42928794	978.7601249217987
85	4527.2266	83.57104	4652.604	4395.156	1000.0	358.9244	0.8276495	358.95248	315.39548	430000	-0.011496771	10926.541	-0.010317108	-318.1377	16.055422	0.4258013	990.1823213100433
86	4537.648	42.124874	4598.789	4478.473	1000.0	361.5519	0.35084692	361.56216	341.38492	435000	0.0029015595	10225.452	-0.010898636	-414.46484	15.964963	0.43205294	1001.4993226528168
87	4506.785	45.5256	4578.3516	4435.5034	1000.0	363.2957	7.3547883	364.17264	-109.52299	440000	0.091925316	9880.362	-0.012002863	-381.50586	15.936844	0.43432558	1012.8356544971466
88	4524.7544	15.038827	4545.305	4498.525	1000.0	366.48734	1.8487731	366.59714	283.87695	445000	0.0070393677	9547.308	-0.01675907	-340.40137	15.996086	0.35945392	1023.8914878368378
89	4538.1436	17.144623	4561.1143	4512.011	1000.0	367.924	5.2153306	369.0065	274.07596	450000	0.025223313	10023.887	-0.010285193	-400.2002	16.032587	0.44164747	1035.0585842132568
90	4520.7915	8.377761	4532.3735	4507.5596	1000.0	371.16876	3.1156218	371.4498	223.13785	455000	0.08107602	9271.095	-0.010394089	-233.22461	16.054588	0.4229221	1046.8912460803986
91	4530.7236	53.859756	4633.139	4477.681	1000.0	373.55435	3.8570182	373.76468	157.64848	460000	0.00045780028	9234.528	-0.010613961	-307.6289	16.070488	0.46208462	1057.985780954361
92	4570.073	86.877014	4698.082	4454.5425	1000.0	374.56616	6.040799	376.04022	317.5312	465000	-0.029101172	9695.165	-0.011660321	-539.57324	15.984694	0.36696813	1069.2547414302826
93	4539.918	37.0067	4597.476	4487.067	1000.0	376.17728	7.070763	378.46262	254.94234	470000	-0.018890765	9105.574	-0.012162311	-887.31934	16.041523	0.45284015	1081.0985236167908
94	4514.525	35.43318	4564.3184	4455.036	1000.0	377.68494	9.004653	380.7688	126.73167	475000	-0.05808805	8535.031	-0.008732602	-1347.8042	16.013859	0.47297177	1092.219075679779
95	4520.105	17.554333	4540.44	4489.7144	1000.0	378.32257	12.773133	382.9504	222.37135	480000	-0.07564994	8691.282	-0.01096487	-2104.811	16.083431	0.44745907	1103.5780322551727
96	4471.6367	60.497555	4565.2715	4420.019	1000.0	369.1133	32.986065	385.33276	214.27672	485000	-0.040409442	8514.595	-0.010818537	-3002.0293	16.006212	0.46153548	1114.710141658783
97	4523.3115	36.354717	4589.443	4486.9336	1000.0	376.8916	24.29919	387.7351	254.2603	490000	-0.03860575	9860.14	-0.014323853	-1942.7251	16.013613	0.42701885	1125.9577350616455
98	4507.7197	20.333982	4528.459	4471.5845	1000.0	381.253	22.951923	389.6295	109.31383	495000	0.0044601075	9325.422	-0.011909327	-1561.2202	16.000107	0.42216066	1137.033509016037
99	4511.276	82.62141	4629.823	4405.2915	1000.0	387.51074	19.541992	391.20972	-341.9053	500000	0.017068867	8824.455	-0.010444807	-2189.855	16.002657	0.44535565	1148.5487015247345
100	4532.627	43.24787	4582.429	4461.0576	1000.0	376.97238	31.799034	393.00098	-116.06267	505000	-0.047087073	10108.87	-0.015569381	-3144.7036	15.979174	0.44689795	1160.8738667964935
101	4522.3374	39.38052	4581.7393	4474.678	1000.0	386.47464	21.900263	395.00513	181.51483	510000	-0.03194479	8824.714	-0.01195642	-2026.1636	16.046766	0.3797881	1172.051601409912
102	4481.1606	28.941969	4530.144	4446.638	1000.0	388.51666	20.265959	396.74792	97.672905	515000	0.08409585	8508.75	-0.012093201	-2229.5986	16.10628	0.45032582	1183.2606768608093
103	4518.61	51.80698	4582.7383	4471.694	1000.0	386.67694	25.198786	398.3719	61.535164	520000	0.06467042	8597.819	-0.015588779	-2352.5293	16.00334	0.37626934	1194.5247440338135
104	4480.8936	40.73241	4534.4263	4427.5103	1000.0	388.7543	23.831514	400.1302	211.39316	525000	0.011713358	8536.216	-0.010515698	-1945.4712	15.986585	0.4214147	1206.091869354248
105	4554.2373	19.21605	4582.683	4531.2236	1000.0	388.2253	26.293062	401.49057	-1.911201	530000	0.1023226	9008.226	-0.01287698	-2401.9	16.0553	0.44006798	1217.3419556617737
106	4505.6626	29.944193	4541.9424	4456.138	1000.0	391.8651	23.803524	403.22568	189.07271	535000	-0.02257146	8112.656	-0.014309656	-2610.5645	16.053291	0.45694306	1228.533197402954
107	4566.0225	61.07923	4670.007	4485.842	1000.0	346.32556	71.77915	404.97498	24.673586	540000	0.08924243	17280.879	-0.011448726	-10723.653	15.995773	0.39048007	1240.7516751289368
108	4534.1167	96.28702	4681.33	4403.359	1000.0	397.18915	26.654444	406.94675	188.71599	545000	-0.049717005	8941.021	-0.012510974	-1954.9014	16.063862	0.39459276	1252.4007499217987
109	4542.038	50.231728	4596.584	4463.432	1000.0	399.1315	24.592073	407.98785	-201.95438	550000	-0.013495685	9207.467	-0.01274741	-1706.6782	16.029171	0.4402331	1263.6789541244507
110	4499.221	55.72939	4596.6626	4429.76	1000.0	392.8404	30.419815	408.88638	80.24498	555000	0.024955036	8623.92	-0.011170716	-3129.3281	15.992478	0.4173582	1275.7402148246765
111	4502.154	64.48232	4589.3423	4394.028	1000.0	385.78256	39.695732	409.87592	93.82967	560000	-0.087851144	8898.318	-0.012450293	-2905.0225	16.073092	0.42884874	1286.9208676815033
112	4526.374	48.650963	4601.3213	4455.181	1000.0	396.68405	31.038477	411.0835	-218.95598	565000	0.0008032959	8384.356	-0.01392116	-2176.4482	15.952903	0.40229297	1298.1905541419983
113	4511.3096	58.75113	4621.1084	4447.718	1000.0	398.52136	26.38186	412.15353	219.85004	570000	0.016302578	8713.409	-0.013181448	-2267.3281	15.94385	0.37707147	1309.3769233226776
114	4549.208	77.78081	4604.863	4397.3877	1000.0	396.43216	28.436232	413.02612	197.6285	575000	-0.031152148	8846.962	-0.013437577	-2225.315	16.086702	0.40686363	1320.6405725479126
115	4535.6357	62.314472	4618.202	4440.682	1000.0	393.6609	32.347687	414.22372	173.96031	580000	-0.009589349	9180.687	-0.012956348	-2759.2935	16.018488	0.4091845	1331.9294760227203
116	4517.6953	57.127846	4607.7744	4446.2285	1000.0	392.5707	36.445187	415.3372	146.37617	585000	0.024860894	9084.864	-0.012207195	-3299.2842	16.087778	0.44352916	1343.0463817119598
117	4530.395	32.528522	4573.502	4474.7583	1000.0	400.9594	27.732462	416.49026	175.66968	590000	0.015348626	8916.103	-0.012538592	-2424.8608	16.077965	0.47468302	1354.3926725387573
118	4539.897	56.352505	4613.293	4447.9727	1000.0	379.1946	46.39982	417.34006	-72.163956	595000	-0.027068494	10359.129	-0.012802983	-4443.672	16.044678	0.4189354	1365.6972253322601
119	4494.936	21.660612	4522.0386	4468.9814	1000.0	402.68063	30.151728	418.60712	246.7396	600000	-0.11157605	7858.3345	-0.012215115	-2602.9795	16.046375	0.41998813	1376.7731153964996
120	4516.6694	55.29142	4600.1836	4453.411	1000.0	400.08005	33.166214	419.50363	171.5864	605000	0.02542189	8939.982	-0.009617703	-2546.4062	15.986732	0.41814214	1388.6773798465729
121	4536.064	59.070602	4629.575	4458.6973	1000.0	381.10056	49.406662	419.62506	153.38126	610000	0.047150325	10463.037	-0.013423499	-4318.9136	16.051994	0.4232235	1400.1132895946503
122	4556.6846	14.595122	4575.907	4532.575	1000.0	412.13043	19.24998	420.4492	189.51855	615000	0.06125816	8482.577	-0.013739057	-1843.2725	16.027063	0.41919345	1411.7186365127563
123	4510.582	58.80376	4587.458	4421.5156	1000.0	392.06314	39.843792	420.9116	122.32858	620000	-0.0693689	9340.018	-0.011955917	-3672.9756	16.10546	0.42663062	1423.5249316692352
124	4493.664	68.53617	4564.7056	4393.1934	1000.0	403.63565	29.861155	421.87955	220.08533	625000	-0.02893258	8493.663	-0.010434417	-2479.4321	16.087172	0.4390521	1435.4904675483704
125	4545.163	50.97618	4586.435	4445.743	1000.0	392.1815	39.647602	422.1575	117.874344	630000	0.021506475	9661.607	-0.0114309015	-3215.0283	15.991683	0.30977568	1446.9346890449524
126	4516.1235	13.824594	4538.3193	4494.8545	1000.0	403.02966	30.568819	422.84982	178.02705	635000	0.022961983	8529.634	-0.014498031	-2439.957	16.00556	0.4176619	1457.7377684116364
127	4527.339	33.04765	4576.7144	4492.771	1000.0	397.6437	36.683834	423.06555	116.71226	640000	0.08772427	9313.018	-0.012596667	-2727.6729	16.059809	0.48552617	1468.998078584671
128	4535.1313	34.58599	4571.841	4485.6807	1000.0	397.7305	34.14122	423.3665	152.78093	645000	0.0057407897	9136.224	-0.01209618	-2784.9985	16.026112	0.39098418	1480.4374330043793
129	4567.833	70.076385	4669.13	4451.002	1000.0	398.21573	35.33961	423.93472	143.67044	650000	0.018944837	9625.1875	-0.013537406	-2927.0498	15.98988	0.41126338	1491.8426151275635
130	4549.877	54.885	4629.249	4463.1157	1000.0	403.05765	29.697397	424.30923	268.65607	655000	0.022387618	9027.94	-0.014455892	-2474.671	16.017744	0.40816405	1504.0986802577972
131	4482.7646	23.253912	4509.619	4444.6885	1000.0	396.4237	36.40103	424.80112	178.19652	660000	-0.04696487	8755.312	-0.011115465	-2918.4375	16.037937	0.44265634	1515.4726276397705
132	4536.611	24.631474	4560.5317	4490.802	1000.0	401.5458	32.69063	424.63986	194.20433	665000	0.003572612	8516.39	-0.012699132	-2420.2065	16.110735	0.45499024	1526.7266886234283
133	4528.977	46.723846	4586.8574	4455.8477	1000.0	398.88953	38.11235	424.91943	-29.331871	670000	-0.010130285	9060.618	-0.012231861	-3453.1943	15.9709215	0.3947864	1537.8382050991058
134	4554.9404	29.633892	4604.364	4515.105	1000.0	400.3711	36.244884	425.84732	183.91144	675000	-0.08507964	9386.83	-0.010374643	-2623.475	15.988452	0.41722384	1549.7234590053558
135	4530.875	40.30385	4566.5947	4455.4204	1000.0	409.45935	26.740702	425.92642	228.53673	680000	0.0793883	8707.655	-0.009693764	-2074.6582	16.077272	0.45176098	1561.0764207839966
136	4529.13	15.146628	4542.3623	4499.608	1000.0	406.09268	30.108692	425.61243	55.052147	685000	-0.035329286	8713.863	-0.0122628845	-2162.4243	16.04709	0.37590352	1572.472734928131
137	4517.2065	29.031507	4545.7886	4464.1387	1000.0	394.9604	39.14141	425.37335	-9.230129	690000	-0.056792613	9605.637	-0.012012463	-3751.1382	15.9624405	0.37779015	1583.6238617897034
138	4539.8716	42.675434	4581.0576	4487.685	1000.0	408.44046	28.302977	426.31778	153.60303	695000	-0.04600912	8934.677	-0.012303479	-2289.726	16.058771	0.4234932	1594.8420686721802
139	4502.247	23.661278	4544.33	4479.1006	1000.0	395.91876	39.16916	427.18805	117.19326	700000	-0.0049484987	9095.191	-0.012169506	-2869.1475	16.00063	0.39868447	1606.2804310321808
140	4558.3447	104.52931	4729.312	4434.284	1000.0	392.95816	42.769577	426.6895	-81.97861	705000	-0.097932726	9512.93	-0.011298306	-3599.5435	16.073788	0.46881816	1618.5654470920563
141	4554.8105	49.347443	4636.052	4501.504	1000.0	403.1915	33.721394	427.7314	152.96254	710000	-0.04988674	9355.481	-0.012946866	-2500.3809	15.902544	0.3469713	1629.860515832901
142	4539.1147	21.009865	4559.659	4499.147	1000.0	407.3098	26.594982	427.4955	-84.11674	715000	-0.029750684	8688.178	-0.011839012	-1769.1079	15.962631	0.41319028	1641.0520915985107
143	4566.2266	56.390446	4652.677	4491.9756	1000.0	402.34326	30.748474	427.20145	231.27751	720000	-0.09491688	9282.949	-0.0116229355	-2531.1948	16.080973	0.38630518	1652.75226354599
144	4563.399	40.35625	4617.9224	4501.617	1000.0	405.09625	29.62347	427.92114	185.18765	725000	0.029660475	8743.594	-0.010264736	-2079.1255	15.93806	0.42096967	1663.5497798919678
145	4534.579	50.524822	4607.118	4452.7036	1000.0	403.1795	31.541368	428.47455	255.95361	730000	0.06810906	9042.658	-0.011476647	-2186.935	15.949765	0.35434628	1674.5087826251984
146	4548.6216	48.37517	4640.5684	4500.4175	1000.0	402.89417	31.341585	428.08423	-238.44016	735000	-0.047158733	9200.908	-0.011420198	-2279.6523	16.039383	0.39412892	1685.5781009197235
147	4500.017	40.239933	4577.1743	4469.8213	1000.0	405.8705	26.89021	428.0997	150.13766	740000	0.009376314	8219.407	-0.010002914	-1951.8779	16.01263	0.45091024	1696.5759644508362
148	4579.173	40.991447	4656.554	4544.275	1000.0	397.58554	32.47867	428.0069	190.49324	745000	0.0059663453	9458.486	-0.011478833	-2678.776	15.974697	0.37852237	1707.1790146827698
149	4505.801	49.169468	4537.5845	4408.3076	1000.0	403.64706	30.266512	429.21902	229.9476	750000	0.0005861084	8960.383	-0.014064337	-2268.7925	16.08883	0.47505072	1718.0043370723724
150	4544.8174	49.5888	4637.627	4493.9756	1000.0	401.07755	29.72822	428.24344	236.19153	755000	-0.012755079	8972.677	-0.011506444	-2336.9766	16.02014	0.4250543	1729.9744884967804
151	4559.4385	65.045425	4664.0884	4474.2344	1000.0	402.50812	30.055695	429.2054	242.63101	760000	0.030619372	9179.854	-0.0105388295	-2422.6616	15.953094	0.43180215	1740.7075338363647
152	4503.382	27.101982	4538.8843	4471.9526	1000.0	404.77658	28.573278	429.0904	226.86575	765000	-0.041515462	8838.232	-0.013298575	-2150.9604	16.057272	0.40949097	1751.2783434391022
153	4505.415	49.629105	4573.865	4432.206	1000.0	400.99332	30.718567	428.9048	163.25778	770000	-0.07974946	8520.843	-0.012643024	-2281.87	16.104332	0.47074804	1762.175586938858
154	4525.3804	27.712341	4561.852	4477.2944	1000.0	401.4546	30.364195	429.20444	273.6476	775000	0.088758804	8916.728	-0.014174841	-2454.7212	16.117125	0.45911476	1772.9738376140594
155	4546.7783	37.04866	4616.3105	4504.8193	1000.0	401.0814	31.801	428.92975	232.92145	780000	0.012937854	9352.841	-0.011884888	-2632.1968	16.075226	0.4191667	1783.4554188251495
156	4519.5796	51.30313	4600.5728	4450.798	1000.0	400.49106	32.153107	429.3471	197.13884	785000	0.022430638	8732.184	-0.0130239865	-2620.6626	15.949388	0.39387754	1794.4249789714813
157	4532.742	11.165364	4547.994	4519.2695	1000.0	398.9441	31.930647	430.44687	213.59033	790000	-0.044129644	9394.176	-0.012376007	-2456.4292	15.926128	0.452325	1805.443407535553
158	4525.5205	42.383686	4604.7666	4492.819	1000.0	399.32745	31.425255	429.93304	242.40483	795000	-0.009785535	8777.178	-0.0107746795	-2305.3115	16.005474	0.39063057	1816.3255624771118
159	4509.9033	65.27155	4555.7393	4381.654	1000.0	403.96033	30.436472	430.7198	225.01125	800000	0.00092718506	8882.539	-0.011425781	-2516.4897	15.990717	0.4163487	1826.869871377945
160	4530.413	36.13311	4572.301	4470.4785	1000.0	402.43234	30.725243	430.31744	207.36095	805000	-0.03420709	8599.08	-0.011157919	-2089.648	16.094238	0.44051942	1838.7313327789307
161	4529.5967	61.29802	4583.077	4414.646	1000.0	399.86465	33.74789	429.56897	211.4089	810000	0.01543526	9021.719	-0.009511432	-2673.4004	16.015581	0.43609825	1849.668898820877
162	4563.044	44.05285	4640.3867	4507.2227	1000.0	400.17386	31.574074	429.98776	154.25282	815000	0.14978728	9177.325	-0.011878967	-2439.061	16.065647	0.45811993	1860.844729423523
163	4505.764	64.450775	4611.437	4409.58	1000.0	402.7428	30.329807	431.39078	235.98386	820000	0.012262506	8875.091	-0.012525788	-2324.1704	15.977191	0.43248662	1871.5957057476044
164	4526.5923	33.613777	4572.459	4475.2896	1000.0	404.27884	30.606533	431.58688	217.9001	825000	0.05277556	8439.797	-0.010079227	-2288.2607	16.015272	0.46753374	1882.252811908722
165	4521.9688	87.80054	4647.292	4372.6304	1000.0	396.1392	35.394833	432.09286	199.712	830000	0.07916103	9413.997	-0.011237405	-2932.0186	16.17391	0.48661295	1893.2852094173431
166	4537.4062	67.49938	4619.843	4468.5234	1000.0	403.0799	32.024944	432.40732	184.12393	835000	-0.0008627457	9191.011	-0.012980368	-2467.4277	16.09295	0.44612554	1904.025822877884
167	4485.5635	76.2096	4594.8257	4394.101	1000.0	400.9967	33.068184	432.68848	171.83644	840000	0.07243598	8843.142	-0.013117794	-2860.5166	15.999778	0.39901784	1914.6964123249054
168	4552.597	56.878765	4618.08	4460.047	1000.0	402.92926	30.752232	431.72943	207.94943	845000	0.0040031006	8773.241	-0.012762208	-2239.775	16.0246	0.41836807	1925.6115357875824
169	4514.3843	67.42157	4564.2446	4382.13	1000.0	400.5362	33.644264	431.8785	181.6633	850000	0.014923621	8952.398	-0.012310697	-2449.9233	15.999168	0.42470053	1936.521716594696
170	4540.155	34.743137	4579.5693	4483.027	1000.0	406.37054	27.752014	430.4036	195.87093	855000	-0.029192856	8958.595	-0.010614825	-1727.8589	16.030579	0.41364253	1947.9999096393585
171	4543.4033	30.73386	4588.568	4516.2363	1000.0	401.87125	28.875788	429.571	243.76793	860000	0.035332203	8793.747	-0.011196369	-2110.996	16.008228	0.4617629	1959.0003757476807
172	4604.8853	39.342247	4673.962	4562.5903	1000.0	406.1161	26.676725	430.44778	221.79114	865000	-0.03457046	9005.848	-0.01156313	-1880.8003	15.977965	0.38942868	1969.8641028404236
173	4529.9756	22.234777	4566.173	4500.1934	1000.0	407.27426	28.299194	431.0103	211.74652	870000	-0.09538528	8441.067	-0.010792173	-2078.583	15.981763	0.44004032	1980.6251726150513
174	4536.413	48.547405	4607.5527	4476.7837	1000.0	398.23456	32.390663	431.80426	178.77977	875000	0.037236482	8798.269	-0.013447318	-2474.1196	16.028057	0.4225513	1991.324146270752
175	4545.3447	29.12265	4589.7886	4505.047	1000.0	407.72186	28.990946	432.75238	239.22916	880000	-0.013512268	9110.679	-0.012344166	-2142.5293	16.084505	0.44338104	2002.1516675949097
176	4557.5625	27.803442	4605.0386	4527.3296	1000.0	398.21344	35.035717	432.02048	193.23442	885000	-0.005908072	9322.491	-0.011800693	-2598.9375	15.95785	0.39445394	2013.0097432136536
177	4477.5684	46.399364	4548.066	4432.533	1000.0	400.8249	33.02137	432.76575	215.4984	890000	-0.013152087	8623.589	-0.009354919	-2479.4092	15.996755	0.43303424	2023.5048491954803
178	4552.5767	52.51799	4628.593	4463.511	1000.0	398.9161	32.29443	432.04526	254.81111	895000	0.03952294	8946.213	-0.011768099	-2284.5137	15.954723	0.3940657	2034.4007308483124
179	4512.699	58.011856	4617.4546	4438.8164	1000.0	404.27435	32.206406	432.0871	195.18617	900000	0.05026537	9122.369	-0.012708195	-2447.124	16.015062	0.38812184	2045.28777384758
180	4549.628	24.8981	4573.9194	4505.7666	1000.0	403.9254	28.821724	431.61194	260.19785	905000	0.061300818	9237.616	-0.011419676	-2219.6675	15.963559	0.3887482	2056.9987649917603
181	4510.34	81.3979	4598.8325	4367.413	1000.0	402.7901	29.467178	431.55008	228.79579	910000	0.029198391	8261.405	-0.010210574	-2024.2979	16.0152	0.44087344	2067.546905040741
182	4527.092	29.198961	4561.6294	4489.6367	1000.0	404.7269	30.422022	431.76862	220.36722	915000	-0.077029295	8697.726	-0.01507996	-2206.4824	16.023256	0.41562057	2078.3582577705383
183	4519.45	36.439716	4581.4155	4478.509	1000.0	401.36484	33.03497	432.5895	66.3751	920000	-0.07188263	8908.792	-0.010409124	-2195.6294	16.132725	0.41780585	2089.0311181545258
184	4528.8984	30.734932	4574.0156	4490.5767	1000.0	407.03656	25.659618	430.9007	240.16862	925000	0.008903668	8799.549	-0.011540363	-1736.4927	16.028835	0.4692663	2099.77818107605
185	4503.156	38.69934	4526.959	4425.97	1000.0	399.7643	30.151913	430.97925	211.71458	930000	-0.08013199	8929.312	-0.014167346	-2181.5435	16.047703	0.4767524	2110.578165769577
186	4530.919	43.005356	4600.175	4465.7173	1000.0	403.0301	26.856369	431.0661	168.98769	935000	0.0037062257	8579.781	-0.0116684325	-1717.4419	15.936763	0.36878872	2121.4799058437347
187	4528.7417	27.382408	4557.7905	4484.4487	1000.0	406.40384	24.608772	430.6966	245.86856	940000	0.015853185	8430.658	-0.011373913	-1504.7808	16.059057	0.40897036	2132.5835523605347
188	4547.2124	37.31241	4589.674	4483.659	1000.0	403.35056	26.020771	429.64935	226.4742	945000	-0.0663917	8557.171	-0.011856213	-1707.042	16.088242	0.47663334	2143.1625277996063
189	4577.066	26.057844	4608.1953	4532.045	1000.0	407.1355	26.2584	429.61774	34.50831	950000	0.019103687	9004.547	-0.012423718	-1623.9331	15.968723	0.37862673	2154.0224602222443
190	4504.336	52.93966	4576.1646	4412.7563	1000.0	407.4969	24.68157	430.49268	252.08804	955000	-0.031948145	8295.953	-0.01122088	-1454.8477	15.9915905	0.39234418	2166.2385551929474
191	4539.764	27.044691	4566.7837	4490.932	1000.0	404.83322	23.418533	429.37567	277.15646	960000	-0.03790349	8538.98	-0.013202265	-1412.2471	16.040884	0.43110362	2177.451838493347
192	4528.524	42.0746	4566.4326	4451.663	1000.0	406.9957	23.808044	428.73077	284.20673	965000	-0.116628885	8464.887	-0.011197478	-1482.7026	16.064753	0.4291292	2187.991681575775
193	4503.385	42.54915	4583.9897	4464.8765	1000.0	402.07465	23.71397	428.34384	258.8208	970000	-0.044571027	8134.2417	-0.008426838	-1620.9668	16.04471	0.41602793	2198.989188671112
194	4555.051	26.661446	4599.371	4524.7686	1000.0	404.45654	23.716446	428.4874	268.0811	975000	-0.035781547	8484.589	-0.011509836	-1509.2866	16.085625	0.49279296	2210.263988494873
195	4498.316	46.691475	4572.101	4443.988	1000.0	406.9826	23.47998	430.45596	277.92886	980000	-0.015891718	8370.251	-0.013893841	-1458.8799	16.039038	0.42468715	2221.034544467926
196	4562.1704	111.022255	4746.9917	4439.235	1000.0	399.4909	27.012737	428.9373	234.31808	985000	-0.013706659	9077.256	-0.013260699	-2076.5908	15.960377	0.37807417	2231.6069169044495
197	4539.633	41.647255	4586.1377	4474.1167	1000.0	404.66907	25.112253	431.5014	216.09186	990000	-0.046571806	8417.953	-0.012150057	-1584.2949	16.026619	0.43779027	2242.524020433426
198	4507.4585	54.940536	4590.309	4417.837	1000.0	405.22266	26.803959	432.4124	220.64444	995000	0.029163422	8472.549	-0.015440668	-1732.7856	16.048275	0.44144535	2253.370027780533
199	4515.7944	58.618523	4593.785	4461.3066	1000.0	402.17303	24.288673	432.41306	223.77138	1000000	0.06938441	8362.646	-0.010292072	-1768.2583	16.037209	0.39273942	2264.273713827133
200	4543.5957	51.78731	4594.27	4471.5044	1000.0	400.8297	30.125471	432.95264	175.19017	1005000	-0.028418604	9027.09	-0.012286883	-1944.2437	16.082403	0.48082948	2276.007420063019
201	4534.1357	20.431427	4564.1533	4509.771	1000.0	405.85016	27.5758	434.14624	135.53513	1010000	-0.04535979	8208.709	-0.013283618	-1983.4116	16.050776	0.4471961	2287.0001559257507
202	4517.6377	34.567307	4558.4097	4456.8584	1000.0	403.50903	32.40073	434.56577	193.37666	1015000	0.115410544	8665.556	-0.011985742	-2582.3237	15.912503	0.35854036	2298.132333278656
203	4530.431	46.80747	4591.7827	4461.5557	1000.0	393.87756	44.268192	435.09457	123.53171	1020000	0.038805366	10236.171	-0.014100043	-3455.7734	16.049376	0.40161747	2308.6207320690155
204	4543.942	16.404812	4566.3755	4527.328	1000.0	407.2664	23.878881	433.54318	255.69768	1025000	0.066138744	8598.14	-0.011327378	-1471.7827	16.022715	0.43448746	2319.860608100891
205	4502.3193	42.72594	4554.649	4456.2065	1000.0	405.25076	24.701784	433.70557	281.09653	1030000	0.034081824	8324.83	-0.012233682	-1684.8374	16.105518	0.4793744	2330.7202475070953
206	4501.5596	43.701763	4555.5913	4447.3745	1000.0	404.2907	25.192015	432.62436	221.34807	1035000	-0.09674518	7802.996	-0.009488441	-1387.7383	15.992077	0.46021825	2341.5515484809875
207	4553.5967	34.659714	4597.228	4494.634	1000.0	403.0151	25.65201	431.373	267.79474	1040000	0.11358543	8819.488	-0.012673728	-2025.5137	16.019981	0.45226514	2352.3740401268005
208	4511.324	31.136362	4559.393	4471.517	1000.0	406.6587	26.272352	432.72824	257.51276	1045000	0.09106659	8589.217	-0.013758332	-1466.8862	16.041742	0.44476768	2363.42414355278
209	4521.7295	17.86994	4539.1094	4488.7065	1000.0	403.0389	27.358727	431.11407	200.72664	1050000	0.10245795	8665.157	-0.015806116	-1701.3638	16.124872	0.46667635	2374.7722158432007
210	4491.4404	52.7838	4562.24	4422.098	1000.0	401.43246	26.402477	430.6076	267.4337	1055000	-0.0012257141	8844.136	-0.011984909	-1758.19	15.977409	0.45992172	2386.8372194767
211	4531.913	13.93175	4554.447	4514.1177	1000.0	404.88336	21.69719	430.3474	251.03947	1060000	0.0061650146	8704.24	-0.011177331	-1380.082	16.04242	0.42322314	2397.8471550941467
212	4503.389	57.96312	4580.414	4408.209	1000.0	403.63126	24.13309	430.78796	146.58252	1065000	0.023853814	8459.559	-0.013251193	-1527.437	15.964858	0.38838863	2408.7726497650146
213	4529.3853	45.230343	4580.2603	4454.2197	1000.0	403.1096	22.53127	430.4996	276.70282	1070000	0.08832138	8264.349	-0.010955952	-1633.0659	15.97055	0.40262482	2419.852222919464
214	4530.2656	38.02365	4575.7773	4468.136	1000.0	403.8232	27.727245	433.28494	266.44937	1075000	-0.03919358	8865.332	-0.012449358	-1879.3911	15.983169	0.40516552	2430.76171708107
215	4517.0483	24.347525	4548.9683	4481.7524	1000.0	405.9195	27.057344	435.70468	243.06915	1080000	0.021485876	8628.795	-0.011618707	-1594.4204	15.97675	0.3500852	2441.458713054657
216	4499.4424	45.37979	4577.117	4435.921	1000.0	404.0124	26.136072	436.49066	265.3737	1085000	0.015109827	8260.906	-0.013854794	-1751.5239	16.13554	0.4893814	2452.6577248573303
217	4596.4326	39.279835	4649.2046	4553.096	1000.0	400.5457	30.95195	435.20758	84.05336	1090000	0.010576851	9808.67	-0.01253159	-2491.8267	16.080706	0.44676825	2463.825356245041
218	4539.8696	54.10179	4624.518	4466.202	1000.0	407.54227	26.336006	436.59296	235.54247	1095000	-0.07698367	8623.486	-0.014884837	-2133.227	16.005053	0.4545379	2474.847060441971
219	4541.639	37.790066	4600.3613	4492.3203	1000.0	407.88663	27.398966	438.11285	223.40129	1100000	0.011086829	8388.843	-0.012512226	-1983.0249	16.087679	0.47627306	2486.295427799225
220	4560.426	44.842964	4606.2153	4478.9697	1000.0	409.3729	27.177	436.7386	236.37328	1105000	-0.092059255	8714.226	-0.010770507	-1701.9233	15.9631405	0.3831498	2498.372260093689
221	4502.618	73.895676	4629.219	4423.018	1000.0	405.98944	27.225067	434.84686	142.37338	1110000	0.012711731	8644.296	-0.01019006	-1939.6045	16.063862	0.43853837	2508.9890887737274
222	4521.013	84.57162	4632.577	4384.501	1000.0	399.25394	31.82288	434.33282	201.76585	1115000	-0.0008419434	9204.498	-0.013767474	-2131.8853	16.044489	0.4532417	2520.0281398296356
223	4533.736	66.23778	4608.0767	4454.821	1000.0	405.71475	24.299843	433.70294	230.02531	1120000	-0.006768384	8743.28	-0.0122156	-1609.9229	16.08952	0.48805702	2530.8447921276093
224	4566.24	26.545345	4599.445	4523.3228	1000.0	405.27386	23.734543	433.8629	239.69414	1125000	0.011442899	8984.726	-0.010275546	-1479.5142	15.981147	0.43143037	2542.2150473594666
225	4591.6543	46.208126	4674.703	4543.46	1000.0	406.42932	21.754467	435.22943	291.91473	1130000	0.069823876	8465.067	-0.010612037	-1256.9761	16.004591	0.42101124	2552.9791407585144
226	4523.371	47.166134	4577.473	4437.468	1000.0	411.0247	22.328243	437.40088	288.9838	1135000	0.055380914	8516.566	-0.01177796	-1506.3975	16.087261	0.45764825	2563.6346049308777
227	4516.7515	51.31901	4578.2627	4435.439	1000.0	406.31973	25.422438	435.8635	215.12982	1140000	-0.053766485	8164.7056	-0.01043478	-1685.0464	16.079227	0.44030714	2574.4560289382935
228	4551.5107	31.137268	4571.0537	4489.658	1000.0	408.0208	23.891571	435.32938	292.73468	1145000	0.04075792	8657.345	-0.011583693	-1308.8872	16.101051	0.45935303	2585.357317209244
229	4535.966	32.613407	4587.4565	4508.779	1000.0	405.90088	24.995914	434.45572	277.27957	1150000	0.046850592	8960.816	-0.014672868	-1451.1426	16.067865	0.46495128	2596.0155868530273
230	4517.6924	42.36681	4577.7246	4448.21	1000.0	405.59714	21.352324	434.83054	271.73117	1155000	0.004157074	8351.341	-0.0120285945	-1466.6816	15.977867	0.38964576	2607.7212822437286
231	4543.5977	25.800388	4572.3857	4496.544	1000.0	406.3137	21.489195	436.3661	227.95262	1160000	-0.035910577	8769.422	-0.0098342225	-1232.0493	16.07959	0.41424072	2618.5674121379852
232	4528.6074	77.06428	4675.9453	4456.75	1000.0	408.62228	20.753649	434.52762	201.65724	1165000	0.019586023	8881.237	-0.012858243	-1261.3975	16.067081	0.41141024	2629.359138250351
233	4544.5376	29.578392	4601.608	4518.719	1000.0	405.3883	22.892586	434.44672	121.339714	1170000	0.021427833	8473.489	-0.0102704195	-1369.6909	16.01423	0.44817588	2640.154716014862
234	4489.185	36.37543	4522.82	4420.4175	1000.0	407.37122	22.516705	436.14957	250.75694	1175000	0.02890072	8195.789	-0.0106041655	-1614.4849	15.966009	0.44620606	2650.98814535141
235	4578.0337	58.131306	4692.981	4536.508	1000.0	396.47925	32.27598	437.5605	208.91928	1180000	-0.020112878	8925.777	-0.014267573	-2521.9858	16.15027	0.440788	2661.917058467865
236	4572.3057	63.27219	4626.542	4454.443	1000.0	407.67035	30.990444	441.25616	94.384384	1185000	0.050529893	8973.629	-0.013865635	-2169.2715	15.945189	0.4030082	2673.0856380462646
237	4548.3916	44.912384	4615.8193	4479.969	1000.0	406.9837	29.043774	439.93723	112.46353	1190000	-0.04235314	9296.083	-0.01247412	-2165.287	16.053156	0.44516656	2683.8950991630554
238	4529.9204	63.35756	4641.8447	4453.6543	1000.0	403.03925	26.243137	440.72446	190.77313	1195000	0.06477979	8225.788	-0.011677556	-1649.772	16.039923	0.41704985	2694.6929819583893
239	4517.6533	61.473022	4555.8	4394.9507	1000.0	408.4337	26.63251	441.5936	216.53838	1200000	0.00013787842	8324.062	-0.010863703	-1529.6616	16.030197	0.42800444	2705.6152954101562
240	4540.5015	32.9938	4596.4087	4508.5586	1000.0	408.4142	25.74177	439.07776	296.7607	1205000	-0.03970439	9013.138	-0.011623435	-1682.3887	16.075415	0.48884287	2717.694458246231
241	4546.179	18.273098	4579.4834	4526.133	1000.0	407.87305	25.05815	436.06393	218.88249	1210000	-0.0016726898	8459.483	-0.01058753	-1504.9624	16.095785	0.4868421	2728.4514741897583
242	4559.742	61.335308	4650.109	4472.1694	1000.0	406.83484	25.40005	435.10175	241.99908	1215000	0.07636525	8679.702	-0.011413991	-1787.3867	15.963688	0.38306186	2739.4752764701843
243	4508.2705	49.52731	4563.6025	4424.8027	1000.0	406.11426	27.095823	437.86673	259.52176	1220000	0.02403534	8523.729	-0.010864075	-1525.935	15.99205	0.39659598	2750.4229538440704
244	4536.5303	31.161411	4578.1226	4494.8447	1000.0	400.70258	26.335485	437.05838	260.31683	1225000	0.06593643	8436.716	-0.0118799545	-1679.4663	16.095518	0.5062858	2760.9834797382355
245	4517.368	39.26214	4559.7793	4467.6167	1000.0	402.8486	28.319016	436.3827	217.32982	1230000	0.03506226	8212.82	-0.012075383	-1851.8994	16.002443	0.41402334	2771.5697729587555
246	4508.5845	65.452	4580.934	4427.5483	1000.0	406.2247	25.485048	436.21677	244.45361	1235000	-0.06660122	8309.942	-0.010505371	-1563.7773	15.993284	0.38603216	2782.583220243454
247	4566.1714	41.25611	4612.7427	4499.824	1000.0	398.73816	29.223013	436.49606	219.98314	1240000	0.054952476	8826.477	-0.010999814	-1892.8486	16.061626	0.42086416	2794.243220806122
248	4564.9233	23.77764	4605.282	4532.095	1000.0	406.89847	24.934658	438.1149	268.4732	1245000	-0.002661499	8679.324	-0.015116022	-1639.2891	15.9559145	0.40823215	2804.956586122513
249	4525.482	36.633774	4591.0723	4481.3364	1000.0	410.87476	26.20685	439.6279	236.81725	1250000	0.055543073	8169.5137	-0.013712209	-1618.3999	16.00518	0.42449424	2815.8329515457153
250	4534.462	25.600319	4566.403	4501.9087	1000.0	407.73126	23.635197	439.43002	288.60815	1255000	-0.06276644	8583.883	-0.011750013	-1248.8252	16.015135	0.40347216	2827.924173116684
251	4516.853	51.718235	4579.3804	4430.3794	1000.0	401.80453	26.895224	439.25812	150.98746	1260000	0.11284187	8434.053	-0.010664038	-1951.5298	16.139666	0.46468067	2838.753789663315
252	4557.8076	77.26287	4708.3765	4494.228	1000.0	406.8873	26.82334	440.3196	254.47104	1265000	0.04240318	8796.661	-0.013610095	-1675.3252	16.008772	0.4368193	2849.5214178562164
253	4492.748	39.6461	4568.109	4458.434	1000.0	407.43564	24.125458	438.61142	257.421	1270000	0.034147035	8681.047	-0.010923924	-1742.3999	16.040432	0.43109152	2860.4797780513763
254	4556.0005	46.79463	4635.452	4510.245	1000.0	399.43716	30.558533	438.1781	197.28004	1275000	0.024307648	8878.281	-0.011194468	-1987.043	15.942035	0.3440477	2871.3899102211
255	4564.4	55.51064	4620.4844	4459.859	1000.0	408.66156	26.196144	440.29813	268.12793	1280000	-0.009239477	8830.607	-0.0139981145	-1516.6665	16.033962	0.44639394	2882.3274908065796
256	4519.0186	47.49715	4604.22	4468.1123	1000.0	409.95523	24.378773	440.2604	281.82153	1285000	-0.036460817	8503.738	-0.009484351	-1534.0576	16.042576	0.41734892	2892.944270849228
257	4539.735	68.53576	4629.174	4472.4253	1000.0	397.44748	29.847963	441.34723	224.60489	1290000	-0.082201846	8560.589	-0.011539973	-2204.7178	16.021255	0.37708232	2903.937839746475
258	4538.173	74.58042	4665.2	4461.896	1000.0	410.29895	25.503878	439.92917	279.62555	1295000	0.03199242	8558.893	-0.012394166	-1650.2109	16.150415	0.5118683	2915.1325509548187
259	4582.0635	35.698364	4627.1904	4541.1094	1000.0	408.48795	26.294064	439.42172	257.79724	1300000	0.072632365	8611.192	-0.010960318	-1746.1797	16.054613	0.4428252	2926.2966532707214
260	4504.179	58.934036	4598.6978	4414.1924	1000.0	406.96454	26.554886	440.07224	212.19336	1305000	-0.027597059	8470.24	-0.013921928	-1707.4243	16.103937	0.45861617	2938.4130640029907
261	4513.4927	43.47034	4550.439	4429.71	1000.0	405.50015	22.696903	439.4475	293.6752	1310000	0.021982366	8346.643	-0.010288314	-1344.5083	15.955692	0.33951274	2949.1506884098053
262	4509.167	44.756245	4572.739	4465.7144	1000.0	402.37192	28.303673	440.15054	168.79196	1315000	0.06517321	7931.965	-0.012291014	-1792.377	16.108665	0.42319566	2959.900934934616
263	4512.695	29.474924	4555.5444	4480.936	1000.0	396.04807	43.8532	441.23517	111.45011	1320000	-0.009562177	9585.834	-0.012372979	-2965.1167	16.14951	0.46368378	2970.586577653885
264	4526.936	53.608593	4570.4316	4421.5024	1000.0	407.51523	21.75393	439.2204	156.73755	1325000	0.06566776	8626.807	-0.010365345	-1377.7891	16.016941	0.4057837	2981.295311689377
265	4499.064	45.202717	4563.5757	4427.7	1000.0	406.2155	23.484201	438.89066	207.30495	1330000	-0.001639563	7854.069	-0.010733585	-1622.4751	16.06294	0.4453047	2992.0174612998962
266	4508.8115	73.91627	4639.084	4409.5884	1000.0	401.0251	31.094189	439.87064	183.32193	1335000	0.1129002	8561.972	-0.012037955	-1813.874	16.097462	0.47216758	3002.777089357376
267	4501.5493	27.760176	4538.831	4466.7393	1000.0	407.3558	27.938545	439.45538	113.62723	1340000	-0.08791368	8533.143	-0.009998947	-1590.5928	16.064701	0.4874748	3013.8187124729156
268	4531.997	78.083786	4627.6973	4432.5415	1000.0	400.5565	23.261717	438.6741	199.07765	1345000	-0.020948516	8719.178	-0.01231203	-1488.9844	16.1005	0.4633047	3024.6794004440308
269	4534.175	59.63446	4594.818	4425.947	1000.0	407.01843	22.94217	439.04395	263.9633	1350000	0.009542392	8832.788	-0.013036511	-1606.1606	16.044384	0.4100468	3035.4627027511597
270	4543.317	31.758951	4572.646	4484.1567	1000.0	407.2818	24.50672	438.72235	269.06836	1355000	0.025858078	8613.086	-0.012994317	-1386.209	16.026213	0.42823023	3047.788985967636
271	4528.4985	31.455326	4562.795	4478.4126	1000.0	406.3451	20.909658	437.666	195.89374	1360000	0.039156508	8296.365	-0.013922449	-1350.4653	16.048285	0.48877704	3058.4242765903473
272	4521.368	42.55073	4578.4595	4463.699	1000.0	405.20905	24.29904	437.5501	197.54565	1365000	0.115930356	8600.579	-0.013901159	-1431.6797	16.013472	0.45098844	3069.325125694275
273	4524.6626	46.467598	4578.871	4467.963	1000.0	404.50964	23.918142	438.59	243.42885	1370000	0.015700353	8976.689	-0.011237793	-1433.4272	16.112509	0.42408106	3080.4780786037445
274	4541.7515	69.680084	4603.3955	4411.0464	1000.0	407.615	20.992287	440.00452	234.80638	1375000	-0.015533282	8621.293	-0.014006943	-1305.1426	16.132921	0.4314654	3091.286922931671
275	4548.777	58.407066	4652.251	4485.4194	1000.0	405.10446	21.843319	440.7539	244.48135	1380000	-0.0025503295	8262.896	-0.011263043	-1143.0806	16.124056	0.4609085	3103.218368291855
276	4536.665	68.70848	4600.5996	4419.558	1000.0	409.3726	20.34735	440.96616	276.52808	1385000	-0.042525545	8319.441	-0.012428477	-1218.0269	16.09538	0.48420078	3114.3230545520782
277	4528.421	24.965822	4554.2417	4495.268	1000.0	409.39954	18.210896	440.0644	299.47003	1390000	0.065428235	8638.962	-0.012074634	-1081.5933	16.02384	0.40175083	3125.444122314453
278	4527.1426	51.671032	4564.774	4424.8535	1000.0	406.8327	19.22209	439.21512	295.57098	1395000	0.041257042	8078.3857	-0.010340953	-1176.6499	16.147463	0.46729097	3136.18305850029
279	4531.0435	53.497643	4628.1597	4484.315	1000.0	408.4015	21.17708	438.60016	213.26913	1400000	-0.011772067	8252.093	-0.0108242715	-1107.7104	16.12243	0.51053214	3146.7139315605164
280	4551.9556	29.769608	4581.167	4494.9907	1000.0	403.8828	22.406391	437.639	286.15488	1405000	-0.022856519	8670.2	-0.011483844	-1350.124	16.053396	0.41181967	3158.8801662921906
281	4526.9824	36.233517	4597.337	4498.1763	1000.0	404.82242	23.916725	436.1041	237.33853	1410000	-0.01687805	8013.109	-0.013254678	-1604.1152	16.031662	0.42612094	3169.9281980991364
282	4496.8433	24.89499	4537.5166	4459.642	1000.0	407.07254	23.746847	436.10214	267.95547	1415000	-0.024574036	8204.626	-0.015288176	-1319.8726	16.068094	0.42513564	3180.7215740680695
283	4481.3022	49.475418	4547.8643	4397.8623	1000.0	399.94235	27.45052	434.977	196.16	1420000	-0.011435394	8087.688	-0.013063152	-1763.8418	16.030321	0.40607575	3191.420634031296
284	4509.9097	48.13991	4567.7036	4445.166	1000.0	400.3787	31.545383	437.89432	185.90707	1425000	-0.00045991974	8241.352	-0.01195332	-1720.0938	16.07173	0.4801832	3202.207175254822
285	4504.8296	36.061462	4549.8247	4446.873	1000.0	408.7072	24.977455	440.5913	127.20767	1430000	-0.016266877	8800.832	-0.011437127	-1474.2002	16.056328	0.49028486	3213.1779992580414
286	4553.607	45.84421	4626.262	4482.8613	1000.0	400.82452	27.213459	437.23404	269.73306	1435000	-0.097597584	8606.383	-0.01217401	-1737.7725	16.121288	0.42120966	3224.08748960495
287	4506.449	68.72841	4612.0347	4423.6675	1000.0	408.88388	28.509338	439.2876	236.91338	1440000	0.0051237885	8006.085	-0.01232164	-1728.3755	16.041744	0.44272745	3234.7568051815033
288	4514.154	70.17409	4613.9956	4421.4365	1000.0	406.99515	26.91295	440.49747	260.90225	1445000	-0.04124103	8101.861	-0.012634046	-1491.584	16.023243	0.45880157	3245.896565914154
289	4517.14	73.91997	4590.8545	4397.424	1000.0	397.01483	32.963585	440.65875	216.0584	1450000	0.069231495	8597.246	-0.013653468	-1997.7812	16.026958	0.462771	3256.890481233597
290	4487.5967	31.310444	4525.997	4447.353	1000.0	406.7158	29.086956	440.23856	257.01498	1455000	0.024313543	8818.135	-0.01122871	-1548.3379	16.113995	0.5181248	3268.9333548545837
291	4525.408	21.423069	4547.0444	4485.3096	1000.0	408.7885	21.216007	437.22977	261.12332	1460000	-0.066327855	8585.469	-0.012729004	-1145.6592	16.090918	0.430566	3279.68713927269
292	4514.7866	53.06991	4594.413	4455.077	1000.0	405.0574	23.491594	434.81448	267.9818	1465000	0.087217495	8540.399	-0.010932282	-1310.1064	16.053963	0.430745	3290.973064184189
293	4558.2383	40.125908	4624.4307	4509.684	1000.0	405.0709	24.028358	435.2482	199.7529	1470000	0.06307789	8359.753	-0.012376621	-1426.5962	16.119646	0.4616882	3302.144377231598
294	4561.784	75.732704	4652.3853	4454.428	1000.0	402.34695	29.849697	437.65408	240.41008	1475000	0.020868517	8841.817	-0.011654785	-1717.7056	16.020016	0.39089507	3313.2642905712128
295	4543.427	27.348446	4581.053	4503.334	1000.0	406.12155	27.469952	439.5384	146.17305	1480000	-0.019566657	8583.666	-0.00882254	-1745.6694	16.04713	0.4026584	3324.277104139328
296	4493.4033	16.798729	4511.678	4464.078	1000.0	405.59283	26.05632	440.3324	262.21	1485000	0.00026556395	7863.2656	-0.011738976	-1526.0376	16.03259	0.37898716	3335.113833665848
297	4532.221	78.9356	4667.875	4463.296	1000.0	409.2532	22.670666	438.45883	117.42354	1490000	0.013532141	8610.022	-0.013808136	-1180.273	16.139416	0.44890234	3345.899345397949
298	4566.116	83.21575	4710.8755	4469.082	1000.0	408.8056	21.01894	437.04504	244.37608	1495000	0.05402268	8297.862	-0.0139355585	-1121.2368	16.078032	0.4774554	3356.379168987274
299	4539.0923	78.46097	4688.0234	4459.9478	1000.0	408.08127	22.16592	438.03278	276.41302	1500000	-0.12376868	8280.899	-0.012121774	-1220.3203	16.108715	0.39116114	3367.2702667713165
300	4561.2725	94.956726	4721.51	4452.78	1000.0	409.2019	22.750378	437.35565	257.49814	1505000	-0.03022835	8943.05	-0.011648089	-1294.6992	16.085913	0.44553348	3379.600601911545
301	4563.8	19.31289	4597.59	4539.375	1000.0	405.63144	24.879217	440.4731	267.7055	1510000	0.084516354	8776.699	-0.012131736	-1185.1592	16.06473	0.46477294	3390.3767755031586
302	4535.2686	69.28345	4614.4478	4452.445	1000.0	409.99606	20.462908	439.05978	244.11711	1515000	0.012463586	8161.1367	-0.014238274	-1116.5161	16.001038	0.40436324	3401.452470779419
303	4532.9097	34.05525	4571.827	4474.2256	1000.0	408.7577	17.381474	438.52493	297.72028	1520000	0.07944311	8247.432	-0.012183502	-844.72705	16.11724	0.46738896	3413.067351102829
304	4560.0303	52.839306	4653.522	4500.147	1000.0	406.6662	20.621998	436.65817	275.1287	1525000	-0.088783436	8433.86	-0.01198478	-985.23	15.983297	0.38845143	3424.114616394043
305	4563.605	53.695057	4652.745	4507.77	1000.0	408.03687	19.841602	436.09094	292.47073	1530000	-0.053219862	8729.322	-0.011776283	-1053.3462	16.041313	0.42794472	3435.018804550171
306	4545.194	61.450645	4634.8745	4465.6616	1000.0	408.70557	17.681631	436.86597	303.8153	1535000	0.0011073151	8389.004	-0.012123849	-1111.2471	16.046844	0.39653215	3445.8037996292114
307	4502.829	56.3593	4564.184	4398.507	1000.0	410.85834	21.379374	438.60324	276.2633	1540000	0.05274817	8295.678	-0.011804942	-1137.9268	16.0866	0.45683974	3456.7397339344025
308	4568.085	27.201761	4596.1084	4522.1484	1000.0	404.50113	22.980785	435.60843	275.97925	1545000	0.0030962524	8344.013	-0.010374509	-1358.2832	16.13013	0.42926583	3467.5329382419586
309	4550.495	46.910465	4635.2593	4490.9907	1000.0	409.1182	21.380169	436.2406	260.84323	1550000	-0.11250515	8925.747	-0.010233946	-1286.1772	16.12334	0.49094942	3478.125744342804
310	4513.2686	61.218456	4583.813	4414.367	1000.0	407.58917	18.65202	434.47034	312.36804	1555000	0.050595094	8092.669	-0.01212351	-1236.6738	16.001347	0.36932394	3490.579343318939
311	4547.898	42.93267	4625.76	4511.517	1000.0	401.8555	26.210266	434.77393	193.62788	1560000	-0.05338916	8936.509	-0.011523597	-1534.4321	16.109177	0.46020156	3501.5598754882812
312	4486.5703	22.768648	4516.573	4466.618	1000.0	411.34116	17.568214	432.807	300.36588	1565000	-0.017780688	8394.757	-0.011407606	-974.5415	16.101395	0.43005392	3512.3923530578613
313	4524.6616	25.165005	4556.8984	4501.7666	1000.0	403.0678	21.155737	431.72128	283.7173	1570000	-0.05084417	8330.6045	-0.012045428	-1139.1196	16.057856	0.3999402	3523.130122423172
314	4516.325	58.205677	4574.6143	4420.6514	1000.0	407.13522	21.015574	431.456	263.684	1575000	-0.03175728	8145.5728	-0.014481474	-1136.708	16.147463	0.47463554	3534.0475385189056
315	4504.032	32.161583	4546.148	4471.1455	1000.0	407.0294	20.661438	429.81982	274.7371	1580000	0.036840405	8446.8	-0.012435596	-1064.731	16.036015	0.3848015	3545.0574185848236
316	4534.295	72.25167	4650.34	4432.319	1000.0	402.68915	21.103218	429.13562	262.4976	1585000	-0.02449896	8582.075	-0.013955949	-1595.9766	16.12168	0.4367203	3555.7417356967926
317	4518.0083	28.471792	4553.766	4493.0166	1000.0	404.53424	25.257072	432.2821	259.91226	1590000	-0.043832764	8446.732	-0.011618957	-1526.5117	16.065384	0.4151817	3566.3581750392914
318	4542.478	32.06453	4590.6665	4505.6597	1000.0	407.3629	22.010353	430.53003	269.90564	1595000	0.028926406	8668.812	-0.010929482	-1128.6323	16.069859	0.44321075	3577.3838119506836
319	4538.8057	52.818672	4625.8267	4493.8076	1000.0	411.36526	17.830093	431.8893	254.97446	1600000	0.04426477	8179.395	-0.011926301	-864.3862	16.03221	0.47466385	3588.358834028244
320	4525.1514	29.940897	4559.3804	4482.8267	1000.0	406.44275	17.578236	431.60376	287.41553	1605000	0.059382252	8311.656	-0.01178012	-1045.9219	16.016916	0.4459919	3600.317641735077
321	4516.4106	44.399166	4589.299	4451.078	1000.0	406.68735	21.660559	431.13458	264.26776	1610000	0.047434498	8014.3423	-0.013383526	-1206.7197	16.1195	0.45449716	3611.105903863907
322	4557.0107	46.63202	4627.4653	4508.94	1000.0	404.85556	22.70813	432.15857	278.30225	1615000	-0.07723459	9021.728	-0.012889646	-1380.0386	16.177172	0.46022734	3621.8372440338135
323	4495.892	45.94527	4564.4766	4428.2896	1000.0	405.496	23.761436	433.2788	220.06796	1620000	0.023493702	8665.884	-0.012747437	-1477.1221	16.139627	0.44314826	3632.8127319812775
324	4562.9023	80.55786	4672.5186	4469.5337	1000.0	400.87924	25.051609	433.02072	249.35046	1625000	-0.05437793	8645.745	-0.011318788	-1680.2363	16.068993	0.41578257	3643.3921325206757
325	4535.3296	28.84896	4561.6396	4484.06	1000.0	413.48346	21.444729	436.20108	238.8579	1630000	0.021466183	8626.349	-0.010442109	-1246.7656	16.06178	0.42623222	3654.0701088905334
326	4543.6064	30.238178	4588.326	4512.658	1000.0	404.5433	23.811922	434.36694	233.80396	1635000	-0.0058614076	8651.051	-0.01401644	-1471.4731	16.087442	0.42068183	3665.0561039447784
327	4514.252	48.467438	4570.0586	4425.9653	1000.0	405.5068	25.774572	434.43594	246.65907	1640000	-0.008881043	8292.1875	-0.013826187	-1584.918	16.037676	0.39029533	3675.832265138626
328	4527.139	57.636227	4611.5425	4436.319	1000.0	405.18457	27.30573	434.2884	196.27489	1645000	-0.110165305	8446.393	-0.012187988	-1534.0239	16.043097	0.47568446	3686.3643741607666
329	4563.192	27.038517	4610.34	4531.445	1000.0	402.06427	28.520424	434.17578	204.51254	1650000	0.01945343	9057.24	-0.01249568	-1718.7905	15.986203	0.3923685	3697.1871161460876
330	4521.86	57.216972	4606.9243	4446.8184	1000.0	405.50034	23.60943	433.74384	237.97203	1655000	0.11606566	8515.48	-0.012724176	-1250.127	16.121075	0.48134902	3709.533531188965
331	4582.0547	62.84172	4662.7197	4489.608	1000.0	407.87756	19.780575	434.60834	215.49907	1660000	0.039684862	9038.83	-0.012106504	-1118.0972	16.1351	0.46744484	3720.882304906845
332	4515.62	60.262688	4619.789	4438.771	1000.0	411.37445	18.780045	435.29153	204.17201	1665000	0.0052521056	8014.486	-0.011841882	-1001.89404	16.06568	0.41704947	3731.8746325969696
333	4511.68	58.355736	4609.3657	4451.271	1000.0	404.79245	20.56491	433.8926	291.23163	1670000	-0.0015938354	8352.444	-0.011015906	-1422.394	16.035557	0.41107813	3743.1379935741425
334	4498.922	41.63173	4547.706	4427.602	1000.0	406.17105	23.51139	434.65085	265.29773	1675000	-0.011984398	8326.271	-0.011992636	-1347.9194	16.183647	0.4968712	3753.953586101532
335	4564.351	55.403328	4629.182	4489.8877	1000.0	400.5704	25.325026	431.446	166.98743	1680000	-0.09552039	8645.488	-0.010388449	-1614.8804	16.159946	0.44838253	3764.8162610530853
336	4513.257	48.92502	4564.278	4439.8853	1000.0	409.86874	19.830528	433.00412	295.57016	1685000	0.068233974	8186.1504	-0.011064261	-1308.0767	16.066996	0.51491016	3775.3493342399597
337	4535.2295	68.03516	4669.943	4487.658	1000.0	404.91278	24.598623	432.42725	205.33035	1690000	-0.010138306	8466.045	-0.01243863	-1302.833	16.025425	0.4245373	3786.2054579257965
338	4518.9478	61.549465	4618.181	4454.1543	1000.0	410.66876	20.218407	433.17557	263.1037	1695000	-0.07575687	8040.475	-0.010988817	-1380.4897	16.09822	0.48458856	3797.1007680892944
339	4527.077	28.92125	4569.0215	4481.524	1000.0	400.9286	31.462315	434.84998	181.81157	1700000	0.00953353	8294.29	-0.0114777535	-1761.5718	16.150969	0.47357008	3807.9277625083923
340	4512.6367	48.413677	4578.7007	4452.7485	1000.0	401.18427	37.589893	436.6798	97.29812	1705000	0.004782141	7694.1855	-0.015332989	-1493.6343	16.06279	0.43085077	3820.3530011177063
341	4548.1885	39.226543	4624.9478	4513.9463	1000.0	406.9994	28.960604	438.7187	162.63576	1710000	0.062544726	8658.406	-0.013106383	-1693.6221	16.10637	0.41564164	3831.340839624405
342	4497.6973	55.281128	4554.4614	4415.937	1000.0	406.72375	31.965229	437.64517	206.8722	1715000	0.06955881	8392.587	-0.010038409	-1688.1035	16.125338	0.54370177	3842.347193002701
343	4513.646	86.481094	4586.3374	4346.202	1000.0	404.71567	28.71088	436.99042	166.17451	1720000	0.0076031615	8045.608	-0.011686487	-1352.1367	16.159634	0.50662667	3853.1933631896973
344	4511.3735	65.058	4572.635	4385.98	1000.0	410.6498	20.505693	437.27344	240.45969	1725000	-0.011496362	8592.717	-0.010750732	-1002.41455	15.997586	0.44327876	3863.8089594841003
345	4525.7944	46.151302	4603.1514	4465.608	1000.0	399.0204	28.071198	434.7722	191.69846	1730000	0.02932254	8669.252	-0.016667936	-1604.1558	16.080044	0.44903374	3874.609671831131
346	4509.728	26.153336	4556.688	4477.435	1000.0	409.73868	17.35474	434.366	244.76836	1735000	0.012071717	7967.421	-0.012356238	-758.9746	16.060001	0.44464228	3885.5236151218414
347	4510.9087	66.43732	4618.223	4435.9224	1000.0	406.37958	18.84642	433.56686	267.95227	1740000	0.042775482	8628.794	-0.010225657	-1064.0581	16.12946	0.45648438	3895.981616258621
348	4547.162	52.60318	4640.553	4485.78	1000.0	404.38913	18.324049	432.44885	272.2977	1745000	-0.04456597	8721.064	-0.013314929	-1008.9746	16.110157	0.44049507	3907.0192527770996
349	4553.473	63.056335	4646.7485	4473.1553	1000.0	407.09085	22.310347	434.07727	202.35258	1750000	0.0017906189	8147.1104	-0.013028339	-1152.8911	16.118738	0.45907548	3918.5211486816406
350	4501.249	26.738129	4540.745	4459.349	1000.0	410.56778	16.23193	436.48364	258.3429	1755000	0.027073963	7647.05	-0.010462586	-849.4243	16.08621	0.46577206	3930.9026935100555
351	4479.3867	27.380295	4524.5137	4439.503	1000.0	401.59412	26.051445	436.5909	221.83568	1760000	-0.028758185	8110.916	-0.009289423	-1336.9448	16.158726	0.45376688	3941.5578439235687
352	4504.9087	47.767223	4582.0415	4435.9893	1000.0	406.5252	18.822477	436.41724	300.6713	1765000	-0.0710126	8373.398	-0.009201251	-1242.2842	16.019726	0.37870806	3952.468253850937
353	4520.2393	32.861202	4571.114	4481.676	1000.0	403.8613	22.327675	436.42804	265.98657	1770000	-0.037855852	7987.6016	-0.011802904	-1021.4785	16.15839	0.4816659	3963.259234189987
354	4517.6562	28.349495	4571.7437	4490.429	1000.0	405.33154	23.210686	438.5366	242.97083	1775000	0.047698148	8011.4126	-0.01357631	-1270.3511	16.076605	0.4444434	3974.2891170978546
355	4527.5693	43.435062	4595.6562	4472.6577	1000.0	408.692	19.553099	440.84814	258.41418	1780000	-0.06896328	8569.303	-0.011210702	-818.666	16.15262	0.5398699	3985.1808245182037
356	4536.1567	79.02334	4631.505	4404.347	1000.0	404.90854	21.17614	441.15775	200.30019	1785000	0.004608734	8629.599	-0.01221424	-1271.7153	16.110123	0.4763205	3996.0519943237305
357	4511.7334	48.682682	4563.9365	4428.278	1000.0	407.0392	24.221012	442.0294	274.98196	1790000	-0.03596165	8239.711	-0.010640658	-1074.3926	16.077868	0.43990126	4006.978327512741
358	4490.9707	38.233173	4561.5864	4456.6724	1000.0	401.508	25.4574	438.91714	220.02354	1795000	-0.04011447	8440.88	-0.010168161	-1736.8911	16.137691	0.487371	4018.158305168152
359	4562.504	37.25735	4604.716	4516.7305	1000.0	409.14935	16.090673	440.4477	252.31235	1800000	0.002041214	8329.255	-0.012274759	-786.8213	16.065434	0.43268892	4029.306010723114
360	4507.7383	77.0243	4597.822	4407.0083	1000.0	410.22064	20.35472	443.1336	274.17807	1805000	-0.020391718	8636.741	-0.011138756	-914.99414	16.040716	0.45914677	4042.6758563518524
361	4551.345	29.762386	4586.4956	4513.4385	1000.0	400.84082	22.599041	437.3327	235.5296	1810000	0.06438573	8665.422	-0.012791574	-1493.4141	16.196907	0.49884218	4053.9449338912964
362	4500.134	44.035625	4551.4956	4419.656	1000.0	411.4203	14.625029	440.0428	316.33902	1815000	-0.05047326	7875.3584	-0.0117808655	-775.68164	16.052752	0.46454972	4065.2354991436005
363	4551.6743	24.88696	4594.5845	4518.611	1000.0	403.76245	21.387966	441.87216	236.02632	1820000	-0.0963721	8320.11	-0.011643261	-1051.5337	16.028606	0.39093116	4076.67747092247
364	4576.9395	42.73565	4652.545	4522.8726	1000.0	409.2165	17.985252	439.39883	306.54663	1825000	0.025164355	8496.12	-0.011412462	-822.75195	16.085646	0.42716002	4088.5456037521362
365	4591.2954	33.22502	4622.419	4531.118	1000.0	411.53455	16.431524	440.38947	262.1527	1830000	-0.03558425	8826.978	-0.010826781	-895.3135	16.002937	0.38208744	4099.8468182086945
366	4564.275	22.98591	4591.388	4526.493	1000.0	409.00885	21.374613	441.52567	267.31714	1835000	-0.048926234	8739.539	-0.010879625	-1041.5581	16.06343	0.4299406	4111.517266988754
367	4541.1963	50.79452	4626.5435	4496.7783	1000.0	412.0032	15.299324	443.36087	286.32816	1840000	-0.03101919	8211.1875	-0.012162315	-678.9595	16.074217	0.4425432	4123.116526842117
368	4525.337	36.80922	4579.9155	4485.9766	1000.0	408.877	18.24001	443.08322	291.17725	1845000	0.0005603943	8471.922	-0.013793744	-1088.9971	15.954903	0.42796534	4134.869631528854
369	4545.7627	66.54782	4613.7603	4430.451	1000.0	408.89706	18.38541	438.5439	265.90698	1850000	0.1400587	8397.856	-0.018895574	-859.7573	16.05734	0.4435564	4146.887036323547
370	4562.243	64.37144	4662.6465	4470.746	1000.0	407.22427	19.761862	436.66876	295.5867	1855000	-0.0754397	8021.485	-0.015864797	-929.33105	16.03565	0.4477086	4160.348064184189
371	4565.2	56.65497	4637.548	4484.636	1000.0	405.14264	23.662552	436.62335	108.495155	1860000	-0.06558216	8665.034	-0.010617226	-1235.1924	16.121962	0.45121434	4172.334267616272
372	4520.983	73.259026	4632.0303	4406.682	1000.0	410.40134	17.97345	439.17813	285.13403	1865000	-0.07777461	8142.2705	-0.011597723	-856.74805	16.092785	0.4372417	4184.886818408966
373	4513.824	61.45718	4599.1514	4461.948	1000.0	407.04724	15.342487	437.04984	289.5783	1870000	-0.055280212	8453.947	-0.015021738	-840.7656	16.057425	0.40753958	4197.312752008438
374	4520.2783	47.070778	4598.127	4458.643	1000.0	408.23914	15.429496	433.46585	291.56293	1875000	-0.0057265502	8378.644	-0.0118715465	-657.3364	16.074047	0.47743502	4209.729538202286
375	4478.413	83.12497	4616.9736	4384.653	1000.0	404.80887	18.87673	430.7351	174.75935	1880000	0.08272119	8174.5073	-0.012180664	-1105.1426	16.101984	0.47250557	4222.441782712936
376	4584.272	33.193584	4616.1343	4525.097	1000.0	404.42755	20.292835	431.22858	267.47916	1885000	0.043579236	8963.013	-0.012288105	-1240.8848	16.061657	0.4014693	4235.469999790192
377	4548.512	52.145866	4623.496	4494.829	1000.0	406.3641	24.345192	434.56662	242.58417	1890000	-0.0013116699	8506.154	-0.014029642	-1299.0693	16.02954	0.42840683	4249.14316701889
378	4535.6343	68.33021	4671.4873	4493.0093	1000.0	408.16156	22.750162	435.48337	254.04393	1895000	0.060602184	8655.534	-0.010955039	-1322.331	16.166912	0.49309728	4262.347337722778
379	4545.6616	20.001106	4583.422	4523.9766	1000.0	407.01044	22.554764	433.56076	281.04865	1900000	0.0012660812	8465.897	-0.010753675	-1256.8047	16.105238	0.49262574	4275.315551042557
380	4545.0454	45.00248	4610.9834	4505.6587	1000.0	408.72775	21.566433	432.19522	130.77486	1905000	-0.02118883	8611.424	-0.012511127	-887.18555	15.962232	0.40380192	4289.965784311295
381	4512.4854	47.5694	4596.864	4466.077	1000.0	408.11795	18.437365	430.07132	282.45963	1910000	-0.059319403	8000.917	-0.012182351	-995.624	16.102772	0.49478722	4302.939742088318
382	4567.1455	33.572365	4615.064	4518.1626	1000.0	403.22763	23.002565	430.34955	280.38504	1915000	-0.0031649414	8875.32	-0.012982635	-1385.9297	16.132895	0.44646347	4316.287656545639
383	4495.9814	43.837	4550.4116	4422.9443	1000.0	407.41895	23.98667	433.2288	230.60698	1920000	-0.025889141	8398.179	-0.0125256535	-1247.645	16.146545	0.4493643	4329.466647863388
384	4558.6157	23.560993	4589.442	4525.48	1000.0	405.3622	19.714777	432.8679	178.9891	1925000	0.020984147	8565.952	-0.015217982	-981.1172	16.172953	0.51066643	4343.3340582847595
385	4541.7607	42.37605	4610.3857	4483.7173	1000.0	408.8186	20.527288	433.42285	196.5959	1930000	-0.07069594	8435.793	-0.010092869	-1026.2578	15.941387	0.43792772	4357.0230231285095
386	4512.8193	39.673935	4580.441	4460.49	1000.0	408.75494	21.960272	433.8378	292.73282	1935000	0.02035273	8302.787	-0.01196441	-922.30225	16.04659	0.4437577	4371.030045509338
387	4553.233	49.94142	4629.0605	4499.597	1000.0	405.16467	19.61749	432.71124	286.86145	1940000	0.011205731	8868.293	-0.01174934	-975.60986	16.005777	0.40263292	4384.575800657272
388	4500.431	43.258797	4574.2153	4445.0713	1000.0	408.05176	18.808119	432.83328	293.37186	1945000	0.068920396	8097.8447	-0.0122897215	-893.38574	16.057596	0.4445914	4398.4471781253815
389	4565.935	29.735296	4594.183	4525.618	1000.0	407.07675	17.491806	430.41376	285.55814	1950000	-0.07670144	8218.152	-0.010399371	-945.1411	15.989125	0.4144366	4411.910526037216
390	4565.692	47.068707	4641.6743	4514.3945	1000.0	409.08514	18.467651	429.78574	265.94296	1955000	-0.018329449	8324.88	-0.013782702	-1096.7231	16.15242	0.44921714	4428.279474973679
391	4532.253	43.262493	4589.0513	4464.3	1000.0	411.24225	18.965631	431.73172	290.83694	1960000	0.0067320922	8398.376	-0.014991345	-994.58545	16.05324	0.43125185	4442.033910989761
392	4533.095	21.766901	4570.9253	4507.1553	1000.0	403.76666	26.506145	430.7553	166.63812	1965000	0.011434595	8160.4663	-0.01159259	-1365.852	16.001959	0.37081262	4456.287989616394
393	4534.401	22.683708	4576.2314	4512.23	1000.0	400.78055	32.844112	433.80463	183.93068	1970000	-0.0033436127	8682.361	-0.011380678	-1757.2886	16.135231	0.49730518	4470.25455904007
394	4565.548	69.42379	4678.582	4485.974	1000.0	411.34506	19.38977	433.1058	295.1723	1975000	-0.0687334	8354.118	-0.01486893	-1031.896	15.995259	0.46441045	4484.291204929352
395	4548.16	87.0719	4647.419	4390.997	1000.0	409.33875	21.316742	435.44812	63.73786	1980000	-0.007813202	8385.173	-0.012297489	-1161.3257	16.026941	0.43120527	4498.108922243118
396	4577.1904	44.828434	4625.2866	4498.1807	1000.0	409.6787	20.929434	437.50153	298.57294	1985000	0.0022423859	8289.578	-0.011612259	-893.9795	15.999086	0.45983124	4512.8048367500305
397	4542.125	31.111553	4590.4224	4510.59	1000.0	413.0359	19.443148	436.964	311.31073	1990000	-0.048155177	8235.993	-0.0109101795	-765.73535	16.01478	0.43916193	4527.389047622681
398	4555.693	63.897923	4611.6836	4445.29	1000.0	408.2581	17.556145	432.5039	240.69733	1995000	-0.034271367	8427.176	-0.012121521	-891.55566	16.08423	0.4348167	4540.812969207764
399	4524.2803	56.53061	4607.108	4461.812	1000.0	409.7231	16.627363	430.31796	294.6304	2000000	0.028156424	8275.428	-0.0130655365	-729.8511	16.125444	0.45121962	4555.251844406128
400	4502.495	22.834421	4546.0205	4478.309	1000.0	407.67764	16.955364	427.6892	295.68765	2005000	0.012987601	8379.8	-0.012589804	-730.2046	16.078037	0.47055283	4571.343324422836
401	4517.6084	11.466174	4529.428	4496.934	1000.0	404.02774	17.646748	426.59393	260.68512	2010000	0.05556404	8184.1343	-0.010911506	-851.01416	16.076395	0.46614423	4585.177703619003
402	4520.375	25.019024	4540.9526	4473.1333	1000.0	405.5487	18.92509	428.6941	284.80557	2015000	-0.015703121	8077.3574	-0.012276657	-893.8662	16.014484	0.43516263	4599.504494428635
403	4541.2935	24.919554	4566.209	4494.352	1000.0	403.59714	20.275333	430.98633	270.41232	2020000	-0.059698317	8218.771	-0.01041564	-818.7793	16.043785	0.503955	4614.04172873497
404	4489.3154	46.77015	4565.1646	4427.2476	1000.0	409.7951	15.551745	432.00104	300.9056	2025000	-0.01455249	8011.5337	-0.011855128	-987.0952	16.105944	0.4971584	4628.118723154068
405	4518.91	60.21932	4587.924	4415.212	1000.0	404.2097	20.16462	433.78064	294.44104	2030000	0.05007448	8356.205	-0.008746274	-869.5947	16.007662	0.46930435	4642.547572851181
406	4548.3813	36.612133	4579.5947	4498.3433	1000.0	404.70465	18.284132	434.31363	268.8629	2035000	-0.045039978	8675.192	-0.015672438	-823.1587	16.030315	0.44211504	4657.18795633316
407	4488.7393	73.901566	4622.216	4399.321	1000.0	411.2061	16.90927	434.00818	269.80273	2040000	0.061180443	7914.1313	-0.011380669	-872.89795	16.067896	0.5137311	4671.291132688522
408	4575.839	54.202843	4621.789	4475.4165	1000.0	398.32025	23.331387	431.66647	265.68994	2045000	0.037022304	9042.24	-0.012359669	-1536.5688	15.983163	0.38060564	4686.902034044266
409	4455.029	51.73288	4553.3564	4412.223	1000.0	410.23563	21.551962	435.75607	134.95795	2050000	-0.12094109	7679.9233	-0.013361201	-991.5176	16.097692	0.4800844	4701.201719760895
410	4570.122	40.04413	4631.408	4527.422	1000.0	395.92606	22.77816	433.41537	267.14517	2055000	0.10556748	8906.181	-0.012709051	-1316.498	15.996647	0.4828092	4716.4385306835175
411	4557.757	77.319725	4667.287	4449.5156	1000.0	408.67905	17.629395	433.55344	295.90958	2060000	0.039660707	8523.725	-0.011150893	-1032.6973	16.157879	0.46869746	4730.066810131073
412	4543.1787	41.036114	4591.792	4474.768	1000.0	411.40503	17.671991	433.367	233.91669	2065000	-0.0762118	7954.3726	-0.015018851	-823.2661	16.096441	0.4997329	4743.65211224556
413	4536.4883	43.53386	4618.874	4492.3823	1000.0	406.28043	21.017534	433.78278	298.61267	2070000	-0.023450274	8615.959	-0.012286596	-985.9951	16.116297	0.48557743	4756.808141946793
414	4541.907	49.20148	4596.9155	4449.5537	1000.0	406.52917	18.087069	433.13657	267.28464	2075000	0.01513535	8339.39	-0.013769511	-880.1577	16.117075	0.4956396	4770.144623994827
415	4567.3237	39.098267	4617.0464	4500.759	1000.0	409.342	18.71317	433.23	267.589	2080000	-0.012589795	8235.76	-0.015222245	-855.06836	16.129992	0.49131817	4783.764639616013
416	4518.1553	54.605236	4604.2144	4450.2446	1000.0	410.50522	17.136328	431.9237	279.1221	2085000	0.0072110444	8174.2466	-0.015829306	-699.1914	16.120169	0.4407498	4797.87566280365
417	4533.1865	79.41476	4651.839	4443.4155	1000.0	405.29675	16.12268	430.44302	311.85464	2090000	-0.07078321	8131.613	-0.010423541	-881.61914	16.068121	0.40419054	4811.669280529022
418	4555.074	63.63826	4665.2197	4465.9507	1000.0	408.65466	16.51225	429.10873	304.86676	2095000	-0.010675406	8293.534	-0.010573801	-719.79834	16.01082	0.43087432	4825.122153520584
419	4496.6123	30.148716	4539.8423	4462.2827	1000.0	407.2603	18.665134	427.93445	260.5343	2100000	-0.08454188	8086.632	-0.011653461	-1154.5068	16.013754	0.4656004	4838.544317483902
420	4521.8115	67.80516	4615.199	4443.666	1000.0	407.23032	19.38085	427.9858	301.78235	2105000	0.058036383	8322.88	-0.010346282	-879.43164	16.070372	0.4776017	4853.963501214981
421	4513.2827	38.78785	4561.3364	4466.542	1000.0	405.71942	21.827408	429.44464	269.60162	2110000	0.025801584	7954.213	-0.009055961	-879.21533	16.016941	0.46743888	4867.3582010269165
422	4546.3994	47.143257	4628.7656	4483.8936	1000.0	405.40454	23.668383	428.96542	257.1976	2115000	0.0058992524	8974.872	-0.011510652	-1292.3135	16.129992	0.4404247	4880.871588230133
423	4498.9033	50.324062	4553.8276	4409.1807	1000.0	409.3468	16.975628	428.56082	305.7146	2120000	0.0020587402	8419.518	-0.014431827	-741.8374	16.13854	0.49293047	4894.529948234558
424	4508.9556	28.6686	4535.7485	4466.8657	1000.0	406.132	14.23935	426.17984	304.9801	2125000	-0.0043110475	8078.293	-0.007880221	-948.98584	16.033503	0.44053066	4908.577483654022
425	4536.5537	15.657369	4566.549	4524.924	1000.0	407.6483	17.316647	426.50027	216.60814	2130000	-0.0034227294	7868.8926	-0.009300402	-706.21436	15.949625	0.3811561	4921.917503595352
426	4594.275	65.28987	4680.9146	4485.476	1000.0	406.83344	19.428991	425.80957	127.6734	2135000	0.069768585	9030.825	-0.012132954	-1096.3389	16.040815	0.4387184	4935.3803424835205
427	4505.53	53.85748	4574.4717	4421.704	1000.0	409.30093	17.13257	429.28055	279.7155	2140000	-0.016255448	8008.08	-0.012639584	-775.229	15.997466	0.43103617	4949.047298908234
428	4569.94	47.366512	4624.567	4485.521	1000.0	403.31604	20.238766	426.8859	276.22806	2145000	0.004796161	8612.366	-0.011311267	-1052.5815	16.013487	0.41112158	4962.95442032814
429	4522.7954	24.620157	4554.915	4478.832	1000.0	411.92505	16.81895	428.03265	274.81638	2150000	0.06632635	8483.398	-0.014413323	-787.5122	16.152573	0.5277039	4976.669842481613
430	4538.5215	25.427103	4585.762	4513.0405	1000.0	406.74225	16.046116	425.96997	315.38516	2155000	0.02523626	8439.893	-0.011161346	-728.5532	16.202465	0.5514317	4992.412812232971
431	4527.4155	65.55289	4634.7153	4431.5654	1000.0	405.05988	19.809856	427.6502	238.19325	2160000	-0.0057887696	8009.88	-0.012044238	-1194.9326	16.106571	0.5644261	5005.852719545364
432	4550.3667	47.30881	4636.091	4509.48	1000.0	406.47934	22.334806	428.84775	211.8948	2165000	-0.08380501	8827.444	-0.015969828	-1015.80615	16.200382	0.5467289	5019.278411626816
433	4499.7983	60.26207	4587.7236	4426.7754	1000.0	407.72922	17.23541	430.34048	262.08505	2170000	-0.108501464	7984.5566	-0.014364213	-1108.2285	16.049835	0.43166855	5033.012439489365
434	4518.516	35.76726	4571.2144	4476.4375	1000.0	410.46094	16.697222	429.33664	258.88226	2175000	0.045245167	8324.84	-0.011529796	-764.46045	16.064665	0.45117584	5047.102457523346
435	4550.3916	76.20017	4678.2627	4471.247	1000.0	406.14737	16.78404	429.51544	266.44275	2180000	-0.050754387	8074.1406	-0.010951843	-629.84717	16.072422	0.5035191	5060.718948602676
436	4511.1924	42.06538	4575.861	4459.967	1000.0	409.2132	13.122307	429.89093	300.58215	2185000	0.0024786072	7974.479	-0.009757428	-530.1509	16.016752	0.45971128	5074.985889673233
437	4560.0034	32.323116	4599.6855	4521.5513	1000.0	408.4043	13.510006	428.92725	261.4168	2190000	0.015865412	8511.425	-0.01358569	-662.49023	16.112871	0.51072687	5089.453459262848
438	4530.62	50.981525	4623.98	4481.674	1000.0	410.80154	14.256356	428.5435	301.39273	2195000	-0.07389012	8354.83	-0.013355054	-803.9053	16.065592	0.50323105	5103.3222188949585
439	4549.0874	59.76833	4650.266	4480.012	1000.0	405.22375	20.869223	427.48798	209.29948	2200000	0.006829617	8607.194	-0.010345429	-1064.4058	15.991695	0.42491415	5117.502371549606
440	4553.683	48.32922	4630.1206	4500.4785	1000.0	407.778	20.635336	428.98145	212.00851	2205000	0.05479027	8321.715	-0.013608281	-1370.8511	16.041246	0.47168395	5133.207216024399
441	4514.821	42.27511	4570.094	4462.525	1000.0	411.08917	22.112562	433.9966	243.30017	2210000	-0.0025127137	8022.4014	-0.010365436	-984.0093	16.161242	0.53787756	5146.581964492798
442	4525.55	75.28155	4647.921	4442.6055	1000.0	407.27734	21.882915	432.65433	279.88965	2215000	-0.1300427	7974.541	-0.010280043	-1122.3667	16.166084	0.5231625	5160.2390167713165
443	4507.615	52.9081	4573.6367	4429.239	1000.0	402.5369	25.482203	430.1044	224.24216	2220000	0.0046912353	8271.835	-0.014326183	-1819.6504	16.114798	0.47602877	5174.244227170944
444	4532.191	50.752613	4574.2437	4435.638	1000.0	393.1115	50.26079	434.29745	128.13431	2225000	0.034730814	9728.443	-0.015365303	-2640.5376	16.091394	0.49276695	5188.32732129097
445	4540.289	89.59172	4644.2476	4415.3525	1000.0	406.20358	30.277441	429.0067	194.52504	2230000	0.038601127	8594.15	-0.012904432	-1528.9536	16.029047	0.47434828	5201.439863204956
446	4529.744	57.450073	4615.3267	4465.31	1000.0	411.6662	16.168524	427.0059	299.98175	2235000	-0.02042048	8408.637	-0.012059767	-738.26855	16.09263	0.46890467	5215.055144309998
447	4588.2314	83.559555	4714.9736	4489.1064	1000.0	403.9355	21.742964	425.79214	216.57607	2240000	-0.010504852	8999.91	-0.014424705	-1252.7695	16.052387	0.45270362	5228.338173151016
448	4524.724	68.23462	4637.2485	4424.3687	1000.0	411.47864	15.308374	428.0196	180.60477	2245000	0.034287855	8309.651	-0.012633283	-607.53076	16.056015	0.4429188	5241.637292385101
449	4559.029	37.255093	4597.064	4497.041	1000.0	406.13638	16.145994	427.81555	289.63043	2250000	0.02446582	7901.6074	-0.013062646	-646.3882	16.101791	0.49140215	5254.989471912384
450	4585.8564	49.970097	4661.9346	4509.626	1000.0	409.75388	14.771736	431.65884	299.96555	2255000	-0.011294317	8668.572	-0.011524518	-599.3467	16.059784	0.4419174	5271.455104589462
451	4559.8955	38.224045	4604.8193	4489.4165	1000.0	411.8213	13.768202	431.13943	294.7381	2260000	0.07832325	8270.953	-0.0142304525	-536.897	16.092522	0.48789424	5285.0252957344055
452	4503.51	68.0238	4565.897	4372.555	1000.0	410.053	13.502079	432.76028	198.5551	2265000	0.09031183	8085.3374	-0.010188878	-534.16455	16.026356	0.50038123	5298.685269117355
453	4514.736	39.075657	4568.786	4459.262	1000.0	405.7567	15.163963	430.72156	286.3638	2270000	0.015603789	8014.541	-0.011927126	-844.24023	16.154406	0.5397667	5312.328434944153
454	4518.749	57.47334	4594.8247	4443.6714	1000.0	402.83475	19.827967	432.42148	287.51202	2275000	-0.0015793701	8543.874	-0.010215561	-985.91943	16.154312	0.5271582	5325.74026465416
455	4530.4126	61.16248	4605.7383	4458.849	1000.0	405.78787	20.271463	433.46265	288.24518	2280000	0.008023871	8439.276	-0.0114052985	-1117.5269	16.111177	0.53115517	5339.202984333038
456	4537.897	47.27901	4617.3545	4473.4243	1000.0	405.5916	19.41735	433.32306	289.8697	2285000	-0.030332794	8350.395	-0.011359187	-876.91797	16.136852	0.51250225	5352.022412538528
457	4524.9346	34.675236	4570.102	4473.6055	1000.0	408.08823	16.69881	436.21686	302.07535	2290000	-0.054534618	8051.0576	-0.009896081	-720.4946	16.085295	0.4902087	5365.083664894104
458	4562.9976	29.267218	4590.1543	4516.0405	1000.0	408.24683	16.245913	434.6423	287.34586	2295000	-0.048635233	8424.675	-0.01501568	-718.0381	16.17458	0.5152199	5378.566214084625
459	4459.202	44.37858	4531.0015	4413.0864	1000.0	408.73184	16.392946	435.8411	253.37918	2300000	-0.045695074	7726.2305	-0.011020977	-1057.1377	16.175734	0.52413744	5391.893594503403
460	4495.2944	33.490448	4528.35	4433.37	1000.0	402.0914	25.459372	433.82227	181.24072	2305000	0.022403622	7719.2856	-0.012147562	-972.39307	16.083693	0.49430713	5407.255889415741
461	4514.8765	46.968037	4604.1523	4466.1743	1000.0	408.05664	18.72816	435.9641	240.38393	2310000	-0.08087049	8204.89	-0.0138286725	-1283.2554	16.128778	0.51509494	5421.44461607933
462	4557.628	44.998806	4622.1753	4490.666	1000.0	406.89044	20.76395	438.98746	187.98166	2315000	0.0008048706	8474.666	-0.017138315	-1054.9326	16.095621	0.53073686	5435.478924036026
463	4550.296	16.79182	4582.8384	4535.0537	1000.0	407.6062	22.030075	438.57916	173.17494	2320000	-0.036055736	8227.93	-0.015426088	-1022.79785	16.079245	0.485275	5448.669819355011
464	4513.3525	22.427763	4540.706	4482.227	1000.0	411.88992	15.689973	440.19937	310.894	2325000	-0.07814929	8370.431	-0.010184176	-707.5449	15.9742155	0.44137672	5461.781947135925
465	4487.9263	48.61333	4536.941	4413.321	1000.0	402.4745	25.755163	438.94962	167.26198	2330000	-0.028788937	8330.307	-0.015896382	-1375.5659	16.093832	0.45651835	5474.749205827713
466	4530.0444	44.102333	4596.416	4471.427	1000.0	405.5698	17.130402	437.67026	275.9775	2335000	-0.03606556	8255.098	-0.010918032	-673.6338	16.03108	0.47198012	5487.831654787064
467	4544.4595	22.119139	4571.3823	4516.394	1000.0	410.389	14.976775	437.46957	279.582	2340000	0.09872062	8188.568	-0.014125839	-615.6992	16.17567	0.4972785	5500.481194257736
468	4573.5635	48.956482	4651.698	4502.0483	1000.0	409.25146	15.726018	438.91592	316.4103	2345000	-0.06485217	8296.699	-0.012142636	-554.3345	16.124325	0.57798135	5513.340916633606
469	4579.1567	67.850266	4703.386	4512.2793	1000.0	412.26443	15.665668	441.1398	318.69925	2350000	-0.074887365	8481.072	-0.010163657	-668.58594	16.074863	0.45353273	5526.266005277634
470	4563.259	41.23651	4611.2046	4499.9126	1000.0	410.06616	15.548634	442.59708	288.1645	2355000	0.055793006	8307.188	-0.009783275	-683.6963	16.019154	0.44042587	5540.908465147018
471	4497.1772	35.297623	4543.2065	4447.93	1000.0	409.20163	18.72228	442.77234	261.74286	2360000	0.07261595	7801.6514	-0.009329565	-890.60986	16.163654	0.4966544	5553.195428371429
472	4555.125	74.56956	4673.2266	4440.998	1000.0	404.8584	18.661547	436.15204	268.35983	2365000	0.03379321	8456.304	-0.012721721	-838.06836	16.064411	0.44923252	5565.159804105759
473	4551.0107	68.3226	4657.4297	4479.9883	1000.0	410.42874	16.202517	439.38248	292.70038	2370000	-0.076460674	8703.864	-0.012415171	-714.2788	16.186218	0.58196986	5577.729419708252
474	4519.264	83.27012	4597.7056	4415.7783	1000.0	407.63086	14.734713	439.485	298.63605	2375000	0.050772082	7882.0415	-0.011530537	-744.0781	16.104229	0.4906522	5590.513628721237
475	4472.204	34.852398	4504.932	4406.1826	1000.0	405.98474	22.161585	438.598	196.73344	2380000	-0.06967241	7932.8833	-0.016427428	-1009.86084	16.092804	0.5335663	5603.724676370621
476	4502.0737	47.421474	4575.11	4447.355	1000.0	405.5053	16.234253	436.3899	244.25545	2385000	0.028498083	8477.692	-0.0134751955	-686.251	16.156696	0.55448437	5617.228972911835
477	4541.7563	51.666183	4604.7476	4448.525	1000.0	406.6433	15.40336	435.0356	309.45654	2390000	0.049823537	8515.564	-0.011064764	-704.9043	16.111826	0.47323203	5630.395961046219
478	4587.2974	39.42813	4638.934	4526.6963	1000.0	403.71454	22.082481	435.3998	52.95439	2395000	0.018020807	8510.015	-0.01650479	-1061.0244	16.116879	0.49445888	5643.161196470261
479	4533.759	43.809353	4579.798	4458.427	1000.0	415.22974	13.359637	434.88828	268.3293	2400000	-0.04164867	8044.312	-0.01273502	-510.95264	16.074417	0.47182578	5655.549658536911
480	4528.1255	30.493952	4546.5356	4467.455	1000.0	407.74445	15.033722	434.98364	299.55453	2405000	-0.025516393	8244.904	-0.011812286	-715.84326	16.140951	0.519458	5669.890422344208
481	4493.812	32.753098	4544.1226	4448.7593	1000.0	407.96783	18.615536	435.60474	296.64426	2410000	0.12699191	8517.8125	-0.008377165	-680.6797	16.198753	0.5872185	5682.361793041229
482	4490.3257	45.077457	4547.1807	4421.432	1000.0	403.40045	16.244225	432.4838	223.20097	2415000	0.005192465	7645.193	-0.011342935	-670.1992	16.14016	0.51786613	5694.511302947998
483	4484.9165	82.89654	4605.6465	4356.217	1000.0	406.5542	15.22529	431.2887	305.7802	2420000	0.03988844	8061.154	-0.011117751	-735.1035	16.146376	0.55678827	5706.905715703964
484	4554.1553	90.951	4674.401	4403.512	1000.0	405.7029	19.649828	431.92032	169.63177	2425000	-0.1103455	8239.391	-0.014176294	-790.31006	16.166065	0.5492771	5719.346643447876
485	4540.9507	58.189117	4614.19	4478.821	1000.0	410.34155	15.218233	431.46466	327.4682	2430000	0.046937935	8146.3945	-0.011424631	-634.96875	16.088787	0.5324822	5731.632282972336
486	4492.73	44.2425	4570.3867	4435.521	1000.0	405.29654	18.913874	430.95636	250.65686	2435000	0.05970083	7421.9536	-0.013219614	-752.5239	16.188684	0.515824	5743.717099428177
487	4496.4717	41.05068	4558.222	4440.963	1000.0	407.94696	18.343958	430.43716	306.149	2440000	-0.0015420014	7891.5527	-0.009194003	-735.3237	16.084291	0.530001	5755.50119638443
488	4566.917	70.72412	4680.172	4473.76	1000.0	404.92365	20.152582	428.10074	277.86658	2445000	0.02361626	8690.343	-0.013470728	-978.84375	16.056284	0.45616674	5767.680431127548
489	4537.735	73.24966	4679.058	4480.261	1000.0	406.94345	17.820608	431.8142	272.33905	2450000	0.08913844	8399.936	-0.011824623	-869.42773	16.01796	0.45579886	5779.981756210327
490	4564.452	79.31785	4671.845	4457.631	1000.0	411.3929	16.590633	432.6466	281.77087	2455000	-0.08380595	8217.132	-0.013325013	-672.6992	16.190235	0.54490525	5794.204676389694
491	4595.0015	53.830036	4687.8066	4537.455	1000.0	410.68396	13.922434	431.85266	208.58218	2460000	0.020857874	8558.724	-0.012765519	-497.9668	16.072506	0.5053428	5806.25203037262
492	4522.4873	35.07373	4586.3423	4480.4795	1000.0	412.76636	12.877402	434.19113	211.0527	2465000	0.08401367	7703.204	-0.010187268	-579.833	16.18745	0.52023953	5818.276114463806
493	4572.3447	44.717472	4621.374	4511.42	1000.0	409.2357	12.672115	434.33432	317.81656	2470000	0.001021347	8172.7007	-0.012823165	-566.02686	16.046303	0.47749096	5830.569207906723
494	4536.0635	55.07756	4603.356	4449.182	1000.0	409.28983	16.219997	439.42374	300.69647	2475000	0.00058701937	8049.704	-0.01130249	-721.2754	16.185675	0.6027032	5843.044038772583
495	4586.0903	71.08387	4675.6646	4500.406	1000.0	407.877	15.304522	439.74277	292.04077	2480000	0.07968074	8550.942	-0.011749186	-667.11035	16.169285	0.5162517	5854.556814908981
496	4508.945	60.79402	4558.8296	4408.406	1000.0	412.4863	15.093734	441.95895	256.51486	2485000	-0.044756584	8115.1777	-0.014173273	-697.584	16.18356	0.5527443	5866.17787694931
497	4510.677	70.92692	4570.405	4381.3965	1000.0	404.1502	20.213673	441.47623	290.17142	2490000	-0.0147827305	8805.0205	-0.012216622	-1020.9453	16.161335	0.48254442	5879.183839082718
498	4599.977	74.06443	4728.9126	4515.5063	1000.0	406.8932	17.693869	441.35535	194.68132	2495000	0.0087483395	8515.458	-0.014839648	-829.0083	16.189941	0.49255347	5890.9874448776245
499	4562.183	30.906998	4604.0283	4523.467	1000.0	411.7115	17.710863	443.6603	243.41922	2500000	-0.039833125	8060.6543	-0.017278459	-1017.8086	16.040787	0.47107705	5905.018178462982
