Epoch	AverageEpRet	StdEpRet	MaxEpRet	MinEpRet	EpLen	AverageVVals	StdVVals	MaxVVals	MinVVals	TotalEnvInteracts	LossPi	LossV	DeltaLossPi	DeltaLossV	Entropy	KL	Time
0	-1787.343	811.6059	-169.32571	-2303.5007	819.4	0.008247772	0.48843685	1.8180943	-1.5574393	5000	-0.03616924	40262.812	-0.017036464	-5326.1523	7.95365	0.5721156	14.548771381378174
1	-2073.474	104.665886	-1953.7627	-2268.693	1000.0	-14.012137	0.5625742	-10.033793	-14.550597	10000	-0.03751644	32048.146	-0.012437984	-2435.6992	7.8840327	0.5757133	21.508219957351685
2	-2043.8734	49.168118	-1954.5835	-2098.3242	1000.0	-21.175062	0.1121422	-18.809807	-21.243525	15000	0.004630362	29324.64	-0.008476261	-1868.2344	7.854048	0.5231377	28.726279258728027
3	-1998.3066	54.16513	-1916.6782	-2074.4553	1000.0	-26.943865	0.049178805	-25.855078	-26.972513	20000	-0.027417636	24627.373	-0.010558067	-1544.9121	7.855597	0.5233944	35.97275996208191
4	-1910.7809	58.456356	-1817.7024	-1985.8247	1000.0	-32.145863	0.03367699	-31.37178	-32.16487	25000	-0.081566125	21397.93	-0.009593099	-1344.2344	7.8378873	0.48984662	43.1558735370636
5	-1850.7527	73.114555	-1762.8907	-1983.9281	1000.0	-37.021168	0.03444463	-35.97303	-37.03607	30000	-0.0945815	18497.455	-0.0070838556	-1175.4766	7.812686	0.5399001	50.316506147384644
6	-1811.5085	58.203117	-1734.1553	-1884.7983	1000.0	-41.632057	0.027761834	-40.96214	-41.643776	35000	-0.027436368	16480.838	-0.009031884	-1072.1406	7.9633374	0.55707294	57.42837643623352
7	-1812.444	53.72776	-1746.6305	-1887.7731	1000.0	-46.089703	0.021412224	-45.538284	-46.09864	40000	-0.087266274	14887.862	-0.0059106573	-974.5664	7.81471	0.47566417	64.61179637908936
8	-1776.7441	34.066433	-1735.81	-1817.7046	1000.0	-50.399986	0.023912778	-49.36258	-50.407066	45000	-0.09922479	13301.551	-0.00781925	-901.59863	7.902743	0.5175907	71.85560297966003
9	-1679.8235	77.07102	-1558.148	-1777.5507	1000.0	-54.602974	0.021855682	-53.530857	-54.609245	50000	-0.02894798	10862.253	-0.0065998957	-740.0322	7.903207	0.5559002	79.1008608341217
10	-1651.2887	51.791386	-1554.3971	-1699.0153	1000.0	-58.4871	0.014693825	-57.99695	-58.49218	55000	-0.031117486	9093.556	-0.0068146307	-631.6914	7.7924657	0.4552112	86.84358191490173
11	-1587.7874	60.148193	-1516.7787	-1679.0299	1000.0	-62.133686	0.014423147	-61.690872	-62.138897	60000	-0.07752107	7707.4033	-0.0053915754	-555.8799	7.7901235	0.4324298	94.15534043312073
12	-1528.4808	24.210344	-1497.582	-1565.2478	1000.0	-65.6164	0.01584633	-64.96719	-65.62082	65000	-0.086856365	6409.6577	-0.004563771	-468.4209	7.8590155	0.4863405	101.42324423789978
13	-1514.586	64.39306	-1434.0902	-1610.712	1000.0	-68.879585	0.012709098	-68.422485	-68.88333	70000	-0.0610151	5633.4336	-0.0050906837	-419.12695	7.8339095	0.49182934	108.56372404098511
14	-1472.343	53.407127	-1408.0269	-1553.0815	1000.0	-72.02044	0.010387251	-71.74314	-72.02411	75000	-0.01221735	4548.098	-0.0043010376	-338.00635	7.7970695	0.46144336	115.73821377754211
15	-1388.089	47.850403	-1324.9702	-1442.1265	1000.0	-74.90748	0.013150392	-74.52115	-74.9112	80000	-0.03961066	3368.032	-0.0044427663	-246.02222	7.831356	0.4940659	123.2938163280487
16	-1439.9077	82.51367	-1315.1523	-1518.3501	1000.0	-77.43183	0.009964919	-77.02669	-77.4349	85000	-0.037444375	3537.3767	-0.005087618	-249.74023	7.8368983	0.45063818	130.6744840145111
17	-1377.6765	54.599598	-1296.2068	-1458.9285	1000.0	-80.00186	0.013343999	-79.29916	-80.0052	90000	-0.07346088	3063.2231	-0.0030759498	-214.72583	7.8171062	0.49005243	138.00880599021912
18	-1305.7139	21.03497	-1275.7833	-1333.4205	1000.0	-82.44917	0.008196488	-82.1751	-82.4519	95000	-0.047738496	2132.3347	-0.0036761165	-147.41028	7.7683907	0.49741632	145.07606506347656
19	-1399.0817	52.307304	-1332.6461	-1492.7285	1000.0	-84.534996	0.01014962	-84.12979	-84.53752	100000	-0.04627089	2777.3586	-0.0045095347	-179.80127	7.891045	0.5182798	152.14796257019043
20	-1254.5944	24.61146	-1216.1854	-1289.8978	1000.0	-86.84633	0.011280657	-86.45858	-86.849	105000	-0.0067950804	1426.2404	-0.0035632206	-92.84485	7.7576513	0.45683026	159.98925948143005
21	-1260.7059	69.37071	-1180.649	-1383.0453	1000.0	-88.5929	0.008236006	-88.25675	-88.59546	110000	-0.08644255	1353.283	-0.0036945567	-74.35974	7.847142	0.4794912	167.65954637527466
22	-1216.6042	87.65496	-1054.6791	-1295.964	1000.0	-90.1633	0.009523993	-89.8316	-90.165695	115000	-0.069156066	1157.5326	-0.0038018897	-49.720215	7.816253	0.45438257	175.15625882148743
23	-1163.7926	34.586964	-1103.6489	-1194.5499	1000.0	-91.48588	0.007104972	-91.241486	-91.4881	120000	-0.008850901	900.4124	-0.0042865127	-27.255188	7.7555623	0.4626451	182.71862530708313
24	-1240.4084	69.883064	-1141.7477	-1357.0648	1000.0	-92.493866	0.008280539	-92.25328	-92.49628	125000	-0.11975215	1241.9023	-0.0033740103	-49.351196	7.772006	0.44016597	190.33722019195557
25	-1189.4386	93.60808	-1075.1411	-1340.8053	1000.0	-93.83439	0.008159612	-93.504005	-93.83658	130000	-0.0010986633	960.6723	-0.0035495728	-24.033081	7.743229	0.45934498	198.0252866744995
26	-1119.8696	68.87403	-993.7617	-1196.7423	1000.0	-94.83077	0.0073173824	-94.59313	-94.83277	135000	-0.06448589	688.43604	-0.0029776841	-6.1314087	7.806031	0.47220704	205.83411192893982
27	-1068.4484	75.84493	-944.6982	-1164.0981	1000.0	-95.35894	0.008897326	-95.06317	-95.36101	140000	-0.02988932	659.25	-0.0032600388	-1.4376221	7.740714	0.44512013	213.59179997444153
28	-1149.9857	27.50469	-1110.1597	-1194.9769	1000.0	-95.620605	0.009437348	-95.28482	-95.622856	145000	-0.05251056	643.9334	-0.002818413	-7.6014404	7.779402	0.43047187	221.36046361923218
29	-1064.7489	40.06538	-1020.1641	-1130.7163	1000.0	-96.1856	0.007289356	-95.947044	-96.18782	150000	-0.022549853	501.1637	-0.0032210946	0.019500732	7.7272015	0.43980888	228.61139369010925
30	-1059.1321	86.11275	-925.5381	-1174.5725	1000.0	-96.23283	0.0088953525	-95.85548	-96.235054	155000	-0.036113605	572.1298	-0.003113795	-0.011230469	7.763267	0.4709432	236.74569606781006
31	-1064.9124	40.121937	-1016.0089	-1119.1373	1000.0	-96.21057	0.008208251	-95.87449	-96.21277	160000	-0.07747935	463.4006	-0.0031272098	-0.3040161	7.685204	0.40800264	244.41575837135315
32	-1035.4863	66.572525	-956.6779	-1137.318	1000.0	-96.091675	0.0063574975	-95.84401	-96.09376	165000	-0.03701611	545.7949	-0.002506286	-1.6953125	7.7549014	0.4533667	252.2274191379547
33	-1074.6184	39.660313	-1045.2096	-1152.654	1000.0	-95.79981	0.006781522	-95.57609	-95.80195	170000	-0.02050094	552.7491	-0.0041651335	-0.038208008	7.7780485	0.43132704	260.07888197898865
34	-1055.0852	81.22559	-935.7224	-1174.1774	1000.0	-95.82926	0.007466655	-95.61289	-95.831436	175000	-0.023669677	748.4707	-0.0026250742	-0.021911621	7.7272906	0.40796608	267.93360590934753
35	-1006.5745	45.377144	-934.2837	-1077.643	1000.0	-95.80529	0.006985854	-95.580185	-95.80758	180000	-0.12507485	509.41226	-0.0027801543	-6.7203674	7.738172	0.39656082	275.8611719608307
36	-995.3629	49.230164	-925.03046	-1065.169	1000.0	-95.20048	0.013487288	-94.81492	-95.20371	185000	-0.034997866	525.8558	-0.0028624833	-9.025635	7.772692	0.4121704	283.62249994277954
37	-1014.7665	27.014673	-966.51697	-1044.4104	1000.0	-94.3806	2.2202086	9.18421	-94.513084	190000	-0.047615804	542.3433	-0.0016872771	-19.726196	7.746922	0.4346747	291.76303339004517
38	-970.3916	70.39246	-903.5389	-1102.1676	1000.0	-93.740555	1.640527	-7.022891	-93.90672	195000	-0.08603305	775.3928	-0.0025564805	-59.256042	7.6935267	0.38694024	300.3703622817993
39	-936.2842	29.496706	-898.8926	-976.73157	1000.0	-89.842125	5.4223557	88.27233	-93.06819	200000	-0.085777745	518.34064	-0.0018098578	-104.100586	7.7117906	0.42138702	308.5768303871155
40	-952.61316	40.90454	-908.6702	-1020.7272	1000.0	-82.69069	4.995613	7.8198175	-89.452934	205000	-0.08642319	566.3135	-0.0016511157	-64.80026	7.6852274	0.39573905	317.1046459674835
41	-880.6742	63.491222	-794.2362	-976.05835	1000.0	-85.00285	3.0914927	2.072516	-90.10085	210000	-0.041350923	535.29254	-0.0029586703	-52.60663	7.726839	0.407338	324.85715317726135
42	-900.6878	30.753696	-845.14886	-929.18756	1000.0	-81.05815	4.934646	27.14767	-90.705894	215000	-0.09590802	458.2077	-0.002492763	-65.43509	7.6764455	0.3824099	332.7903916835785
43	-907.1818	91.56556	-778.16614	-1010.6234	1000.0	-81.05051	3.9869075	-22.327291	-91.30422	220000	-0.14359915	464.01715	-0.0020981133	-32.383545	7.704422	0.42214385	340.7028775215149
44	-850.18036	49.200977	-771.1446	-905.28253	1000.0	-80.65545	3.8208506	-14.143053	-92.3991	225000	-0.036785718	395.0582	-0.0018987618	-40.740295	7.7767572	0.44489804	348.5479836463928
45	-882.4642	34.432934	-823.9025	-915.6503	1000.0	-78.62909	5.1242037	20.40548	-92.2939	230000	-0.117857754	400.8833	-0.0017034039	-62.64151	7.6705008	0.44326735	356.71959257125854
46	-804.9322	212.45142	-409.79846	-1010.58856	892.0	-79.776474	7.1188784	-15.652341	-92.26707	235000	-0.03056855	576.6329	-0.0024800468	-69.854614	7.75123	0.43608037	365.0279586315155
47	-886.0374	44.271038	-810.5003	-945.0721	1000.0	-80.36057	5.127816	-12.725866	-92.20545	240000	-0.0556099	349.33844	-0.0019601174	-39.495728	7.7266445	0.39913556	373.2244346141815
48	-827.37317	42.343082	-797.97266	-911.55927	1000.0	-79.61468	4.505804	-29.72934	-92.07645	245000	-0.1463447	403.54977	-0.0025572628	-71.84747	7.6746874	0.3954409	381.2475678920746
49	-857.28986	54.410957	-791.2965	-944.43384	1000.0	-77.25286	6.7060647	-19.539373	-91.63079	250000	-0.12129318	442.9497	-0.0019417107	-66.8306	7.6949797	0.41948566	389.41549944877625
50	-828.3666	82.046745	-729.18195	-947.75183	1000.0	-75.38657	8.18794	-6.6988115	-91.65374	255000	-0.10513965	450.75925	-0.0022073612	-68.427185	7.6736126	0.40289736	398.10272669792175
51	-838.8791	79.881805	-747.6262	-975.89325	1000.0	-74.200745	7.064317	4.114743	-91.587456	260000	-0.11714595	376.65735	-0.0020748675	-58.31601	7.6887765	0.4111901	406.22236227989197
52	-831.1432	67.89317	-753.2954	-912.7755	1000.0	-77.465675	6.6992035	26.343662	-91.713905	265000	-0.12106455	587.2286	-0.002535507	-80.833984	7.6411343	0.35720384	414.4784126281738
53	-832.7044	18.982624	-809.7182	-862.1931	1000.0	-72.568115	8.287529	-15.2968025	-91.85913	270000	-0.045966342	348.48734	-0.0021109208	-70.47928	7.6523275	0.37386197	422.6686499118805
54	-794.29724	32.677002	-749.93176	-840.18207	1000.0	-73.94387	5.5461836	9.57398	-91.88251	275000	-0.06794263	310.6592	-0.001492776	-39.880524	7.6704717	0.40757418	430.95830941200256
55	-803.366	43.334026	-743.62964	-867.3606	1000.0	-71.93494	5.8879747	-31.038471	-91.68174	280000	-0.09366194	364.1057	-0.0022940189	-44.3945	7.6867547	0.37901506	439.1152997016907
56	-800.05023	44.281265	-746.3428	-858.0465	1000.0	-73.05273	4.5244045	-42.981503	-91.63682	285000	0.0043170718	344.9286	-0.00297092	-50.62146	7.66279	0.38897535	447.1930739879608
57	-769.8527	41.38489	-716.6063	-840.6133	1000.0	-70.165054	6.6945696	-10.045219	-91.79674	290000	-0.072058104	306.22763	-0.0030950233	-44.011475	7.6401687	0.39687076	455.31780338287354
58	-771.86536	47.592216	-682.418	-823.5775	1000.0	-69.28825	4.5970645	-45.400543	-91.248474	295000	-0.08356215	295.712	-0.002002515	-18.99884	7.667008	0.40240818	463.36587047576904
59	-789.86816	78.91502	-661.4854	-889.71075	1000.0	-69.84175	4.5824213	-54.146957	-91.48877	300000	-0.07066998	395.3163	-0.0019817352	-42.919006	7.6730633	0.38943166	471.4293007850647
60	-777.3906	42.489185	-706.27954	-835.00903	1000.0	-69.60614	5.3766747	-29.863323	-91.63812	305000	-0.09733614	366.82126	-0.0017488003	-36.18866	7.6826468	0.40755722	480.34272050857544
61	-782.3262	21.61744	-758.0485	-810.6264	1000.0	-69.50718	5.5894566	-29.97026	-91.59183	310000	-0.2139584	288.44644	-0.002520606	-49.724747	7.696711	0.39598408	488.4583070278168
62	-740.7533	54.62214	-684.90515	-820.05096	1000.0	-70.36337	7.266201	-21.701895	-91.57984	315000	-0.10419684	330.99194	-0.0022177622	-70.03635	7.6104302	0.39299005	497.0500452518463
63	-756.29614	59.207565	-672.1406	-816.61884	1000.0	-69.01668	5.8708425	10.757574	-90.979416	320000	-0.045774076	349.92407	-0.0021116212	-65.361084	7.7082205	0.42591715	505.24793434143066
64	-736.2634	52.330696	-661.9372	-806.8123	1000.0	-66.58483	7.6094046	-5.5822597	-91.17147	325000	-0.007829587	301.7316	-0.0021670042	-58.445404	7.650667	0.39485458	513.662460565567
65	-771.8263	40.39572	-700.37463	-812.08777	1000.0	-65.7432	5.637759	-20.572083	-90.32873	330000	-0.14571474	380.90375	-0.0019327849	-67.26828	7.708018	0.40188944	521.9148082733154
66	-745.7708	58.306835	-636.4327	-802.3216	1000.0	-69.78058	5.1529365	-17.33556	-91.30071	335000	-0.06504579	324.09244	-0.00175713	-48.359985	7.659842	0.40657306	530.1792776584625
67	-730.87427	36.190735	-677.00024	-776.92456	1000.0	-65.50074	7.0594387	4.721118	-90.8549	340000	-0.004590994	284.1816	-0.0014691711	-40.261505	7.7120876	0.48195338	538.5448470115662
68	-702.42346	33.62425	-639.8002	-740.98914	1000.0	-66.594795	4.494342	-24.719978	-90.704765	345000	-0.13080564	282.1176	-0.0017139167	-40.805435	7.5990877	0.34545738	546.665876865387
69	-729.4633	56.83283	-648.68384	-824.60516	1000.0	-63.431538	4.6437154	-10.426384	-89.80051	350000	-0.10047182	259.34537	-0.001949206	-25.130264	7.7019467	0.43103683	554.8805553913116
70	-717.8244	37.732563	-672.2389	-768.4539	1000.0	-65.74064	3.3976235	-41.642723	-90.44624	355000	-0.077354826	299.16876	-0.002257757	-24.232574	7.6901827	0.4306451	563.804529428482
71	-698.3215	67.65291	-597.80035	-811.0404	1000.0	-65.68935	4.6979485	-5.0401525	-90.39917	360000	-0.059392724	334.88257	-0.0019028708	-49.806305	7.642164	0.40976152	571.9671235084534
72	-741.21844	73.97307	-624.47064	-858.2896	1000.0	-62.539814	5.0307546	-17.555643	-89.96379	365000	-0.065589964	311.7327	-0.0016134754	-40.960052	7.6199217	0.39945465	580.059942483902
73	-708.0327	28.921526	-656.575	-739.3967	1000.0	-64.65142	5.5791173	-39.425053	-90.19423	370000	-0.10627644	250.3849	-0.0019689873	-32.211258	7.6347046	0.3940647	588.1117103099823
74	-686.1742	51.529686	-632.5915	-755.8234	1000.0	-63.649776	4.4070864	-0.49875534	-90.14065	375000	-0.07927522	275.57336	-0.0023541823	-23.57727	7.6556845	0.39322588	596.1566894054413
75	-558.81177	273.0795	-14.244598	-726.2528	805.2	-62.58028	3.973413	-30.075888	-89.759964	380000	-0.13017796	286.26746	-0.0023853034	-42.61206	7.6793103	0.4221788	604.5300695896149
76	-734.8583	54.384453	-666.2444	-816.4143	1000.0	-63.12773	5.2896504	-7.6630535	-89.62605	385000	-0.02847105	335.96643	-0.0020056255	-56.6131	7.669415	0.3842495	613.1848382949829
77	-660.6211	47.35782	-604.2575	-746.9022	1000.0	-65.75072	6.4294043	-16.685888	-90.46063	390000	-0.02557355	319.63306	-0.0017877445	-85.29486	7.643714	0.4230049	621.3794982433319
78	-733.06244	19.835756	-710.07306	-758.6332	1000.0	-59.510612	4.641422	-25.714529	-89.40748	395000	-0.015405965	343.76834	-0.0009883652	-96.21394	7.6720314	0.40179908	629.5634977817535
79	-670.09143	48.317783	-616.8659	-760.6174	1000.0	-63.801826	6.552345	-31.520945	-90.467255	400000	-0.075357944	294.3864	-0.0014355108	-55.943268	7.5291877	0.34987035	637.5164155960083
80	-658.6811	25.45267	-618.97784	-694.7757	1000.0	-61.522243	7.3971934	-28.062296	-90.1913	405000	-0.038584586	303.8566	-0.0021038651	-60.76039	7.598059	0.40304402	646.4577927589417
81	-653.53107	6.5820155	-643.9748	-661.47986	1000.0	-60.054836	5.3261433	10.017181	-89.95281	410000	-0.07189683	254.08595	-0.0016299114	-34.220184	7.713407	0.4363944	654.691620349884
82	-701.9259	81.879486	-548.6792	-774.74	1000.0	-60.323406	4.4662833	11.206843	-88.8374	415000	-0.113109946	427.42395	-0.001416333	-79.59946	7.5715585	0.3740217	662.8230533599854
83	-688.20056	32.84437	-647.08026	-730.4569	1000.0	-62.791893	7.904389	17.278807	-89.90114	420000	-0.10239892	280.74475	-0.0018693209	-46.354477	7.6641517	0.40132296	670.9425730705261
84	-658.69543	15.79121	-636.5388	-682.99695	1000.0	-61.36052	7.9092736	-23.656109	-89.601776	425000	-0.099505216	249.18878	-0.0015190616	-51.306076	7.571852	0.3758516	679.0347504615784
85	-673.18005	45.133755	-609.70483	-725.68896	1000.0	-58.752125	4.531736	-23.62315	-87.466194	430000	-0.049005732	254.89775	-0.001792945	-33.01465	7.6078453	0.3922475	687.1552290916443
86	-667.1392	40.03604	-637.3347	-743.67834	1000.0	-59.7315	5.8778434	31.579676	-87.95802	435000	-0.0898758	248.09065	-0.0016538128	-41.44548	7.6055923	0.40276504	695.1352117061615
87	-598.39343	39.90488	-541.91693	-652.3966	1000.0	-60.4831	3.1759725	-18.779554	-87.543045	440000	-0.09625192	305.1159	-0.0016947463	-66.11751	7.6282077	0.43462062	703.2784674167633
88	-655.0343	53.354885	-569.03876	-735.71136	1000.0	-56.065212	3.4018888	-7.5281205	-68.52873	445000	-0.05926444	245.80763	-0.0021516867	-29.680725	7.6299877	0.4290078	711.6661336421967
89	-705.39453	86.88707	-591.899	-858.1954	1000.0	-59.21309	3.5002296	24.750118	-81.16551	450000	-0.15017805	442.11505	-0.001473546	-140.40683	7.6346507	0.38500753	719.6167557239532
90	-651.9871	25.180109	-616.01447	-689.2487	1000.0	-60.12	8.636229	-25.993368	-89.94565	455000	-0.04258186	196.70297	-0.0017444342	-34.70117	7.5577383	0.38743818	728.7439000606537
91	-653.30115	24.964115	-621.15436	-695.033	1000.0	-58.821236	7.903152	-7.3269677	-89.13271	460000	-0.0671796	247.45026	-0.0026106238	-41.3835	7.582353	0.38743708	737.0694389343262
92	-667.451	60.537445	-550.70905	-718.4736	1000.0	-58.855064	8.705626	27.104864	-89.34338	465000	-0.02645534	313.93866	-0.0026073754	-64.70398	7.639054	0.39731646	745.3374342918396
93	-640.59607	48.328056	-559.6606	-701.63617	1000.0	-58.0607	6.22475	-1.8301944	-89.52097	470000	-0.072597265	290.53467	-0.0013083369	-65.34207	7.63294	0.3955856	753.3892667293549
94	-675.5287	33.047127	-637.2259	-723.1707	1000.0	-58.993713	5.841219	-25.034872	-89.117584	475000	-0.06484339	288.54376	-0.0013142824	-66.388306	7.6165476	0.39846188	761.3386564254761
95	-637.59424	73.134285	-521.74854	-747.5964	1000.0	-59.43275	5.3791	-28.646255	-88.92377	480000	-0.078727506	266.9494	-0.0016528443	-29.164627	7.541822	0.37080544	769.3646779060364
96	-656.02423	36.154053	-602.60156	-702.9422	1000.0	-59.22375	6.8181796	-8.397554	-87.8999	485000	-0.124996945	278.8264	-0.001835525	-42.719086	7.5682735	0.36485526	777.7408583164215
97	-638.9469	65.52452	-542.60846	-714.3955	1000.0	-57.63106	9.163958	-3.8595376	-87.40072	490000	-0.050608482	311.88904	-0.0018215403	-76.83879	7.6522436	0.43489414	785.9855082035065
98	-663.1974	56.776115	-578.75024	-738.6892	1000.0	-58.1173	4.794507	-9.460328	-87.73642	495000	-0.10684944	258.52463	-0.0012741312	-24.695282	7.6455374	0.40348393	794.14688539505
99	-677.02747	61.312946	-568.9516	-748.78015	1000.0	-59.27685	4.7795396	-32.05443	-87.95012	500000	-0.13618296	327.89005	-0.0013434589	-51.07361	7.634646	0.42334518	802.177280664444
100	-623.93933	52.892914	-556.5047	-717.2209	1000.0	-59.05869	6.363873	40.3004	-88.16973	505000	-0.15192203	304.28235	-0.0013149083	-62.437653	7.634647	0.3680458	811.2410566806793
101	-588.27716	29.989119	-565.6122	-646.7586	1000.0	-57.02706	5.3446	26.676777	-88.13529	510000	-0.08149474	213.3036	-0.0023469776	-39.33693	7.6608424	0.42105177	819.5552976131439
102	-602.432	32.93402	-546.8147	-645.55945	1000.0	-55.200962	4.887519	20.965336	-78.05226	515000	-0.11784005	228.86835	-0.0016075224	-31.471375	7.5814757	0.3945767	827.8129410743713
103	-620.798	85.12401	-468.66547	-725.6288	1000.0	-54.988956	4.204445	13.526611	-72.71376	520000	-0.16303866	303.28583	-0.0014190972	-69.71658	7.5767374	0.40952623	836.3582797050476
104	-677.243	39.956264	-620.05334	-738.11584	1000.0	-54.202625	8.304229	3.5907726	-85.20315	525000	-0.0686512	378.55325	-0.0011887327	-127.313446	7.6247025	0.36709914	844.6504073143005
105	-633.2166	50.642345	-564.05853	-694.807	1000.0	-61.407063	3.275052	-39.50963	-87.935646	530000	-0.119610704	285.10095	-0.0014672503	-60.48105	7.552328	0.3544199	852.8334610462189
106	-644.5344	46.0001	-601.5789	-720.1924	1000.0	-58.044518	6.1567683	-36.08609	-88.18136	535000	-0.14077517	263.0515	-0.0017053634	-41.457718	7.575282	0.39611173	860.9403357505798
107	-623.41724	61.507156	-523.70435	-689.6516	1000.0	-56.30602	5.8017197	-28.020002	-88.00269	540000	-0.078715615	239.646	-0.0016222298	-34.52214	7.593077	0.3733863	869.1671433448792
108	-638.07227	71.85007	-521.49255	-726.17487	1000.0	-56.2501	5.9393167	-25.844738	-87.70469	545000	-0.1273095	356.67453	-0.0017325878	-56.6911	7.5489764	0.36924022	877.6686289310455
109	-666.3054	100.81082	-547.9593	-804.207	1000.0	-58.984863	10.223029	-8.977259	-87.71933	550000	-0.12882966	448.38425	-0.0014020056	-94.26584	7.518354	0.36263755	886.1896617412567
110	-683.0418	41.443016	-618.2151	-726.0147	1000.0	-56.333893	11.18178	-23.431168	-87.7635	555000	-0.07281451	360.15936	-0.001808919	-83.959045	7.5709	0.3694103	895.2677879333496
111	-615.5663	62.92508	-525.79144	-694.3224	1000.0	-58.090805	9.270889	5.9959946	-89.831535	560000	-0.13160437	262.504	-0.0017995238	-51.71855	7.511262	0.36196172	903.5166454315186
112	-638.6047	104.46154	-476.9073	-771.8637	1000.0	-57.55456	9.513361	42.37127	-89.19329	565000	-0.12406166	438.9397	-0.0012009293	-82.233765	7.6057367	0.36176378	911.8583357334137
113	-602.0492	26.910366	-559.23517	-633.67566	1000.0	-56.877	7.6009326	-18.33735	-89.445145	570000	-0.14863572	264.0367	-0.0018400103	-44.763885	7.5474358	0.44008124	920.6339063644409
114	-618.224	71.925125	-504.65976	-708.3389	1000.0	-54.05715	5.2825623	-15.812987	-88.398315	575000	-0.093113914	270.1768	-0.001526311	-37.782684	7.542084	0.36000484	928.892632484436
115	-629.3372	61.6856	-561.68567	-719.5038	1000.0	-55.612743	6.0114045	-9.392569	-89.00812	580000	-0.11696611	316.31094	-0.0016783848	-55.07135	7.5152025	0.37127745	937.1568591594696
116	-640.3907	19.04951	-618.0876	-664.57135	1000.0	-54.73663	6.425386	-9.804807	-89.0274	585000	-0.13399906	234.85625	-0.0013896525	-33.861572	7.6041737	0.4135619	945.4247355461121
117	-617.6998	63.452225	-550.4376	-723.4138	1000.0	-58.82556	7.4039903	-33.431976	-89.51335	590000	-0.030529566	273.99896	-0.001465898	-51.244034	7.614372	0.4113306	953.5887565612793
118	-605.32605	37.126976	-543.26215	-659.8673	1000.0	-54.29716	5.927217	-28.26725	-87.623215	595000	-0.09126469	258.94507	-0.001371108	-42.296265	7.5725737	0.37232086	961.7484781742096
119	-616.44507	63.55536	-557.7955	-729.7185	1000.0	-55.363827	4.682801	-29.986721	-84.19318	600000	-0.090922266	266.05463	-0.002167195	-40.740326	7.5330205	0.3801851	969.937313079834
120	-565.0021	72.29308	-448.95975	-675.52704	1000.0	-54.310375	5.751676	-17.86598	-87.16241	605000	-0.13521859	309.5931	-0.0013524294	-58.17943	7.567439	0.43620303	979.1105151176453
121	-616.26556	33.422604	-572.1112	-673.7873	1000.0	-51.100487	4.4770155	0.032637358	-81.31781	610000	-0.11928621	249.9406	-0.0016720891	-40.96263	7.512525	0.37295505	987.258214712143
122	-621.23157	24.027565	-599.92566	-666.7923	1000.0	-55.48148	6.473445	-12.840624	-86.17678	615000	-0.16099866	244.41145	-0.0015336126	-33.977005	7.580924	0.43445948	995.3127806186676
123	-639.28986	15.11365	-623.329	-663.724	1000.0	-55.975586	5.5812025	-2.3645012	-82.74706	620000	-0.10819895	334.828	-0.0015950352	-84.18147	7.5704455	0.3905647	1003.4780728816986
124	-488.1546	253.1427	11.818595	-674.33057	805.4	-56.90435	8.72586	-33.1988	-88.155624	625000	-0.09189657	289.2072	-0.0015267357	-60.108337	7.5335846	0.39984247	1011.8031857013702
125	-602.64246	57.75766	-534.9704	-685.03625	1000.0	-55.75364	5.5649033	-14.093327	-87.7729	630000	-0.12602274	256.86334	-0.0016952008	-46.659973	7.531841	0.37456787	1020.0173966884613
126	-595.4056	25.883085	-550.70325	-619.4943	1000.0	-53.59948	3.6779373	9.859108	-80.77871	635000	-0.14693429	179.39377	-0.001182571	-24.362823	7.5412025	0.39292276	1028.2284653186798
127	-605.0062	40.06606	-534.11865	-652.48895	1000.0	-53.940712	4.039181	5.6323004	-81.48592	640000	-0.09411052	235.18567	-0.0012894198	-43.9579	7.562936	0.41799575	1036.6805584430695
128	-632.3879	57.82246	-568.795	-737.1388	1000.0	-54.904408	6.0216584	-24.581669	-85.50859	645000	-0.087535456	288.2237	-0.0018813759	-67.660416	7.5375233	0.4009589	1044.913897037506
129	-506.92743	209.14111	-93.85828	-662.79175	825.8	-55.531242	9.351809	-9.415984	-88.29978	650000	-0.06804691	365.95743	-0.0010853037	-115.10091	7.5173955	0.34548748	1053.1495609283447
130	-608.7347	48.8396	-551.19696	-697.94934	1000.0	-54.938305	3.8177571	-28.709341	-87.91211	655000	-0.15894175	232.98605	-0.0014861077	-47.633423	7.527411	0.39929873	1062.2714869976044
131	-607.56305	64.40758	-516.1511	-695.0289	1000.0	-52.43575	5.5829	-28.656326	-88.063385	660000	-0.14453071	297.1393	-0.0013753176	-48.53363	7.519407	0.37494233	1070.3422050476074
132	-615.90985	32.77162	-578.03345	-662.79645	1000.0	-54.93552	7.395282	16.210901	-89.5254	665000	-0.06202479	238.06755	-0.0017149411	-47.982056	7.594233	0.4150211	1078.5230329036713
133	-578.60925	44.356262	-502.97836	-624.2711	1000.0	-55.27392	6.6318793	-11.833883	-90.2241	670000	-0.036764372	309.65747	-0.0016891919	-87.985825	7.553431	0.40192467	1086.7228281497955
134	-591.49536	78.69367	-502.13388	-698.10974	1000.0	-51.47292	4.3484015	0.7188728	-76.66612	675000	-0.10067461	243.2528	-0.0015415028	-51.301865	7.518469	0.35422087	1094.9847087860107
135	-571.9166	93.459	-394.16614	-637.53094	1000.0	-54.33952	5.2054787	1.5985371	-81.83521	680000	-0.11440957	540.9943	-0.0018706024	-158.87363	7.515143	0.391056	1103.0379884243011
136	-594.2041	40.238045	-539.03845	-658.6863	1000.0	-49.52501	8.489237	14.09968	-88.17676	685000	-0.1435751	328.5254	-0.0019261986	-114.06299	7.5765686	0.41094267	1111.227963924408
137	-591.0156	43.63001	-520.78534	-653.909	1000.0	-53.892624	6.997454	-9.591834	-90.140854	690000	-0.030728977	190.32394	-0.0016642921	-43.69435	7.510914	0.3707701	1119.3187937736511
138	-665.4338	58.59699	-609.26483	-763.3871	1000.0	-54.208717	6.859867	-24.118814	-89.81318	695000	-0.13464428	337.69354	-0.0020712018	-97.48845	7.5389485	0.38178226	1127.5537309646606
139	-590.484	73.97027	-474.39905	-701.84393	1000.0	-56.17731	8.892066	-34.687035	-92.26779	700000	-0.08678228	251.62766	-0.0017317384	-64.83917	7.4923444	0.38073185	1135.6887526512146
140	-623.9347	41.389233	-572.0115	-696.9103	1000.0	-53.49156	8.82797	-24.222275	-90.982834	705000	-0.100050926	262.9095	-0.0014622957	-51.25096	7.5804906	0.40248057	1144.8331005573273
141	-590.9645	43.407036	-530.92474	-654.16327	1000.0	-54.22809	7.711976	6.0128956	-89.82254	710000	-0.11702803	279.53558	-0.0013070777	-65.02678	7.453547	0.33686566	1152.8854055404663
142	-557.275	55.65213	-496.949	-636.16626	1000.0	-52.11972	5.725798	-17.383295	-89.37058	715000	-0.07649819	226.79497	-0.0015309677	-58.120285	7.518064	0.4236409	1160.9573373794556
143	-582.25256	27.959108	-531.5555	-606.38464	1000.0	-51.252026	6.151166	-3.8673582	-85.26073	720000	-0.18369675	245.1697	-0.001456365	-75.41461	7.5141344	0.39532816	1169.2005202770233
144	-554.597	44.328125	-499.5644	-627.76355	1000.0	-51.552906	7.3704023	-18.194273	-88.85136	725000	-0.095859386	266.1792	-0.0020809919	-86.194244	7.501161	0.39161992	1177.2948775291443
145	-584.14386	75.781494	-447.47382	-662.40704	1000.0	-50.978756	3.3506322	-12.475711	-81.141716	730000	-0.14804964	327.19946	-0.0019118339	-70.26453	7.4949713	0.3855412	1185.5136301517487
146	-586.2889	44.40175	-535.4879	-662.3658	1000.0	-52.524742	6.7415953	-8.093662	-88.60989	735000	-0.12725502	216.0135	-0.001911357	-36.373962	7.508292	0.43022963	1193.9747643470764
147	-587.9129	25.543549	-549.3214	-624.3405	1000.0	-51.08542	6.28678	-29.572412	-87.269936	740000	-0.088934615	202.17113	-0.0017371848	-21.729858	7.557257	0.44996464	1202.02503824234
148	-554.95166	60.319313	-470.0738	-646.91516	1000.0	-52.584637	6.6426716	-32.19064	-85.01356	745000	-0.09114759	211.8673	-0.0012612343	-30.744568	7.531872	0.4083639	1210.3943519592285
149	-533.0445	23.69826	-490.0928	-559.73315	1000.0	-50.53005	4.9270864	-35.84755	-82.10075	750000	-0.044160523	303.9476	-0.0014809035	-89.755325	7.5319695	0.4260396	1218.7113840579987
150	-592.40643	56.888004	-513.26324	-664.1381	1000.0	-48.262627	4.2315173	7.836961	-73.36953	755000	-0.074351646	308.517	-0.0013352036	-118.55513	7.477555	0.3781643	1228.1772303581238
151	-524.85315	30.445864	-487.7075	-579.7477	1000.0	-50.700348	5.757457	-31.194971	-86.968346	760000	-0.15027615	218.3956	-0.0016533434	-39.496216	7.505493	0.46638104	1236.7067902088165
152	-602.68115	56.78595	-523.2584	-666.6233	1000.0	-49.11857	6.118333	-23.253279	-84.90884	765000	-0.11770219	333.0414	-0.0012109205	-74.948364	7.4886546	0.3898295	1244.8546779155731
153	-455.82388	224.48857	-14.488174	-606.58246	807.6	-52.02058	8.441765	-0.30027127	-88.44118	770000	-0.036720283	234.91435	-0.0014293119	-56.736496	7.4842186	0.41705826	1253.2061278820038
154	-544.1886	48.697575	-450.27216	-582.1851	1000.0	-50.565514	4.5919824	-11.009904	-80.72095	775000	-0.14194262	223.88945	-0.0013187677	-36.64325	7.4095135	0.3616414	1261.3176679611206
155	-558.89764	27.871563	-535.2817	-612.705	1000.0	-48.545033	4.532724	-4.9989934	-75.56092	780000	-0.0940425	203.2151	-0.0015830547	-34.420593	7.481092	0.3946022	1269.4009516239166
156	-567.4674	22.940884	-542.27106	-606.7539	1000.0	-50.792217	4.9510818	-9.771207	-81.94438	785000	-0.12338247	190.37848	-0.0012224689	-27.296356	7.487097	0.386094	1277.6579849720001
157	-496.41376	219.11093	-66.09671	-651.64996	817.0	-51.38861	5.862943	-28.682968	-84.10159	790000	-0.18653503	382.33804	-0.0014770627	-85.51883	7.4779205	0.41872793	1285.8579075336456
158	-530.2324	30.788382	-491.64514	-573.5612	1000.0	-51.944027	6.344332	-2.7077942	-87.683655	795000	-0.10093326	206.01915	-0.0010395274	-54.319168	7.4369435	0.3687722	1293.963224887848
159	-550.67004	51.48977	-466.491	-623.1154	1000.0	-48.16587	4.3171773	-8.782727	-80.03128	800000	-0.10984641	195.78336	-0.0016388148	-26.32608	7.4440765	0.39835182	1302.127718448639
160	-532.8702	32.9724	-479.12418	-573.7627	1000.0	-50.513813	4.0598383	3.3138335	-77.49685	805000	-0.025411373	205.98132	-0.0018526837	-29.306778	7.500879	0.42188302	1311.2134654521942
161	-560.60876	48.40152	-484.95352	-622.8531	1000.0	-48.505978	3.2252939	-18.829586	-74.03303	810000	-0.15897447	259.164	-0.001692608	-38.224075	7.4682627	0.39648542	1319.3867797851562
162	-520.95056	35.78355	-475.08017	-576.45154	1000.0	-51.733696	4.174983	-0.15605128	-74.61407	815000	-0.11043317	249.0428	-0.0016940981	-53.978607	7.464381	0.42281944	1327.635540485382
163	-535.6358	42.26476	-476.26553	-591.022	1000.0	-47.8646	3.0283568	0.26444262	-71.149574	820000	-0.12619977	184.66672	-0.0017205626	-24.85321	7.4688296	0.40693095	1335.772839307785
164	-568.7398	106.26585	-503.92474	-780.5357	1000.0	-49.27588	4.429881	-8.165263	-77.56205	825000	-0.109698415	283.25037	-0.0020562708	-47.689148	7.5126686	0.42756444	1344.2074403762817
165	-565.7806	34.67632	-521.83856	-627.9469	1000.0	-51.040344	5.7897677	-22.087395	-81.34385	830000	-0.13984582	220.71394	-0.0014644116	-36.00923	7.4840546	0.4048186	1352.3831405639648
166	-442.69125	131.92119	-179.61346	-525.8628	877.2	-49.555164	5.4590893	-33.259636	-83.206635	835000	-0.09715757	206.07259	-0.0018945709	-57.716705	7.4342127	0.37804684	1360.5122423171997
167	-525.81506	18.885075	-491.1205	-545.3347	1000.0	-46.614544	2.9427955	-20.309704	-74.80446	840000	-0.08763726	268.19226	-0.0013584048	-45.23201	7.5054517	0.44391298	1368.4510295391083
168	-547.73535	17.997168	-520.41187	-574.5692	1000.0	-47.686245	3.5374942	4.8328342	-82.06143	845000	-0.033932775	184.08902	-0.0017655566	-30.369843	7.482328	0.39948216	1376.7143795490265
169	-538.32947	26.224995	-501.58856	-565.8615	1000.0	-50.278976	2.7249777	-25.546663	-79.42514	850000	-0.036701694	191.38483	-0.0016743205	-19.6333	7.4475875	0.40164146	1385.003282546997
170	-536.41266	55.941723	-430.96536	-593.0547	1000.0	-48.486485	4.095162	-13.458414	-81.734116	855000	-0.13012305	195.07912	-0.002149582	-33.366837	7.4382734	0.39146835	1394.051266670227
171	-536.6113	70.16218	-475.97388	-638.4914	1000.0	-48.625446	5.6445556	-27.401846	-86.146675	860000	-0.13626176	229.08742	-0.001270324	-42.93669	7.4787	0.422842	1402.2760438919067
172	-570.5246	29.706884	-544.3665	-626.0937	1000.0	-48.499786	4.303305	-11.471965	-81.527374	865000	-0.110498264	206.59715	-0.0014348403	-53.243988	7.4764876	0.40422517	1410.3214905261993
173	-536.16797	80.471695	-405.54965	-616.96545	1000.0	-52.516113	7.9109015	-36.24196	-88.987	870000	-0.07271662	286.6457	-0.0012687817	-77.62236	7.426829	0.42869657	1418.4416427612305
174	-523.3988	55.567593	-450.9075	-595.5382	1000.0	-48.288906	7.7643127	-8.293338	-83.836136	875000	-0.14258136	223.8907	-0.0020513982	-43.473633	7.379272	0.37705326	1426.6843361854553
175	-530.3193	34.07809	-493.9572	-585.395	1000.0	-45.964485	3.6924474	-21.48357	-77.311	880000	-0.14557381	169.07726	-0.0016592443	-23.628983	7.4845085	0.41118068	1434.7394995689392
176	-533.3356	50.654533	-496.01404	-633.79755	1000.0	-48.785908	4.0350075	-12.000279	-79.95167	885000	-0.10757036	178.84175	-0.0013432428	-31.561295	7.378525	0.36865336	1442.912965297699
177	-506.94418	36.865433	-456.73218	-571.62366	1000.0	-49.31563	6.676336	-15.494286	-86.076935	890000	-0.085693724	221.87845	-0.002018422	-61.08644	7.4270186	0.37493807	1451.1152720451355
178	-561.9995	28.403042	-527.5968	-613.56396	1000.0	-44.254536	4.477979	-15.832442	-77.99483	895000	-0.1390966	224.7699	-0.0015185922	-70.51416	7.507075	0.43496192	1459.4198145866394
179	-565.8875	48.63208	-481.99545	-629.12054	1000.0	-50.340107	6.0401673	-24.240065	-86.6795	900000	-0.13164496	166.40295	-0.0021726638	-23.872604	7.4553905	0.41497105	1467.7111296653748
180	-532.0019	69.767166	-467.3227	-661.1637	1000.0	-50.66147	8.512867	-36.377888	-88.50272	905000	-0.12842377	315.02225	-0.0019329786	-73.17784	7.413836	0.40763733	1476.9229247570038
181	-536.30774	54.42323	-462.17242	-593.8903	1000.0	-46.72047	5.373809	-16.089203	-84.17673	910000	-0.11524935	250.72893	-0.001643084	-67.833664	7.431091	0.3760456	1485.0876309871674
182	-524.91296	21.368126	-491.3497	-548.2361	1000.0	-46.638638	5.062454	-10.348429	-72.43481	915000	-0.089746825	179.00186	-0.001158826	-40.92227	7.462291	0.4097967	1493.5282230377197
183	-564.46277	34.25417	-532.1143	-611.2835	1000.0	-48.993824	3.8672502	1.4984406	-74.268875	920000	-0.053020496	236.43672	-0.0016660579	-81.49736	7.4983935	0.4295538	1501.7593486309052
184	-554.04285	46.7469	-474.99313	-611.1699	1000.0	-49.16055	7.480864	-24.523745	-85.8049	925000	-0.120748095	182.90486	-0.0016930774	-48.27707	7.435154	0.40774733	1509.9344537258148
185	-516.01166	47.807354	-457.5778	-578.5706	1000.0	-48.78156	5.0931425	-14.9810915	-79.59108	930000	-0.07814828	224.28238	-0.0018529147	-46.709183	7.4192877	0.40725213	1518.1147034168243
186	-532.81494	70.97044	-402.50403	-591.3104	1000.0	-48.616955	5.9083333	-4.8870487	-84.61514	935000	-0.101683706	264.69476	-0.0013887584	-61.362732	7.389597	0.38867086	1526.2154514789581
187	-537.85974	46.20077	-456.10706	-587.48724	1000.0	-47.262936	5.7406077	-0.5930166	-81.829735	940000	-0.11112372	197.52435	-0.0017749965	-38.61026	7.4557204	0.4075319	1534.4990079402924
188	-519.6382	73.73347	-425.69675	-644.86646	1000.0	-47.149837	5.627683	-14.678908	-82.07206	945000	-0.09639469	275.67154	-0.0023057833	-70.83035	7.412086	0.4070614	1543.3747985363007
189	-537.3524	76.95748	-420.9116	-660.33044	1000.0	-46.006783	5.433086	14.709826	-77.33016	950000	-0.09444324	260.4225	-0.0013719723	-59.920837	7.4476423	0.40143597	1551.6700270175934
190	-509.75504	40.2478	-465.45813	-577.13324	1000.0	-47.125484	4.6527667	5.508751	-78.619316	955000	-0.11561238	194.98044	-0.0016162694	-30.269608	7.426119	0.39761508	1560.7149784564972
191	-520.3443	50.289265	-435.32184	-577.2736	1000.0	-47.43741	4.018164	-14.794771	-79.601776	960000	-0.0457686	178.12042	-0.0015260056	-31.32434	7.489364	0.45986202	1568.922446012497
192	-511.15128	56.46911	-431.3191	-607.48517	1000.0	-47.490242	4.231595	-18.262482	-76.51372	965000	-0.09071149	236.85962	-0.0013626367	-55.02867	7.3849764	0.39422998	1577.0722343921661
193	-548.9584	45.45435	-512.4355	-633.5438	1000.0	-45.319275	4.9155927	-17.491322	-78.99347	970000	-0.116342776	174.82278	-0.0012915358	-40.871887	7.445278	0.41372812	1585.2963936328888
194	-525.0952	54.13466	-453.1195	-608.80023	1000.0	-48.205864	5.3525267	-17.06701	-83.77466	975000	-0.012325659	206.65457	-0.001510948	-49.437317	7.441275	0.43356627	1593.4840908050537
195	-518.5038	31.299053	-474.1092	-552.382	1000.0	-45.869934	6.0376678	-24.163347	-83.925766	980000	-0.12259973	199.73355	-0.0020814463	-51.628006	7.389989	0.39073908	1601.7770817279816
196	-509.08417	36.4945	-451.95007	-548.61096	1000.0	-46.159874	4.0299263	-17.669575	-79.920044	985000	-0.05104083	174.32236	-0.0022577792	-27.844543	7.3493924	0.40186188	1609.9569993019104
197	-522.2737	28.254286	-483.82437	-556.0245	1000.0	-46.11508	3.77285	-20.365473	-74.139885	990000	-0.14430861	161.94914	-0.0015106201	-32.464737	7.4627624	0.4580255	1618.2889275550842
198	-541.6387	36.58152	-471.76712	-574.31555	1000.0	-46.92019	3.2679117	-16.262856	-72.982544	995000	-0.12262124	169.1676	-0.001954198	-28.051758	7.412579	0.40860727	1626.7675342559814
199	-498.8693	50.330715	-426.37735	-558.72656	1000.0	-49.082565	5.4517074	-11.657636	-79.44034	1000000	-0.046242524	374.3507	-0.001426097	-88.27222	7.356693	0.3940198	1634.7913980484009
200	-556.2267	27.753468	-515.5574	-592.92755	1000.0	-44.673534	4.3925004	-2.3525972	-85.12522	1005000	-0.07565926	237.12856	-0.0017788336	-76.21648	7.43202	0.4063604	1644.2820665836334
201	-499.05112	38.465202	-433.15073	-548.2664	1000.0	-49.53012	5.664029	-20.545876	-87.798454	1010000	-0.17144522	204.59247	-0.0013231635	-59.745605	7.418025	0.4071255	1652.3970186710358
202	-578.4406	93.76275	-461.62305	-742.5371	1000.0	-46.037544	4.9269648	-13.396509	-77.52936	1015000	-0.06697904	328.36176	-0.0012326092	-116.00621	7.3459916	0.3812305	1660.5430836677551
203	-509.39697	27.822771	-461.36026	-537.9674	1000.0	-46.279747	5.634032	-4.036168	-86.466705	1020000	-0.05741147	175.62497	-0.0012178756	-27.83136	7.422476	0.40831617	1668.695098400116
204	-511.83725	33.514053	-453.40207	-549.4887	1000.0	-46.55625	5.038105	-12.900392	-78.28633	1025000	-0.09308555	190.81148	-0.0014907047	-40.446564	7.324986	0.38672394	1676.8445806503296
205	-544.60187	35.696194	-501.42676	-591.87396	1000.0	-45.403786	4.7271385	-19.250492	-76.597084	1030000	-0.14648668	207.40202	-0.0017264783	-53.304718	7.3866377	0.4047193	1684.9348950386047
206	-516.64264	66.22804	-466.75558	-640.11017	1000.0	-47.716743	7.0598607	-10.721017	-86.11437	1035000	-0.13659114	251.85345	-0.0010814667	-57.707977	7.4479547	0.4313308	1692.9847609996796
207	-520.3032	18.443415	-501.508	-553.3602	1000.0	-45.939045	4.473689	-19.244814	-83.370125	1040000	-0.15185738	190.59227	-0.0016501099	-36.3235	7.380125	0.39896378	1701.2625353336334
208	-510.128	57.331425	-415.1451	-573.94525	1000.0	-47.526207	7.237381	0.09449923	-83.15688	1045000	-0.15119983	217.5415	-0.0021240413	-54.296127	7.402492	0.4023503	1709.415242433548
209	-506.08588	27.045736	-475.58624	-555.5279	1000.0	-45.21575	3.7676342	-16.373457	-80.03948	1050000	-0.09229055	158.95897	-0.0016386732	-24.581818	7.3841367	0.40301323	1717.611166715622
210	-479.1132	51.296207	-440.8289	-578.5671	1000.0	-46.10819	3.3014827	-12.458205	-77.39877	1055000	-0.12801369	206.0802	-0.0016914904	-42.044617	7.4423985	0.47430855	1726.9155926704407
211	-507.6657	48.725475	-440.39774	-585.6251	1000.0	-43.768974	4.1941395	-15.44963	-76.390915	1060000	-0.040083043	171.67917	-0.0016435757	-46.431328	7.377125	0.40551764	1735.100025177002
212	-487.7058	26.740269	-453.85175	-516.8961	1000.0	-45.101795	6.327582	-17.781746	-83.98889	1065000	-0.04358673	159.8125	-0.0014811903	-32.695686	7.386043	0.44574347	1743.4617080688477
213	-461.66827	55.476784	-387.94107	-555.556	1000.0	-42.87117	4.426138	-20.921007	-72.84062	1070000	-0.0627903	252.01027	-0.001348652	-65.49011	7.4235516	0.4159709	1751.6444861888885
214	-463.98013	27.028118	-422.2812	-498.962	1000.0	-42.5262	3.9648879	0.4086368	-61.26072	1075000	-0.1485993	185.66887	-0.0014894456	-39.332993	7.277875	0.38131943	1759.851840019226
215	-503.98322	50.187107	-439.82123	-577.2141	1000.0	-41.93096	2.9762378	-23.280663	-66.48929	1080000	-0.123685256	163.9618	-0.001525253	-27.0858	7.370714	0.4067979	1768.0066680908203
216	-498.663	35.942986	-460.97845	-543.9252	1000.0	-44.805744	3.1405246	-25.34033	-74.98798	1085000	-0.1406856	175.41325	-0.0015139133	-27.253937	7.3302164	0.379469	1776.2039217948914
217	-512.2883	52.95491	-450.1572	-576.8697	1000.0	-45.305466	5.1519136	-17.569162	-85.40841	1090000	-0.19367114	177.08556	-0.0012385249	-40.5289	7.385456	0.40804213	1784.4368047714233
218	-484.3902	40.445564	-438.37485	-535.3737	1000.0	-45.965668	7.142878	-25.992424	-84.728645	1095000	-0.17373252	228.21655	-0.0019566864	-64.829285	7.39525	0.41230786	1792.5382006168365
219	-491.1042	51.040073	-419.09448	-556.65454	1000.0	-44.513462	4.8381557	-10.783208	-80.08212	1100000	-0.10304023	172.13876	-0.001319237	-35.949966	7.2682986	0.34589633	1800.725051164627
220	-521.3629	49.718086	-439.66107	-592.9192	1000.0	-43.029064	3.9784355	-20.249887	-78.15191	1105000	-0.18048455	217.138	-0.0015603155	-75.52818	7.2640357	0.373941	1811.2924873828888
221	-388.25757	124.366585	-154.33374	-514.9384	831.4	-48.224308	10.546826	-17.326859	-86.98861	1110000	-0.078940496	412.31992	-0.0018636808	-165.13086	7.3305483	0.38768175	1819.4705486297607
222	-506.06207	33.633656	-460.76538	-557.9467	1000.0	-43.651836	5.1126885	-5.966799	-76.53534	1115000	-0.08064778	222.65253	-0.0017672181	-57.67842	7.3276095	0.36470142	1827.536758184433
223	-506.17636	37.81841	-451.48468	-557.1152	1000.0	-45.113605	6.6217947	-11.837304	-84.69728	1120000	-0.053110097	169.5378	-0.0017933585	-34.03531	7.346443	0.41033438	1835.6374657154083
224	-503.91138	41.732082	-461.30978	-578.0055	1000.0	-44.98875	5.0921283	2.301502	-75.28125	1125000	-0.04394195	163.00575	-0.0010577999	-26.75772	7.367142	0.4088115	1843.7073411941528
225	-497.17148	10.796441	-483.10556	-515.0241	1000.0	-44.70538	2.8369744	-24.757341	-69.34275	1130000	-0.15528601	183.3551	-0.0016266555	-19.773285	7.430358	0.4812566	1852.288737297058
226	-523.599	16.366308	-502.88843	-544.693	1000.0	-45.170677	3.908693	-20.267723	-73.61543	1135000	-0.12645654	151.04962	-0.001503855	-25.397812	7.4018154	0.4199875	1860.1671028137207
227	-488.8938	37.194218	-441.04013	-539.53265	1000.0	-46.195415	5.743707	-29.314207	-80.7131	1140000	-0.15647037	192.56137	-0.0015490055	-40.570282	7.398472	0.42131534	1867.9384174346924
228	-445.57788	30.609238	-415.81842	-490.7649	1000.0	-44.914494	3.178881	-23.945518	-71.036415	1145000	-0.08955066	187.44131	-0.0016527697	-43.61711	7.313611	0.38610056	1875.7677578926086
229	-465.04645	26.9491	-428.84134	-504.3036	1000.0	-41.214916	4.7625895	-3.11068	-76.91911	1150000	-0.102291	294.73874	-0.0014313832	-66.61421	7.3252883	0.43302843	1883.9670629501343
230	-454.7408	40.76488	-392.51392	-515.94214	1000.0	-41.70709	4.623117	-13.588706	-77.2842	1155000	-0.06977424	208.85107	-0.0016620308	-46.208725	7.2398	0.35992432	1892.7722616195679
231	-480.42	48.36297	-419.2563	-546.20264	1000.0	-40.37305	4.1761274	1.4833996	-70.4599	1160000	-0.056570686	218.255	-0.0017152391	-43.041153	7.342755	0.40966377	1900.7829310894012
232	-459.9485	57.17071	-395.25223	-544.86597	1000.0	-44.04436	5.9071236	2.8852215	-81.871284	1165000	-0.09230438	292.3087	-0.0015513375	-76.16498	7.327299	0.42977697	1908.6152648925781
233	-471.3837	77.86174	-357.66614	-594.8196	1000.0	-43.251072	6.4013567	10.775667	-77.73069	1170000	-0.042399656	222.1608	-0.0024424829	-60.2614	7.3359733	0.4247327	1916.6054337024689
234	-499.2713	9.981898	-486.41632	-512.8573	1000.0	-41.196682	4.756674	-14.665997	-78.88119	1175000	-0.072031125	161.86618	-0.0017820001	-41.91012	7.2723517	0.35916698	1924.339730501175
235	-434.0586	31.749395	-404.82413	-492.4734	1000.0	-45.10145	4.7450533	-24.4305	-81.09581	1180000	-0.11520394	197.82678	-0.0013741106	-58.899002	7.3115063	0.4275144	1932.1431336402893
236	-467.0001	73.389626	-355.01245	-567.348	1000.0	-39.95491	4.3833733	-18.782515	-72.68051	1185000	-0.09804677	239.60245	-0.0020938218	-61.61708	7.306353	0.42650992	1940.1740119457245
237	-457.38788	38.411793	-400.93866	-505.97787	1000.0	-39.86035	3.5573301	-4.5698137	-68.78235	1190000	-0.1012675	152.41214	-0.0012501255	-27.783768	7.3334937	0.38862708	1948.19349360466
238	-451.1122	12.218749	-430.7172	-467.11044	1000.0	-42.03035	3.5511286	-6.735789	-68.30725	1195000	-0.035336275	119.38575	-0.0016029105	-19.66549	7.3701625	0.45034322	1956.109326839447
239	-479.88336	14.5376425	-453.76016	-492.27652	1000.0	-41.492474	3.7247894	-7.288134	-66.38088	1200000	-0.13928524	161.10945	-0.0016400367	-31.028091	7.3670015	0.42628407	1964.136907339096
240	-503.21796	52.843227	-446.7286	-568.47015	1000.0	-43.321762	3.9467456	-2.5146458	-72.671036	1205000	-0.09087464	297.4686	-0.0012483969	-87.866806	7.3149476	0.4033321	1973.3438832759857
241	-509.93423	33.04927	-470.8829	-555.7009	1000.0	-44.13961	6.577698	-17.638672	-84.75326	1210000	-0.10745996	208.67346	-0.001906909	-42.706284	7.328678	0.3828059	1981.2233436107635
242	-449.70712	70.152885	-371.5001	-543.7604	1000.0	-45.296875	6.0170836	-29.436806	-77.987885	1215000	-0.07706973	230.3516	-0.0016430393	-62.234695	7.252714	0.37509283	1989.3859448432922
243	-477.64093	24.129978	-443.26346	-511.67197	1000.0	-41.5469	7.065882	-6.695056	-86.51167	1220000	-0.094437	182.86673	-0.0017167553	-39.58815	7.3731103	0.42436337	1997.4777190685272
244	-464.90225	22.785854	-443.17017	-498.83206	1000.0	-42.30945	5.1821475	-20.663994	-75.35434	1225000	-0.082929544	158.28905	-0.0016508773	-29.921051	7.349589	0.42407128	2005.637089729309
245	-467.08124	39.529343	-394.41626	-508.7235	1000.0	-42.467686	3.2163694	-16.25512	-75.337364	1230000	-0.07391156	152.88945	-0.0016674623	-28.540977	7.319575	0.4299792	2013.4445354938507
246	-502.76532	30.010048	-445.17166	-528.41864	1000.0	-42.023838	5.5098586	-21.07568	-76.33692	1235000	-0.1189918	203.49445	-0.0010465905	-45.46953	7.3258514	0.383126	2021.2243421077728
247	-426.87006	64.22001	-309.77808	-497.17416	1000.0	-45.485973	6.328725	-2.8202572	-76.86206	1240000	-0.09495918	278.34552	-0.0015695766	-108.125626	7.3042045	0.4077059	2029.112768650055
248	-437.5835	43.786232	-388.7309	-512.9074	1000.0	-39.07718	3.6572163	-0.86903465	-63.936714	1245000	-0.19113655	203.39713	-0.0013407469	-27.85579	7.3284836	0.42164722	2036.5808453559875
249	-461.58112	42.802124	-407.29413	-526.25836	1000.0	-40.12217	2.6521964	-22.096172	-64.03451	1250000	-0.086075075	174.55362	-0.0012168959	-32.076675	7.3319283	0.46137577	2045.1855254173279
