Epoch	AverageEpRet	StdEpRet	MaxEpRet	MinEpRet	EpLen	AverageVVals	StdVVals	MaxVVals	MinVVals	TotalEnvInteracts	LossPi	LossV	DeltaLossPi	DeltaLossV	Entropy	KL	Time
0	4536.7	52.131382	4597.3086	4468.1924	1000.0	0.2584087	0.77643883	2.596534	-3.0473485	5000	0.027241973	176020.42	-0.07529505	-11106.266	15.627066	0.002319858	11.042565822601318
1	4554.259	35.446224	4610.3174	4499.7324	1000.0	13.837788	1.426813	14.257229	-7.499863	10000	-0.00043449708	166571.16	-0.050061587	-5230.0	15.639326	0.001049169	21.870941162109375
2	4548.5977	50.236473	4632.5425	4494.344	1000.0	20.41976	1.0800892	20.519073	-16.816013	15000	-0.011790995	160890.8	-0.033943065	-4458.0	15.630208	0.00044815673	31.722614526748657
3	4568.9443	81.47253	4691.5537	4439.343	1000.0	25.930357	2.268257	26.188856	-21.105843	20000	0.020954795	158653.86	-0.029716572	-4383.4688	15.651108	0.001768298	41.975059509277344
4	4554.6694	21.387129	4582.3257	4529.4263	1000.0	31.601065	1.0629154	31.652431	-11.9489	25000	-0.0023307372	152979.33	-0.021581596	-4052.7031	15.6499815	0.000625165	51.80047035217285
5	4553.083	83.65044	4708.365	4464.073	1000.0	36.882942	1.2752836	36.972935	-3.3002079	30000	0.053163294	148890.83	-0.020849306	-3963.7812	15.607797	0.0013309751	62.149548292160034
6	4534.7275	56.21437	4607.575	4446.5894	1000.0	42.041058	2.0519671	42.203846	-19.598806	35000	0.016714675	143375.62	-0.021429349	-3873.0781	15.621903	-0.00019915657	72.52939224243164
7	4558.312	74.348206	4704.419	4501.6846	1000.0	47.19682	2.5426476	47.339584	-42.04443	40000	-0.045917865	140777.5	-0.016575694	-3787.9844	15.677495	0.0006332838	82.9503402709961
8	4577.2334	36.92385	4621.674	4521.8696	1000.0	52.396748	0.89038694	52.43303	1.7864417	45000	-0.018288339	138658.52	-0.016142214	-3666.25	15.592832	-0.00036462	93.50732946395874
9	4549.1836	41.69852	4592.7285	4474.7046	1000.0	57.408394	2.1574523	57.50777	-35.207603	50000	0.020378185	132713.66	-0.017884862	-3572.3047	15.612491	-4.5210076e-05	103.82190990447998
10	4524.4307	24.497263	4554.2026	4489.4146	1000.0	62.411324	2.1600697	62.50348	-23.411482	55000	0.0025056885	128183.64	-0.01438977	-3464.164	15.629822	-0.00022095928	114.63576483726501
11	4562.361	49.443676	4612.0425	4467.5024	1000.0	67.39441	1.2533559	67.439644	0.26576763	60000	0.044992976	127291.63	-0.016534425	-3408.8281	15.670209	0.00159667	125.15339851379395
12	4547.868	48.069973	4640.243	4506.2046	1000.0	72.28446	2.0484593	72.37365	-25.166695	65000	-0.05230083	121952.64	-0.014075693	-3319.1719	15.561214	0.00025260888	135.78541898727417
13	4576.6025	47.994614	4660.955	4519.1475	1000.0	77.188416	2.0550058	77.245476	-46.70698	70000	0.023476383	120761.164	-0.013056619	-3287.5234	15.570029	0.0012296379	146.19002103805542
14	4570.394	27.62363	4610.083	4531.8804	1000.0	82.068115	1.5759866	82.11967	-16.05263	75000	0.00926044	117684.77	-0.014427249	-3227.25	15.600806	-0.00023510895	156.68114686012268
15	4512.378	24.728977	4553.684	4479.2036	1000.0	86.94181	0.87282395	86.972275	35.099796	80000	0.018806554	111310.16	-0.012658285	-3052.6562	15.615781	0.00016480083	167.2254979610443
16	4523.6367	41.30926	4580.367	4470.139	1000.0	91.672516	1.17723	91.72875	36.19502	85000	-0.022424407	108857.52	-0.013306048	-3030.289	15.646631	0.0004251629	177.85339522361755
17	4551.376	52.42787	4625.4404	4491.4443	1000.0	96.4439	0.9356247	96.47044	50.48616	90000	-0.017790023	106940.305	-0.012222694	-2973.5625	15.612389	0.00035377903	188.30290460586548
18	4549.646	38.99208	4621.3706	4510.4097	1000.0	101.196365	0.21383505	101.20466	89.79083	95000	0.030308643	104495.05	-0.012088874	-2915.8047	15.576816	0.00095323543	198.8931918144226
19	4524.4453	16.783688	4548.2666	4503.721	1000.0	105.91565	0.3787473	105.92464	79.85224	100000	0.031263784	100352.16	-0.012268428	-2815.125	15.653122	0.00041993943	209.63477778434753
20	4530.5103	43.54036	4590.933	4467.7373	1000.0	110.58005	0.37938765	110.58754	84.11749	105000	-0.042676862	97401.34	-0.013122246	-2753.8047	15.6726	-0.0002062624	220.78428602218628
21	4520.0815	62.067844	4635.6475	4450.162	1000.0	115.17888	2.4253442	115.22166	-55.530075	110000	-0.0102645755	93991.195	-0.014469968	-2705.836	15.707394	5.7949064e-06	231.59883785247803
22	4531.948	60.37059	4642.5303	4473.644	1000.0	119.76993	2.3042967	119.816246	-34.41252	115000	-0.033724334	92589.18	-0.01311817	-2669.211	15.6462	0.00047172888	242.11230325698853
23	4557.534	55.01764	4629.3833	4460.912	1000.0	124.39804	0.55791444	124.41828	97.97315	120000	0.028396802	91065.51	-0.012511298	-2646.5781	15.636322	0.0010745812	252.6443736553192
24	4553.469	36.126583	4595.1973	4497.0835	1000.0	129.01698	0.2625732	129.02504	112.30094	125000	-0.073993154	87823.875	-0.009945884	-2565.664	15.562537	0.00015736656	263.1465027332306
25	4557.1357	25.991125	4600.7354	4519.916	1000.0	133.58893	0.19031344	133.59425	121.250946	130000	0.019918183	85608.805	-0.012649036	-2516.3828	15.666055	0.000971419	273.82710337638855
26	4541.159	19.902178	4564.3213	4505.9316	1000.0	138.14008	0.121837415	138.14377	130.67482	135000	0.0022623169	82254.62	-0.011930536	-2433.3672	15.605086	0.00030928766	284.58073711395264
27	4533.757	30.539894	4593.154	4508.352	1000.0	142.61778	1.6789074	142.64496	24.11155	140000	-0.055082835	79461.94	-0.011740461	-2381.5938	15.617603	-0.0007791155	295.1687984466553
28	4541.2466	48.7674	4611.6743	4485.995	1000.0	147.08339	1.1241882	147.11034	90.921524	145000	0.056883045	78261.35	-0.011627339	-2362.4688	15.652951	0.0015081397	306.02149176597595
29	4535.6987	47.9527	4600.906	4459.3213	1000.0	151.56184	1.0702568	151.58284	79.25932	150000	0.038031917	74702.195	-0.009691685	-2280.4531	15.577072	0.00027486516	316.8591432571411
30	4530.9854	52.54468	4598.0405	4466.4824	1000.0	156.0012	0.3734003	156.01059	132.6678	155000	-0.01776525	72573.65	-0.012676485	-2228.4688	15.686072	0.0010106205	328.25778579711914
31	4579.3706	43.083595	4620.729	4510.5796	1000.0	160.4055	0.38485187	160.41862	144.61401	160000	-0.04533178	72679.414	-0.011259455	-2239.25	15.6439	0.0008949751	339.2410321235657
32	4554.164	15.955321	4583.254	4541.354	1000.0	164.84665	0.7028591	164.85873	115.62716	165000	-0.002248889	69382.71	-0.008411163	-2167.8672	15.579349	0.00011420765	349.5208716392517
33	4553.08	70.800865	4662.986	4452.503	1000.0	169.24257	0.5891502	169.25903	134.18443	170000	0.018981684	66552.54	-0.012464168	-2094.1914	15.554313	0.00062626455	360.0861439704895
34	4557.282	52.112694	4660.6973	4519.373	1000.0	173.56589	3.0063782	173.61023	-38.947506	175000	-0.04667095	65131.81	-0.013463352	-2088.4922	15.607187	0.001499357	370.72637820243835
35	4587.3804	35.365368	4626.0244	4520.6113	1000.0	177.94417	0.79202443	177.95673	121.97476	180000	0.015465634	64025.113	-0.011830386	-2052.121	15.627181	0.00056519965	381.5391354560852
36	4535.0415	26.21777	4577.665	4503.235	1000.0	182.11792	7.5671544	182.31778	-161.43434	185000	-0.034777008	59974.938	-0.009040937	-2089.0898	15.5354	0.0004035322	392.5378725528717
37	4498.3135	45.084427	4574.8125	4450.4204	1000.0	186.57027	0.39287588	186.58502	168.97975	190000	0.08472603	56163.758	-0.01316414	-1827.7695	15.644692	0.0013537753	403.1720459461212
38	4549.9946	36.096935	4610.019	4515.26	1000.0	190.75198	0.55574566	190.7635	152.78531	195000	-0.028272768	56925.773	-0.010956859	-1862.2461	15.61999	0.0015568704	413.6098988056183
39	4545.425	32.173622	4583.2163	4488.331	1000.0	194.99432	0.4768739	195.0047	161.83511	200000	-0.014790265	54611.34	-0.009541672	-1799.3281	15.597744	0.00014073926	424.21031737327576
40	4537.413	44.22338	4613.358	4486.7046	1000.0	199.1745	2.2329786	199.21384	43.673626	205000	-0.044074994	52676.668	-0.010658234	-1775.1211	15.672624	4.203186e-05	434.96087980270386
41	4532.9785	24.716148	4575.6934	4500.196	1000.0	203.39153	0.2156159	203.39905	192.49292	210000	0.03307796	50851.336	-0.011021838	-1708.3086	15.627989	-0.00015122165	445.52660059928894
42	4554.121	57.02326	4657.421	4496.1064	1000.0	207.5115	2.5779932	207.5598	29.01184	215000	-0.0875159	49942.61	-0.014664695	-1707.2422	15.596381	0.0011075216	456.2810368537903
43	4532.921	26.680117	4567.9966	4495.037	1000.0	211.70055	1.1550854	211.72346	132.25099	220000	-0.0021557007	47400.875	-0.008855768	-1631.0508	15.59001	0.00020108909	466.893926858902
44	4538.919	49.55549	4605.5483	4451.748	1000.0	215.79083	2.2761824	215.84209	67.62272	225000	-0.037266716	46053.336	-0.011606894	-1596.6836	15.546217	0.0008601358	477.6090269088745
45	4512.5625	32.043736	4555.118	4458.1147	1000.0	219.86505	3.7409754	219.94052	-32.60474	230000	0.006052533	43703.707	-0.008290589	-1563.4883	15.553719	-3.680172e-05	488.3564579486847
46	4521.5635	33.993122	4562.3545	4465.985	1000.0	223.98312	0.13986175	223.98929	217.71954	235000	-0.07621308	42380.72	-0.010322347	-1485.1992	15.645559	0.0004489805	498.94944977760315
47	4575.798	38.252884	4628.7515	4525.207	1000.0	227.94505	2.652769	228.02362	101.23949	240000	0.063487194	42757.332	-0.009269066	-1550.25	15.627802	-0.00056436786	509.60814690589905
48	4530.958	26.713572	4556.467	4492.4644	1000.0	232.0821	1.4601222	232.11768	132.44049	245000	0.014705719	39924.96	-0.008679483	-1430.2891	15.638825	0.00047559795	520.1441304683685
49	4552.2803	44.51848	4617.605	4495.7783	1000.0	236.12207	0.13162734	236.12633	227.90233	250000	-0.02402089	39401.14	-0.009718591	-1398.0703	15.690828	-0.0005567099	530.8932619094849
50	4543.202	53.956997	4637.8057	4497.759	1000.0	240.12245	0.8525872	240.13715	180.02214	255000	-0.012602948	36947.227	-0.01202558	-1335.1875	15.672529	0.00020326558	541.8178491592407
51	4527.9985	51.109127	4589.9243	4444.327	1000.0	244.07715	0.2572077	244.08556	228.93787	260000	0.032974117	35500.4	-0.010684874	-1283.5781	15.637688	0.0009051842	552.5142576694489
52	4495.958	53.84151	4559.4844	4413.872	1000.0	247.97318	0.94965047	247.9963	191.4484	265000	0.020416884	33226.656	-0.009935057	-1215.2793	15.699158	-0.00018400593	563.187493801117
53	4522.082	39.981125	4575.08	4464.604	1000.0	251.81525	0.34051448	251.82513	230.50017	270000	-0.010690134	32729.773	-0.012597291	-1198.5645	15.667193	0.0008567625	574.0860440731049
54	4557.436	55.84792	4607.511	4457.616	1000.0	255.6668	0.13770452	255.67052	247.68697	275000	-0.05674958	32426.65	-0.00987399	-1204.6992	15.580423	-0.0003705263	584.4092206954956
55	4501.627	65.70117	4577.824	4380.06	1000.0	259.5054	3.5929022	259.56326	7.548728	280000	-0.043363392	30090.225	-0.011867322	-1131.998	15.625992	0.0013249287	594.8384006023407
56	4559.7705	40.44164	4588.0376	4480.239	1000.0	263.311	1.0176985	263.33148	195.59145	285000	0.024680793	30461.719	-0.008735165	-1139.625	15.616054	0.00012037048	605.4336442947388
57	4558.74	16.933111	4590.357	4542.446	1000.0	267.1671	0.26956984	267.17288	248.84323	290000	-0.019705908	29431.373	-0.010548366	-1116.8516	15.599894	1.8028259e-05	616.3642091751099
58	4538.378	41.508194	4612.1494	4487.4673	1000.0	270.95822	2.898628	271.01822	71.32762	295000	0.04250372	27359.855	-0.0105244145	-1063.6816	15.626295	-0.00037750264	627.2411913871765
59	4542.8906	45.15954	4595.949	4483.945	1000.0	274.70532	2.600544	274.76724	101.53466	300000	-0.021986343	26804.48	-0.014787752	-1042.2793	15.683075	0.00040970842	638.3913390636444
60	4543.52	81.75545	4624.8496	4434.345	1000.0	278.49365	0.36008134	278.50488	255.8717	305000	-0.011450641	25431.055	-0.009373156	-976.56055	15.619069	0.00041415213	649.9690206050873
61	4537.185	51.29896	4603.0405	4471.744	1000.0	282.15723	2.0050313	282.2021	145.42706	310000	-0.045776896	24672.293	-0.010796528	-963.06055	15.617289	0.0005439838	660.4803891181946
62	4532.401	39.33849	4579.1	4463.944	1000.0	285.68176	6.264603	285.87054	-60.196808	315000	-0.028914459	23940.717	-0.010506716	-1003.65625	15.616247	-0.00063722994	671.0036623477936
63	4570.264	36.262535	4601.9927	4499.354	1000.0	289.50616	0.33488727	289.51334	266.60858	320000	-0.006204825	23411.434	-0.00999172	-892.23047	15.705828	-0.0009158869	681.597599029541
64	4511.401	56.936382	4579.612	4426.0576	1000.0	293.14716	1.0709703	293.1712	219.46536	325000	0.029832056	21257.066	-0.011834566	-806.4492	15.597157	5.309124e-05	692.4599797725677
65	4592.8726	53.22417	4686.3	4533.2686	1000.0	296.5886	3.0435007	296.68353	133.33052	330000	-0.05501377	22181.107	-0.011526294	-876.4844	15.539946	0.00013523159	703.51567029953
66	4557.365	30.546188	4598.94	4518.7593	1000.0	300.296	0.0362107	300.29688	297.96765	335000	-0.0073780455	20706.656	-0.00961349	-783.7285	15.670959	-0.00079032057	714.092068195343
67	4525.855	49.407734	4588.601	4451.7256	1000.0	303.82944	0.8024437	303.84607	248.92094	340000	-0.042961203	18771.037	-0.0107674785	-714.16016	15.606323	0.00024908944	724.8118205070496
68	4530.651	55.30643	4610.155	4446.8784	1000.0	307.24976	0.563312	307.2629	270.18066	345000	0.0019867797	18618.818	-0.011877503	-688.2363	15.644761	0.00038092214	735.7223281860352
69	4526.3965	59.03528	4600.6924	4440.398	1000.0	310.5797	3.7265005	310.64218	47.547825	350000	-0.05387041	17787.164	-0.011683732	-696.5	15.605922	-0.00035815488	746.4639546871185
70	4576.9565	41.124725	4654.624	4537.3384	1000.0	313.98026	0.04122832	313.98135	311.82065	355000	0.027235938	18087.83	-0.009654084	-670.4531	15.576818	0.00040091897	757.3604245185852
71	4574.5615	21.88595	4596.7905	4537.2954	1000.0	317.40152	0.40287015	317.40845	289.1345	360000	0.007928045	17435.49	-0.010285607	-647.1992	15.614059	0.00044828645	768.2182927131653
72	4554.5205	42.94937	4625.704	4497.2383	1000.0	320.74622	2.7828684	320.81784	147.69394	365000	0.063002005	16263.376	-0.009738162	-606.01074	15.50755	0.0005284628	778.9089910984039
73	4518.6973	28.91875	4548.6777	4468.9663	1000.0	324.05676	1.6714884	324.09552	229.24716	370000	0.11586448	14682.771	-0.01074741	-531.0752	15.656653	0.00019286804	789.7634747028351
74	4518.235	54.553627	4560.6396	4410.599	1000.0	327.20624	1.357011	327.24634	249.40182	375000	0.014640567	15074.067	-0.010165497	-519.63184	15.62013	0.00019369202	800.4809355735779
75	4541.7334	10.235997	4555.351	4524.543	1000.0	330.3781	0.18129486	330.3836	322.1233	380000	0.015352069	14442.436	-0.010876596	-510.95898	15.641847	0.00070468825	811.0478808879852
76	4519.856	31.342903	4556.662	4476.4043	1000.0	333.50656	0.68933624	333.52246	287.72873	385000	-0.029326688	13589.13	-0.01171238	-445.93652	15.574847	0.0016367333	821.3556914329529
77	4546.093	46.398415	4628.534	4491.346	1000.0	336.5074	1.8760991	336.53705	204.1192	390000	-0.081247985	13630.512	-0.013118051	-465.32324	15.580945	0.0008177769	831.778039932251
78	4563.419	40.803284	4614.421	4501.2915	1000.0	339.60995	0.28393167	339.61752	321.02216	395000	-0.02918948	13465.313	-0.01140002	-457.92188	15.628059	0.00021104889	842.1484036445618
79	4522.3325	39.989822	4567.0864	4465.656	1000.0	342.6043	2.520178	342.71707	226.99843	400000	-0.007768573	12396.282	-0.009759357	-397.3213	15.731425	0.00023379306	853.2369916439056
80	4544.128	53.91165	4617.102	4463.7275	1000.0	345.57574	0.8379361	345.60956	312.10193	405000	0.055013023	12257.113	-0.009538945	-445.53613	15.64586	-0.0002954939	864.5557796955109
81	4595.913	14.012166	4615.533	4574.298	1000.0	348.21338	6.5048385	348.51242	45.226696	410000	-0.03898878	12849.386	-0.011769172	-484.71875	15.604852	0.00047699318	875.4761188030243
82	4528.8774	45.7488	4595.4023	4452.334	1000.0	351.38223	2.4539907	351.5842	293.8216	415000	-0.017483093	11631.445	-0.01031746	-1502.8213	15.59935	-0.00025430755	886.2611973285675
83	4532.466	32.918358	4591.1606	4497.688	1000.0	343.5848	27.180952	354.41278	-151.52544	420000	0.034139	12516.02	-0.010943754	-2170.5234	15.557274	0.00072281325	897.1359930038452
84	4550.7056	40.058186	4601.5356	4486.824	1000.0	355.23145	12.461477	357.24634	27.785965	425000	0.08512162	11486.586	-0.009990551	-771.02734	15.654669	0.00031036817	907.921680688858
85	4550.0205	42.098892	4615.135	4488.877	1000.0	359.0219	11.328986	359.95294	-14.629356	430000	0.010935016	10893.359	-0.011638538	-959.34375	15.646992	0.00041648903	918.2568461894989
86	4568.0615	47.725826	4658.946	4520.5347	1000.0	358.8983	15.700723	362.70023	-93.18364	435000	0.04410962	11097.586	-0.014442548	-998.3096	15.549645	0.0007082596	929.092494726181
87	4541.5156	47.17466	4591.005	4452.0312	1000.0	364.66852	7.583379	365.3205	85.64426	440000	0.0657371	9951.888	-0.010880519	-370.5586	15.518328	-0.00014911137	939.8859486579895
88	4548.589	31.438509	4580.6675	4498.877	1000.0	367.54114	10.82217	367.8215	-268.27838	445000	0.08443154	10188.941	-0.009628631	-369.28418	15.653587	0.00059787923	951.164731502533
89	4564.177	58.66209	4658.5093	4507.2866	1000.0	369.9647	6.711656	370.27167	-2.871297	450000	-0.01414776	9757.424	-0.0156011935	-805.13086	15.607109	0.00033998812	961.7372810840607
90	4534.7505	36.401646	4586.614	4481.7744	1000.0	367.9211	22.17994	372.813	97.8821	455000	0.046225335	9487.804	-0.015980285	-2177.8135	15.648663	0.0015628847	973.0342648029327
91	4531.5986	31.637247	4570.9824	4477.994	1000.0	366.87463	32.71976	375.4067	-325.82117	460000	-0.009167856	10496.07	-0.00919483	-1918.6543	15.625139	0.00011274662	983.700012922287
92	4498.245	30.484201	4545.8022	4450.38	1000.0	371.46634	25.372885	377.68323	-291.9132	465000	0.008267441	9334.261	-0.018795881	-2133.3496	15.634575	0.000870928	994.0991108417511
93	4567.1777	22.506643	4596.415	4532.3203	1000.0	375.20685	16.94499	379.83707	183.84412	470000	-0.026940316	9440.86	-0.011748027	-1141.4414	15.605919	0.00064411084	1004.7126696109772
94	4548.2944	13.39441	4567.349	4527.3896	1000.0	379.31604	14.328171	382.1562	-11.549105	475000	0.010128439	9157.336	-0.010089539	-1426.8638	15.558516	-0.0006265232	1015.5669167041779
95	4559.3604	45.43738	4623.5195	4503.399	1000.0	375.89395	24.071453	384.47086	47.731148	480000	-0.033443734	9636.875	-0.012189969	-2803.1191	15.652841	-0.00024995176	1026.3259603977203
96	4564.966	109.85939	4690.853	4367.4736	1000.0	376.77707	26.646713	386.86493	132.91626	485000	-0.02146947	9837.047	-0.013595153	-2200.6323	15.563278	0.00064826163	1037.1037771701813
97	4546.3384	48.008232	4596.433	4468.512	1000.0	386.3874	10.490544	388.9666	233.04953	490000	0.0043759337	8981.143	-0.010832208	-1271.9683	15.604732	0.00061843434	1047.6924073696136
98	4563.314	47.699696	4644.665	4510.7954	1000.0	369.69003	42.184322	390.86923	65.76804	495000	-0.01699049	10953.95	-0.013853552	-3940.811	15.5973215	0.0004554674	1058.6405620574951
99	4555.5386	25.17758	4578.1777	4510.4097	1000.0	379.40582	39.58389	393.05017	-112.24777	500000	0.04687713	9448.978	-0.011942819	-2463.372	15.576831	-6.865425e-05	1069.3905282020569
100	4544.2197	53.818626	4638.3096	4474.3867	1000.0	387.19888	25.703388	395.03833	119.09862	505000	-0.06917101	8198.619	-0.010911748	-1939.4473	15.552326	0.0007332148	1080.4289484024048
101	4537.202	44.737053	4596.777	4463.024	1000.0	382.27014	43.236465	397.12967	18.665405	510000	0.041374754	9483.147	-0.013492582	-2109.1978	15.685797	0.0008727825	1091.1503040790558
102	4539.4043	54.20572	4594.8423	4466.1104	1000.0	395.68146	12.104961	398.72537	205.64735	515000	0.03104472	8287.642	-0.0097529255	-654.3706	15.676031	-0.0006298605	1101.9668259620667
103	4546.2954	26.032728	4587.718	4509.354	1000.0	390.95044	30.86178	400.0145	142.66805	520000	0.027831385	8276.8125	-0.012128163	-1725.7432	15.649356	0.0017881668	1112.1566994190216
104	4547.3335	44.218323	4597.091	4483.067	1000.0	393.34305	23.019102	401.73972	118.969635	525000	-0.03753191	9019.797	-0.013931993	-2190.4688	15.58559	0.00047547225	1122.577908039093
105	4519.1616	31.102592	4572.663	4485.406	1000.0	384.72754	39.879173	403.25275	104.88802	530000	0.005553601	8404.697	-0.010251239	-2583.7812	15.634137	0.0004066509	1133.2074234485626
106	4560.8228	83.33046	4646.2144	4451.4365	1000.0	392.2736	34.503384	404.73642	132.3897	535000	-0.01568634	8885.67	-0.010604821	-2075.505	15.616299	0.000110713765	1143.709225654602
107	4560.361	78.007324	4692.5	4460.596	1000.0	394.5251	26.217575	406.1406	127.28828	540000	0.012811194	8751.304	-0.014046064	-2392.6855	15.624167	0.00025824682	1154.2226819992065
108	4537.5938	17.556627	4552.734	4508.3545	1000.0	390.0403	36.459164	407.70547	-12.951341	545000	0.012271008	9608.474	-0.012868494	-2881.5103	15.6884	0.0008708521	1164.9824721813202
109	4550.4976	37.94778	4598.2715	4503.806	1000.0	396.8703	26.434526	408.94925	-266.5347	550000	0.025697425	8740.562	-0.013657227	-1998.3345	15.6082	0.0003799881	1175.8468191623688
110	4562.087	18.696577	4586.9565	4540.638	1000.0	399.04474	22.471066	410.0185	232.76918	555000	0.048427884	8589.3545	-0.010034081	-1930.9653	15.594122	0.0005483143	1187.108617067337
111	4520.6265	26.769089	4548.027	4479.4165	1000.0	393.60498	31.971745	411.2994	-81.99197	560000	-0.03971035	9235.992	-0.013516139	-3240.7456	15.662384	0.00031132222	1197.6360094547272
112	4541.8013	60.175144	4655.034	4478.5845	1000.0	388.06882	40.54024	412.49524	30.807001	565000	0.02767229	9808.757	-0.010166798	-3042.9106	15.569727	0.0012670478	1208.1175074577332
113	4555.579	42.689407	4629.5684	4512.829	1000.0	404.8373	20.786238	413.34015	190.66666	570000	0.062124684	8424.229	-0.00993954	-1520.1211	15.586575	-0.0002506096	1219.1899774074554
114	4554.198	75.29303	4630.5024	4416.881	1000.0	398.24585	28.311785	414.02246	116.755135	575000	-0.016458793	9258.253	-0.010948556	-2289.5586	15.700682	0.0009161934	1229.5806205272675
115	4555.322	14.735233	4575.473	4535.3765	1000.0	402.34296	23.70974	414.80115	228.47758	580000	-0.05426126	8643.392	-0.014235333	-2016.0693	15.628809	0.0020307438	1239.9740824699402
116	4571.8164	35.316093	4609.587	4519.2686	1000.0	394.0677	31.754057	415.8126	136.09802	585000	-0.008482434	9172.277	-0.012017755	-2702.1592	15.665167	0.00015057926	1250.4700601100922
117	4555.415	52.12504	4619.6587	4473.7456	1000.0	394.4663	34.146206	417.14597	145.99489	590000	-0.0014541504	9201.958	-0.011233887	-3023.6274	15.6236925	0.00017874679	1262.02872133255
118	4530.114	21.808676	4549.548	4503.189	1000.0	400.05408	31.554287	418.13052	-5.149709	595000	-0.06308964	10007.658	-0.011626534	-2656.9092	15.647375	0.0006472174	1272.394492149353
119	4545.5093	42.05153	4619.891	4497.708	1000.0	396.01468	32.216576	418.04626	-13.957691	600000	-0.052069593	8832.082	-0.013175759	-3198.4844	15.647138	0.00010499287	1283.0797371864319
120	4565.3564	49.83977	4636.362	4493.1104	1000.0	402.8441	28.299234	419.21234	175.40227	605000	-0.00048806763	9323.302	-0.010080059	-2514.001	15.587793	0.0006273983	1294.2453019618988
121	4570.4365	34.720078	4626.0596	4531.0737	1000.0	398.46686	32.59159	419.78113	93.93032	610000	-0.03554018	9446.02	-0.011176944	-2879.795	15.65062	0.0005592338	1304.7574572563171
122	4580.002	42.788315	4628.42	4509.543	1000.0	398.5802	33.5345	420.7029	174.04196	615000	0.017506637	9220.043	-0.01098174	-2851.524	15.6292715	0.0008973795	1315.4064147472382
123	4536.25	20.504454	4558.3135	4506.0386	1000.0	400.74457	33.962715	421.99603	211.98294	620000	-0.004800806	9074.301	-0.012762781	-2873.0146	15.699666	0.0010330395	1326.051881313324
124	4572.992	69.39795	4676.2876	4466.7188	1000.0	398.28384	36.286472	422.43655	156.66501	625000	0.04635689	9645.233	-0.012933649	-2967.0415	15.668662	0.0002837284	1336.9935882091522
125	4560.16	46.459076	4630.8555	4504.668	1000.0	400.7943	33.356216	422.9477	-5.5847907	630000	0.03348596	9419.95	-0.011659691	-2655.5757	15.702244	-6.520767e-05	1347.6107804775238
126	4575.0483	60.10359	4640.297	4472.3296	1000.0	397.41644	36.359573	423.105	135.90785	635000	0.005840982	9606.608	-0.011616623	-3313.294	15.60901	0.0005353247	1358.2680435180664
127	4584.616	42.4653	4646.0986	4515.3574	1000.0	403.5567	32.156258	423.89725	200.09946	640000	0.07110774	9213.168	-0.011771545	-2887.6255	15.59405	4.104042e-06	1368.8440628051758
128	4550.0146	18.03429	4577.7695	4523.413	1000.0	404.42007	34.153385	424.88007	92.90912	645000	0.0136139095	9181.501	-0.010712579	-2743.8003	15.654806	0.00061412907	1379.3437283039093
129	4529.001	25.346779	4570.0527	4493.1787	1000.0	405.23758	29.765657	425.15295	195.10945	650000	0.0688158	8693.89	-0.011335805	-3555.7598	15.5987625	0.0005967163	1389.9634573459625
130	4526.0303	39.930202	4564.89	4454.3867	1000.0	397.1418	41.565857	426.49002	61.117844	655000	0.01267583	9453.033	-0.010449383	-3184.8848	15.631895	-0.0005235243	1401.033656835556
131	4560.744	21.816782	4596.236	4533.3765	1000.0	405.32907	32.314598	426.1272	7.092814	660000	-0.07314868	9238.414	-0.01194977	-2526.0415	15.616776	-0.0003894823	1411.8564205169678
132	4540.6196	36.095554	4591.309	4497.7397	1000.0	402.17	36.193314	426.29224	94.09817	665000	-0.034808952	9141.301	-0.016959798	-3182.855	15.677321	0.0013575889	1422.937186717987
133	4549.2803	45.432495	4605.0874	4472.004	1000.0	393.52734	43.912174	427.204	116.98655	670000	-0.016502198	9293.076	-0.013725121	-3679.579	15.597153	0.00040026702	1433.6712186336517
134	4554.923	21.926966	4582.9067	4531.4434	1000.0	410.49084	29.298328	427.9036	173.79878	675000	-0.019386278	8693.883	-0.012248354	-2455.1123	15.592175	0.00057091104	1444.5033962726593
135	4523.626	10.834305	4536.002	4507.7124	1000.0	378.938	57.534325	428.2948	58.587116	680000	-0.040436644	11205.588	-0.010570206	-5430.044	15.646606	0.00065368135	1455.7743604183197
136	4568.624	82.37512	4664.006	4416.0996	1000.0	414.0984	27.11021	428.7368	162.2992	685000	-0.055810023	9067.755	-0.016575497	-2192.2373	15.69239	0.000665983	1466.9053049087524
137	4540.266	27.609108	4570.277	4490.5303	1000.0	403.03973	34.711376	428.18506	-99.142456	690000	0.009652301	8591.688	-0.016212061	-2539.5347	15.605765	0.0009980446	1477.4084525108337
138	4551.0283	31.012995	4576.834	4491.836	1000.0	405.6757	31.356632	428.6098	197.61559	695000	0.014902088	9026.042	-0.012031266	-1978.9258	15.655597	0.0007918531	1488.0515768527985
139	4571.3936	36.965675	4630.9727	4516.553	1000.0	406.2277	29.474098	427.9378	-57.47181	700000	0.014191098	8833.183	-0.013166	-2124.6772	15.622081	0.0017062327	1499.0419552326202
140	4546.4194	38.418697	4610.1807	4496.2617	1000.0	404.6667	29.008703	428.11682	162.9453	705000	-0.07685786	8591.429	-0.010606952	-2303.164	15.62616	0.00022832317	1510.5555336475372
141	4577.56	53.32819	4661.7817	4499.4297	1000.0	387.52823	46.599693	429.1643	111.01512	710000	-0.08386092	10899.745	-0.011686787	-4243.2637	15.576855	0.00061853905	1521.1331672668457
142	4562.6685	116.07162	4777.43	4442.398	1000.0	413.1031	23.5489	429.02203	238.41785	715000	-0.03738601	9183.243	-0.011789799	-1856.0503	15.571547	-8.9024164e-05	1531.8602612018585
143	4558.7266	64.81776	4658.926	4473.057	1000.0	404.83923	25.270506	428.5813	177.72923	720000	0.0048391325	8576.278	-0.013732067	-2041.4873	15.717007	0.00077689206	1542.502830028534
144	4573.6914	58.000023	4677.92	4505.493	1000.0	403.7946	30.4205	429.32388	133.01006	725000	-0.039216023	9174.847	-0.009808153	-2245.229	15.538096	0.0009377703	1553.0001230239868
145	4549.8647	42.49535	4612.6875	4498.5244	1000.0	402.38956	33.861217	429.56308	180.18866	730000	0.051067565	9073.83	-0.011382408	-2683.2036	15.616889	0.00037368716	1563.7052624225616
146	4528.003	41.996258	4604.016	4484.241	1000.0	410.2728	29.42131	429.84802	191.10234	735000	-0.043067966	8548.85	-0.011094768	-1988.6455	15.667189	0.0010618569	1574.7313368320465
147	4553.646	25.731186	4591.914	4528.5747	1000.0	402.8813	32.66641	429.25214	153.51988	740000	-0.033009876	9025.102	-0.01446956	-2471.689	15.583806	0.00047246495	1585.3689923286438
148	4563.8076	46.600628	4626.697	4483.844	1000.0	399.59186	34.536892	429.42197	121.46054	745000	-0.03879875	9457.286	-0.011244591	-2830.671	15.617337	-0.00015282173	1596.1466908454895
149	4547.6226	21.150812	4577.4097	4516.6436	1000.0	408.67975	27.353725	430.29007	199.5004	750000	0.041771583	8695.621	-0.010220144	-2327.273	15.635089	0.00036797504	1606.652287721634
150	4538.6567	42.89346	4595.188	4473.289	1000.0	390.82324	44.966408	430.4159	-195.54927	755000	-0.0024897156	9851.832	-0.010631848	-3653.7432	15.615895	0.0004945442	1618.2374007701874
151	4550.892	54.025646	4610.552	4454.373	1000.0	409.90726	28.390793	430.69562	227.75822	760000	-0.015248858	8861.794	-0.010897632	-1876.6284	15.542041	2.1778108e-06	1629.1317620277405
152	4522.457	41.532635	4586.2485	4459.5845	1000.0	401.3556	32.585316	430.73822	155.10985	765000	-0.054182976	8483.724	-0.014128134	-2755.8965	15.669291	0.00090121536	1640.247015953064
153	4523.336	40.555767	4582.049	4458.452	1000.0	406.25876	31.635801	431.66122	237.53726	770000	-0.07778329	7862.4297	-0.012224197	-2416.8818	15.654143	0.00036804017	1650.6341462135315
154	4577.792	47.201744	4629.679	4493.652	1000.0	403.66016	40.469227	432.08502	133.2543	775000	0.030417541	8928.782	-0.009853335	-2102.1885	15.677658	-0.00033522243	1661.10320520401
155	4535.7217	29.97663	4580.052	4501.493	1000.0	409.4319	30.313053	431.8797	156.4585	780000	-0.056913458	8176.355	-0.012915872	-1576.5537	15.675781	0.0013569067	1672.1579387187958
156	4527.634	23.835987	4557.694	4492.379	1000.0	402.8132	37.659523	431.892	81.73699	785000	0.037007604	8128.5234	-0.011342162	-1981.6841	15.5747175	-0.00036502094	1682.683260679245
157	4559.573	47.873642	4606.213	4468.2285	1000.0	412.3819	25.065117	432.07428	136.39153	790000	-0.02253078	8679.178	-0.012341011	-1655.7915	15.492917	0.0003784502	1693.035474061966
158	4554.633	16.37021	4573.162	4528.138	1000.0	406.86676	27.850504	431.31308	96.23341	795000	0.037512716	8741.994	-0.010976549	-1837.4365	15.633415	0.00024646777	1703.5381581783295
159	4597.746	85.0842	4698.6973	4445.435	1000.0	403.561	35.1539	431.70297	125.02335	800000	-0.02363998	9805.29	-0.01056939	-2456.0303	15.592937	0.00023734875	1714.1856343746185
160	4526.064	31.427126	4576.1973	4486.7285	1000.0	405.93045	32.610172	431.60815	102.697975	805000	-0.055915505	7904.946	-0.010078989	-2348.6167	15.67103	7.992611e-05	1724.9572670459747
161	4533.248	46.32795	4620.9297	4491.2427	1000.0	397.42484	45.98652	433.61887	72.82566	810000	-0.0019419495	9504.27	-0.01128118	-3320.124	15.597096	-0.0004902275	1735.0129189491272
162	4537.9404	35.523224	4590.88	4496.864	1000.0	414.45844	23.10045	432.2361	159.0386	815000	0.07772621	8628.731	-0.010235645	-1773.3232	15.625955	0.00054012565	1745.3000280857086
163	4558.8843	10.7529	4576.8706	4544.923	1000.0	402.4149	28.363585	431.80554	202.19676	820000	0.018672192	8755.389	-0.01334867	-2056.996	15.561215	0.0011808537	1755.7137355804443
164	4548.2593	25.11434	4588.8564	4512.3564	1000.0	401.52533	33.962734	433.6698	160.4415	825000	0.073256284	9034.749	-0.01320244	-2540.914	15.564135	0.00014126225	1765.635452747345
165	4559.534	58.81875	4661.612	4478.829	1000.0	396.1128	38.649525	432.71307	-20.052822	830000	0.0073397155	10077.429	-0.014397753	-3164.1528	15.703524	0.00016980057	1775.8004839420319
166	4539.634	45.317062	4598.914	4466.909	1000.0	405.35904	32.553745	433.28015	159.96635	835000	0.0073295534	8286.582	-0.01136933	-2544.7373	15.662633	-0.00030631505	1786.151658296585
167	4578.904	52.054173	4661.9243	4523.9956	1000.0	399.6049	41.43411	433.38138	194.50142	840000	0.05917172	10023.935	-0.011634819	-3179.312	15.61655	-0.0004468359	1796.379444360733
168	4548.776	20.864437	4570.3843	4515.7	1000.0	412.4446	24.85629	433.16205	245.21489	845000	-0.018425021	8587.171	-0.009588843	-1469.4927	15.621566	0.0013253561	1806.324777841568
169	4594.284	29.90437	4640.562	4550.229	1000.0	407.96344	26.991438	432.5488	6.665907	850000	-0.022516914	9459.012	-0.016756982	-1713.8677	15.590093	0.0016659119	1816.3253333568573
170	4557.841	21.563786	4600.233	4541.801	1000.0	405.6703	29.83999	432.75275	230.18494	855000	0.028118871	9017.542	-0.011242418	-2216.9653	15.630778	0.00062681636	1827.6079037189484
171	4537.2056	37.205402	4581.008	4495.27	1000.0	401.13995	31.71801	432.89658	231.78151	860000	0.022674182	8848.042	-0.011147864	-2791.8867	15.560581	0.00027160873	1837.837382555008
172	4548.165	76.733795	4640.4795	4408.6694	1000.0	409.80746	30.945553	433.77173	132.90182	865000	-0.004870819	8867.068	-0.015271075	-2173.9521	15.602428	0.00037813283	1847.9617352485657
173	4545.573	31.33868	4584.2163	4501.9277	1000.0	403.51028	30.76079	432.9564	176.57281	870000	-0.02730613	8779.988	-0.011418914	-2271.3896	15.554891	-0.0006842844	1858.1095764636993
174	4555.7354	13.504531	4575.632	4536.942	1000.0	403.82025	31.690586	433.29843	209.00671	875000	-0.040557653	9311.055	-0.0114826	-2377.354	15.619277	0.00047322197	1868.5471272468567
175	4574.6143	49.196835	4643.4604	4490.1523	1000.0	404.8875	29.9446	433.1856	207.56711	880000	-0.033136852	9191.311	-0.013075709	-2310.21	15.654632	0.0002713146	1879.4748737812042
176	4531.1455	32.809208	4593.306	4496.2617	1000.0	400.8653	32.94522	434.31888	221.31995	885000	0.04996763	8808.625	-0.009091236	-2764.2344	15.576634	-1.023407e-05	1889.7602863311768
177	4555.488	27.679455	4590.7466	4519.9565	1000.0	414.786	25.46325	433.76834	173.99419	890000	-0.039487798	8823.646	-0.009478785	-1776.7378	15.576478	0.00043517133	1899.999532699585
178	4517.1436	34.273262	4561.895	4471.358	1000.0	393.63187	36.475403	433.3149	164.39655	895000	-0.062353443	8617.657	-0.011466827	-2779.2085	15.573659	-0.0002914627	1910.4281713962555
179	4583.6914	44.15642	4648.5674	4511.5547	1000.0	414.3882	24.618996	433.91568	247.09227	900000	0.052206635	9011.82	-0.011597749	-1668.4028	15.639828	-0.0010376484	1920.665627002716
180	4546.299	47.633034	4621.179	4482.7793	1000.0	409.8424	23.443317	433.77307	247.50815	905000	0.024034124	8320.943	-0.0115116695	-1945.3389	15.586141	0.0012180186	1931.6963047981262
181	4548.7065	15.5385475	4569.949	4528.7983	1000.0	408.9447	28.000933	433.07523	198.65714	910000	0.016272247	9154.032	-0.011665817	-1936.5347	15.585773	0.00037655202	1942.025161743164
182	4571.1733	45.253372	4651.846	4529.2944	1000.0	406.762	24.29264	432.92493	282.47382	915000	-0.07945466	8683.98	-0.012410261	-1369.4858	15.618037	0.000495203	1952.3000586032867
183	4547.7734	61.99723	4613.141	4450.9326	1000.0	400.2757	35.977512	433.19864	66.97762	920000	0.07082136	8380.904	-0.011113692	-2456.7412	15.72618	-0.00021970348	1962.3162066936493
184	4545.733	43.558872	4598.668	4472.409	1000.0	409.7011	27.616251	434.0348	182.94226	925000	-0.027894592	8485.632	-0.012113167	-1856.459	15.571747	0.0012647045	1972.4911088943481
185	4538.5044	33.424534	4599.22	4498.557	1000.0	408.9785	24.293055	434.2014	228.82184	930000	-0.02550858	8152.3657	-0.012374541	-1669.7134	15.582044	0.0007402286	1982.5962018966675
186	4573.6943	52.19712	4646.6855	4514.6924	1000.0	401.6332	34.101063	434.57462	167.78998	935000	-0.025901599	9737.69	-0.010201635	-2342.8179	15.577761	0.00019429416	1993.0392286777496
187	4549.006	34.386368	4599.9517	4497.714	1000.0	406.01642	24.067984	433.7134	178.95006	940000	0.06255238	8291.215	-0.00931802	-2222.63	15.661064	-0.00025067825	2002.9767961502075
188	4553.146	38.582592	4608.8037	4491.5264	1000.0	411.27866	27.954857	434.78378	209.02579	945000	-0.030938132	8687.534	-0.010719126	-1699.7534	15.622697	0.00049410365	2013.1420941352844
189	4552.622	46.41563	4622.299	4499.8594	1000.0	401.445	31.746548	433.96854	227.8392	950000	0.039352465	8968.644	-0.012278626	-2236.751	15.600752	0.00010523338	2023.5118334293365
190	4539.4067	43.031986	4599.037	4482.8325	1000.0	401.35135	36.575092	434.0911	70.01312	955000	-0.024142388	8341.935	-0.012241427	-2498.2012	15.6111	-0.0005168003	2034.6182680130005
191	4552.757	27.214146	4580.672	4506.0244	1000.0	407.72485	30.75394	436.01334	73.76506	960000	-0.07189478	8844.82	-0.011004142	-2027.5493	15.62278	-0.00080400886	2044.7608580589294
192	4563.3877	53.81416	4656.5923	4506.367	1000.0	404.8914	28.337484	434.98495	170.55035	965000	-0.05755282	8526.133	-0.010704916	-2037.8872	15.648067	0.00052686804	2055.307142019272
193	4568.3843	23.76656	4615.2656	4550.0903	1000.0	409.04562	26.750921	435.52725	151.44203	970000	-0.022908475	8868.381	-0.012741763	-1890.8335	15.641291	-0.00020967197	2065.483994245529
194	4543.3584	50.599945	4607.491	4454.419	1000.0	405.97244	29.651384	434.9536	120.57409	975000	-0.020591479	8712.712	-0.013576958	-1984.773	15.607244	0.00011426468	2076.0722885131836
195	4539.8853	41.547943	4587.328	4467.354	1000.0	406.0992	26.155321	434.46698	248.38402	980000	0.04294415	8515.591	-0.009937044	-2158.7446	15.628908	-1.5476799e-05	2086.188809633255
196	4527.2456	17.889723	4555.185	4505.157	1000.0	393.7286	48.55906	434.6701	86.15991	985000	0.07137497	8898.731	-0.012236968	-3392.4585	15.596803	0.00032587757	2096.2972869873047
197	4554.5396	24.394129	4585.0815	4529.2827	1000.0	404.7444	37.613377	435.7493	140.87616	990000	-0.0059511904	7490.575	-0.011125976	-2916.2798	15.603922	-0.0007065926	2106.526159286499
198	4521.3657	13.211998	4536.4756	4498.1406	1000.0	395.23532	61.540947	439.96036	23.692162	995000	-0.049242493	9835.995	-0.010058831	-4313.1816	15.622997	0.0006220474	2116.8818113803864
199	4514.7534	46.935413	4567.3413	4440.381	1000.0	415.43033	31.329206	438.43393	69.79071	1000000	0.052137513	8316.065	-0.012244076	-1991.7446	15.658972	0.0010427303	2127.1808223724365
200	4547.3105	34.571663	4613.955	4514.2734	1000.0	405.0131	26.729334	437.20853	168.29253	1005000	0.033154298	8818.497	-0.011685029	-1619.4141	15.617738	0.0018314311	2138.1157596111298
201	4582.2646	31.222525	4613.5093	4525.776	1000.0	409.28064	23.127962	438.5232	188.68344	1010000	-0.016464557	8641.23	-0.010834238	-1437.9521	15.619701	-0.00015167447	2148.217960357666
202	4571.278	45.696148	4643.335	4500.4023	1000.0	403.45374	29.935661	438.96835	80.59658	1015000	0.06501039	9294.306	-0.012776114	-2091.4487	15.570479	-0.000563446	2158.5084784030914
203	4544.347	45.254738	4603.8823	4482.467	1000.0	397.52658	45.32863	439.15262	89.12908	1020000	-0.021429459	7333.2183	-0.013245447	-1995.4038	15.665531	0.0013991495	2168.3395302295685
204	4546.6016	63.254967	4654.4736	4467.2017	1000.0	416.39816	28.659197	439.88486	201.23698	1025000	0.046914905	8399.479	-0.011326253	-1937.8887	15.605281	0.0014164041	2178.5130667686462
205	4568.098	22.785364	4610.7827	4547.0435	1000.0	403.15805	37.736847	438.8141	108.69565	1030000	-0.010721289	8904.691	-0.011255054	-2078.854	15.64271	0.00018725834	2189.465081214905
206	4549.335	57.72071	4621.0845	4451.382	1000.0	407.70227	29.712517	438.17953	180.29948	1035000	-0.047519997	9150.267	-0.009222429	-2367.936	15.5493145	-0.00021173	2199.806012868881
207	4536.21	9.773	4548.1963	4523.3633	1000.0	407.01395	32.635628	438.68884	136.23245	1040000	0.03506222	8310.501	-0.009496173	-2328.3228	15.584664	0.00024706707	2209.626225233078
208	4564.693	22.325975	4589.1987	4525.5986	1000.0	411.85062	29.434927	437.81696	206.79564	1045000	0.045520663	8852.523	-0.010978017	-2088.5635	15.614328	0.0003756201	2220.0666065216064
209	4558.711	24.016876	4594.05	4522.26	1000.0	401.62183	37.157166	435.97012	99.97665	1050000	-0.0026286866	8582.436	-0.011839843	-2202.5938	15.675644	-0.00047210063	2230.8139638900757
210	4516.233	52.235966	4592.9893	4448.4834	1000.0	406.5729	35.27321	437.27753	-137.66693	1055000	-0.04250759	9054.629	-0.010312546	-2235.482	15.533331	0.000958918	2241.8044509887695
211	4564.7725	33.061672	4591.9756	4503.4746	1000.0	407.2683	25.623705	434.70938	253.78125	1060000	0.033663716	8842.453	-0.01282903	-1533.4146	15.634053	0.001647723	2251.6842527389526
212	4539.544	31.802216	4590.947	4493.271	1000.0	397.6805	37.37743	434.95898	148.55183	1065000	0.021914275	9303.689	-0.014474325	-2527.916	15.591156	-0.00020528564	2262.023426294327
213	4540.161	54.410183	4594.944	4470.95	1000.0	411.71896	23.946812	435.2209	209.2595	1070000	0.056043774	8575.64	-0.009773523	-1591.0669	15.583055	0.000609538	2272.494791507721
214	4571.408	47.395847	4623.5493	4482.846	1000.0	403.58444	30.28736	435.19083	157.00992	1075000	-0.047152173	9434.1455	-0.010109816	-2039.3223	15.592837	0.0012192997	2282.9052851200104
215	4565.211	22.101465	4590.397	4533.337	1000.0	401.9125	31.599712	434.35916	194.01376	1080000	0.014324203	9469.742	-0.01358082	-2029.7759	15.6408	-0.00035898114	2292.676022529602
216	4562.1963	47.05586	4602.426	4472.1484	1000.0	411.64508	20.24389	433.83786	272.70514	1085000	-0.03523284	8466.479	-0.009858023	-1167.7441	15.66081	0.0009326746	2302.731830596924
217	4580.044	54.00207	4638.2427	4500.7354	1000.0	409.90686	21.643147	433.3609	257.13022	1090000	0.00067544554	8588.97	-0.011283251	-1145.5825	15.646362	0.0004228178	2313.1331057548523
218	4541.33	17.643187	4569.828	4515.581	1000.0	407.9448	24.059006	434.96307	259.82635	1095000	-0.056613836	8868.298	-0.010344353	-1684.4043	15.563768	4.3019103e-05	2323.373771905899
219	4533.897	45.303196	4589.9185	4476.822	1000.0	400.2524	29.391876	434.4599	197.2489	1100000	-0.05717232	8678.927	-0.0116178915	-2107.6035	15.623353	0.00048921985	2333.214916229248
220	4547.697	38.952213	4603.868	4486.9688	1000.0	412.62033	24.457111	435.08102	257.2338	1105000	-0.08058949	8651.647	-0.009959333	-1240.6362	15.5907345	-6.31855e-05	2344.103315591812
221	4555.0493	60.446117	4648.5947	4473.1816	1000.0	399.75342	34.391045	433.64462	162.83824	1110000	0.018543804	9282.789	-0.012837777	-2449.2148	15.636711	0.001393577	2354.6278641223907
222	4588.047	58.40627	4700.1826	4539.707	1000.0	405.34033	31.172287	433.3883	171.96173	1115000	0.003274353	9539.803	-0.011731449	-2125.1162	15.602493	0.00026455574	2364.9350259304047
223	4598.6313	90.2914	4759.0273	4509.859	1000.0	407.55765	29.19919	434.15958	83.785286	1120000	-0.00047153016	8450.023	-0.012067559	-2009.5586	15.611739	0.0004165886	2375.2225120067596
224	4580.504	27.388859	4622.1978	4545.347	1000.0	412.38284	25.27993	437.0422	220.58083	1125000	-0.0533411	8820.8	-0.0106485	-1500.6133	15.559316	0.00047932816	2385.617153406143
225	4575.0776	34.66294	4624.3413	4525.167	1000.0	409.61115	23.2507	436.03146	211.45529	1130000	0.03462116	8222.448	-0.011251403	-1747.3022	15.592041	0.00021738815	2396.1485843658447
226	4558.075	48.5485	4634.2837	4481.9756	1000.0	412.34525	23.011026	436.5788	213.38431	1135000	0.087844804	8413.398	-0.011718921	-1254.2832	15.639616	7.929115e-05	2406.590544462204
227	4563.2393	15.78422	4582.533	4534.877	1000.0	408.4367	25.86772	436.97195	215.41785	1140000	-0.07634415	8484.32	-0.010931261	-1625.9956	15.64729	0.0016808033	2416.352674484253
228	4577.641	27.749659	4600.342	4527.7046	1000.0	413.27875	22.017164	436.65298	231.42163	1145000	-0.010220758	8598.192	-0.0103454655	-1228.5806	15.649908	0.00011371765	2426.65785074234
229	4561.849	53.17391	4656.5713	4505.865	1000.0	406.96655	26.688427	435.48294	222.64944	1150000	-0.06037898	8656.782	-0.014717098	-1897.5581	15.610356	0.0015239097	2437.162136077881
230	4564.522	60.05423	4625.474	4477.5317	1000.0	407.29532	28.187399	435.8957	135.89198	1155000	-0.012262583	8662.176	-0.012735182	-1718.48	15.595018	-0.00047552757	2448.2353842258453
231	4556.577	44.818336	4615.3564	4506.8315	1000.0	402.5161	33.29675	436.7136	170.65076	1160000	0.027562981	8541.341	-0.012027419	-2375.4634	15.672203	-0.00021249904	2458.5280332565308
232	4575.5127	36.927124	4607.3696	4505.1055	1000.0	411.7857	27.795942	438.80237	207.81073	1165000	0.019372497	8819.462	-0.009969622	-1558.9731	15.661148	0.0012303779	2468.880513191223
233	4566.8467	39.66168	4626.8066	4510.421	1000.0	411.42487	22.71921	438.83377	251.19371	1170000	0.0126693845	8584.908	-0.010554383	-1318.0112	15.570736	0.001007217	2479.4407896995544
234	4535.2915	48.67944	4586.821	4444.5186	1000.0	410.05835	22.140888	438.2348	232.20259	1175000	0.049595352	8455.587	-0.01062737	-1352.1855	15.52554	0.0007337704	2489.778301715851
235	4550.0703	58.109753	4631.4375	4473.297	1000.0	399.30548	37.114555	436.3696	74.02637	1180000	0.0076359985	9790.774	-0.010291577	-3130.3232	15.713233	0.0006104334	2500.5555016994476
236	4567.6025	44.32991	4633.8667	4494.7964	1000.0	410.5855	25.281696	436.0453	227.12111	1185000	0.028245812	8546.169	-0.011857232	-1531.0913	15.545957	-1.8319894e-05	2511.0549426078796
237	4551.9873	52.1292	4629.476	4497.965	1000.0	404.7285	30.51098	436.9791	213.2671	1190000	-0.00034719237	8842.979	-0.013266504	-2110.5137	15.6130905	0.0010065256	2521.280914783478
238	4532.3076	43.442886	4597.9434	4470.1187	1000.0	403.49945	26.712341	437.76324	277.4166	1195000	0.01917124	8839.949	-0.010364311	-1778.7363	15.626985	0.00051066035	2531.5241713523865
239	4514.517	22.615114	4549.989	4479.314	1000.0	404.8621	31.742271	435.07257	-212.59206	1200000	0.013996392	8245.627	-0.0136273345	-2309.5903	15.606419	0.0012328003	2542.028993368149
240	4584.431	85.59722	4696.003	4447.509	1000.0	403.7605	32.67014	436.0008	172.29657	1205000	0.006205621	8784.027	-0.010534018	-1988.6714	15.591156	0.00017342244	2553.255550146103
241	4588.8438	29.177982	4629.265	4542.212	1000.0	408.38766	27.809494	436.65717	244.40808	1210000	0.038699903	8742.491	-0.01592102	-1586.5278	15.6131315	0.001251371	2563.6523094177246
242	4532.8784	22.99015	4552.437	4489.654	1000.0	408.56335	29.386276	437.44443	197.20186	1215000	0.10668609	8727.724	-0.01163847	-1769.165	15.583978	0.00097185496	2573.8073275089264
243	4582.8774	37.439583	4643.7905	4538.318	1000.0	402.21286	27.067133	436.64618	234.77402	1220000	0.030247089	9021.569	-0.012334265	-1848.2964	15.599962	0.0006301899	2583.936986684799
244	4573.94	31.629463	4603.458	4526.729	1000.0	410.98026	20.4418	438.8555	232.62274	1225000	0.008653681	8666.34	-0.008322858	-1029.3721	15.594452	0.0010212444	2594.160643339157
245	4553.8843	36.03573	4607.1255	4521.1626	1000.0	411.2393	21.059338	438.467	221.47714	1230000	0.048720293	8567.749	-0.012179453	-1368.19	15.592944	0.00065088616	2604.5275599956512
246	4566.6123	7.385583	4577.752	4556.6255	1000.0	409.40286	22.353859	436.42325	248.28934	1235000	-0.05295429	8526.276	-0.011324313	-1403.7197	15.611823	0.0003284546	2614.860620498657
247	4580.9585	56.534496	4689.476	4529.7812	1000.0	407.36194	26.832468	435.73267	113.43181	1240000	0.09870976	8837.94	-0.011463128	-1600.5557	15.645675	0.00020472011	2625.0093462467194
248	4591.2397	39.61042	4647.9824	4526.8394	1000.0	414.2594	21.39219	435.72974	283.0816	1245000	0.026755463	8610.645	-0.008418256	-1112.6333	15.553547	0.00020139352	2635.323080062866
249	4560.788	11.470423	4575.3433	4541.549	1000.0	410.122	21.72763	434.2224	274.40414	1250000	-0.0011612396	8461.83	-0.010725753	-1051.1582	15.586009	0.00030863305	2645.8343784809113
250	4558.491	47.076954	4633.19	4491.0815	1000.0	411.29675	21.47447	433.59195	226.55135	1255000	-0.09166354	8152.712	-0.010282181	-1169.0176	15.617285	-0.00032110006	2656.942155599594
251	4562.607	41.085953	4633.341	4506.158	1000.0	407.53265	21.974966	434.0601	224.57092	1260000	0.08764889	8564.908	-0.009721383	-1167.1738	15.6811	0.0007356701	2667.464325428009
252	4578.282	33.139725	4629.241	4538.851	1000.0	413.3859	20.424221	434.43054	266.1307	1265000	0.05118357	8347.952	-0.012580123	-1304.0977	15.578355	0.00079964695	2677.789787054062
253	4545.843	57.591537	4596.335	4433.699	1000.0	407.7607	27.957066	435.70166	185.16666	1270000	0.042425722	8685.353	-0.013180397	-1672.3813	15.616135	-0.00029439505	2688.553876399994
254	4556.3223	36.18063	4602.408	4495.2056	1000.0	409.45847	23.266779	434.9471	207.58273	1275000	0.0732636	8238.051	-0.012442421	-1500.395	15.6029	0.000757741	2698.3470842838287
255	4560.9443	37.103592	4595.2344	4494.142	1000.0	408.27563	25.638632	436.02444	215.74408	1280000	0.00281438	8430.622	-0.010793269	-1547.1675	15.594333	0.0008038435	2708.67875123024
256	4573.9995	58.082443	4650.105	4486.8364	1000.0	397.5702	37.29875	436.6046	80.63781	1285000	0.004503531	9608.538	-0.012404989	-3067.5254	15.631266	0.00088436715	2719.246286869049
257	4560.868	29.494171	4591.468	4509.198	1000.0	417.4387	20.224049	436.6402	285.4688	1290000	0.0019920531	8572.728	-0.0118538365	-1190.8301	15.65051	0.0013187962	2729.3091621398926
258	4552.36	18.078985	4569.4434	4518.088	1000.0	405.5236	25.391409	436.2797	186.21948	1295000	-0.047157288	8875.538	-0.010115344	-1759.8774	15.647304	0.0008332594	2739.5909299850464
259	4576.727	28.439304	4623.064	4549.963	1000.0	399.59445	37.785038	435.04688	148.25319	1300000	0.05328043	8793.755	-0.0105283	-2664.623	15.619233	0.000118340875	2749.6450850963593
260	4593.6367	13.119362	4611.084	4574.3467	1000.0	413.93536	26.62619	438.98834	186.85797	1305000	-0.044817165	8759.033	-0.013908569	-1737.9204	15.654131	0.0008762419	2760.857654809952
261	4587.8643	16.209377	4609.915	4561.5806	1000.0	408.4231	27.233707	438.70166	206.28046	1310000	0.01774685	8654.736	-0.01010921	-1618.4531	15.624363	0.0006906843	2771.3038942813873
262	4533.093	48.88969	4624.332	4478.099	1000.0	412.1613	24.801844	438.6595	251.24945	1315000	0.06444779	8388.3	-0.011219557	-1847.8804	15.6923065	0.00083913305	2781.4157416820526
263	4553.092	37.929054	4603.698	4499.4067	1000.0	409.42816	27.120993	437.81073	165.81909	1320000	0.04561442	8740.744	-0.013393443	-1626.5938	15.692922	0.00096576614	2791.5142238140106
264	4540.807	50.140377	4582.5874	4459.1636	1000.0	403.53494	30.286343	436.07214	188.63654	1325000	-0.022137238	8528.93	-0.011674477	-1661.4434	15.619018	0.0007802629	2801.8347902297974
265	4561.3154	24.476864	4589.31	4517.006	1000.0	405.99384	25.607922	437.13358	222.0819	1330000	-0.042164043	8859.291	-0.013246857	-1473.0718	15.625872	0.00028746034	2812.9552657604218
266	4528.8228	26.7966	4564.4604	4488.8315	1000.0	408.54578	23.444233	437.5872	228.98601	1335000	0.011505225	8297.272	-0.012520212	-1370.1719	15.631173	0.0007200611	2823.1576159000397
267	4527.254	31.297083	4571.6895	4497.607	1000.0	404.7035	28.63386	437.78146	9.890006	1340000	-0.017210785	8643.373	-0.010740381	-2471.7812	15.584315	-0.00080390874	2833.191395044327
268	4579.0513	52.10003	4617.1533	4476.3574	1000.0	409.785	25.524954	437.56262	182.29742	1345000	0.0039338865	8469.357	-0.012954794	-1655.2109	15.64424	0.0007422178	2843.637959241867
269	4568.827	46.161415	4632.372	4491.067	1000.0	410.523	25.505543	437.99454	238.78448	1350000	0.04555478	9017.577	-0.010472029	-1447.8506	15.641024	6.935673e-05	2854.015470981598
270	4558.64	43.627354	4594.3735	4474.8926	1000.0	410.0691	23.357407	436.44287	235.45181	1355000	0.05083999	8345.755	-0.011375416	-1854.7583	15.604678	0.0009468485	2865.5361840724945
271	4546.404	33.679718	4584.388	4484.865	1000.0	410.66678	24.60153	437.63086	226.33646	1360000	0.02282538	8616.033	-0.010512289	-1423.3789	15.565863	0.0006111063	2875.7173931598663
272	4552.7666	30.321968	4580.511	4510.3076	1000.0	399.06946	32.11846	437.50458	194.92172	1365000	-0.018939056	9093.6	-0.0093902	-2112.6973	15.568861	0.001015938	2885.8263368606567
273	4568.76	41.769924	4635.569	4505.689	1000.0	410.76874	22.400553	438.46906	233.093	1370000	0.032225624	8669.313	-0.010474464	-1232.5005	15.694485	0.00066869793	2896.1059198379517
274	4529.1655	60.698185	4641.874	4467.4946	1000.0	412.43246	19.968632	436.9316	219.09229	1375000	0.00051297	8443.836	-0.014237493	-1140.481	15.708706	0.00067894533	2906.065318107605
275	4520.0635	76.22263	4608.629	4387.636	1000.0	407.4145	20.314175	436.45233	260.069	1380000	-0.052115552	8235.189	-0.013399497	-1393.1958	15.668221	0.0014277626	2915.9915771484375
276	4601.587	32.066067	4640.044	4549.7153	1000.0	407.43396	21.143269	432.82687	185.18944	1385000	-0.010285791	8808.975	-0.010621212	-1140.189	15.616916	0.0005596909	2926.2277801036835
277	4559.5576	22.929972	4588.106	4519.361	1000.0	411.8345	18.348936	433.2092	242.51405	1390000	0.004492822	8261.228	-0.009802783	-823.5669	15.627166	-0.00044050312	2936.832609653473
278	4594.478	30.960785	4647.66	4561.5366	1000.0	408.59155	16.978287	432.2604	282.86853	1395000	0.012103656	8553.352	-0.011230005	-1057.0635	15.6845045	0.00024372712	2947.2753899097443
279	4539.7363	19.59361	4563.835	4508.607	1000.0	409.7468	20.548113	433.4514	192.90613	1400000	-0.054806665	8456.244	-0.012280509	-1459.6201	15.616162	-0.00030212878	2957.3424773216248
280	4539.022	34.395245	4590.7944	4496.319	1000.0	401.22046	27.784592	435.10626	223.81874	1405000	-0.0006697754	8576.035	-0.014514349	-1854.3975	15.64513	0.0019996802	2968.6559097766876
281	4585.449	19.298157	4601.1143	4549.5366	1000.0	411.11493	22.836462	436.4691	221.21082	1410000	-0.06062755	8520.673	-0.011011891	-1335.7065	15.607562	0.001135461	2979.053193807602
282	4584.9697	18.703184	4604.5127	4555.064	1000.0	411.4268	22.041008	435.19308	261.29117	1415000	-0.07914394	8799.502	-0.009009585	-1050.8789	15.646692	0.00053740275	2989.435158729553
283	4555.466	35.426723	4604.7017	4504.1133	1000.0	411.43317	18.607773	433.77963	266.98306	1420000	-0.013299823	8373.259	-0.012239335	-1031.6226	15.627569	0.002006455	2999.5145676136017
284	4554.829	28.11314	4600.823	4518.441	1000.0	408.3724	21.638239	434.3946	243.31972	1425000	-0.028093021	8340.159	-0.013079423	-1192.94	15.594159	0.0004321434	3009.562290906906
285	4569.5205	28.177544	4611.3228	4531.814	1000.0	410.9576	20.179543	434.72598	236.27701	1430000	-0.018111963	8345.511	-0.009598343	-1318.3091	15.567736	-0.00027429467	3019.842169523239
286	4562.5317	24.992102	4605.654	4534.6636	1000.0	407.30615	27.13505	435.29922	213.02773	1435000	-0.048098825	8676.0	-0.012457792	-1627.4302	15.700925	0.0005500073	3030.0737369060516
287	4560.319	30.088993	4597.8174	4508.4224	1000.0	411.1292	21.07664	434.27042	234.94083	1440000	-0.045605116	8544.479	-0.011912916	-1147.0498	15.599861	0.0004994245	3040.4752912521362
288	4537.0244	22.996223	4555.3354	4494.2534	1000.0	407.07486	23.461401	433.09268	232.917	1445000	-0.046008695	8550.415	-0.01167991	-1516.3701	15.563993	0.0012727446	3050.8671460151672
289	4517.827	58.45153	4589.4624	4459.2905	1000.0	407.4391	24.418558	433.2323	268.33246	1450000	-0.008092347	8354.523	-0.009344618	-1444.585	15.562934	5.6037712e-05	3061.1700024604797
290	4530.0312	49.955345	4612.735	4478.408	1000.0	403.3177	28.412277	433.37115	210.52538	1455000	-0.03896346	7565.9126	-0.010611292	-1895.4141	15.594991	0.0009303234	3072.330801486969
291	4508.0396	59.22617	4574.3457	4409.54	1000.0	389.7011	51.035603	436.36224	85.50531	1460000	-0.026880493	9605.035	-0.012240307	-3693.7021	15.658551	0.0006041691	3082.2567040920258
292	4550.705	28.804506	4583.088	4509.5093	1000.0	421.0738	17.83389	435.44778	286.7629	1465000	0.041779637	8242.501	-0.0103800595	-1017.4248	15.620303	-0.00025266514	3092.518031835556
293	4564.908	24.103552	4590.3125	4531.1772	1000.0	406.7374	21.728695	432.28314	187.11368	1470000	0.05809044	8721.608	-0.013837028	-1182.3877	15.653972	0.00086236914	3102.8593831062317
294	4587.046	24.152786	4619.081	4560.66	1000.0	408.19995	21.311676	432.31854	168.0356	1475000	0.059286706	8613.972	-0.012297429	-925.39404	15.626244	0.000862109	3113.088669538498
295	4548.308	65.14489	4621.8926	4433.9766	1000.0	409.76044	19.09862	433.93976	251.58185	1480000	0.020241706	8612.246	-0.012431616	-1163.8574	15.640419	0.00014886876	3124.306895494461
296	4540.3896	71.73339	4619.567	4405.8525	1000.0	404.5877	25.31358	434.4482	177.43669	1485000	0.04044353	8756.414	-0.011858616	-1739.7915	15.649498	0.00034106904	3134.7221162319183
297	4568.3203	51.161877	4634.093	4518.164	1000.0	408.53305	25.814417	436.3733	180.24884	1490000	-0.006878162	8226.812	-0.013257239	-1526.8921	15.686503	0.0010070493	3145.3556609153748
298	4612.356	32.751766	4661.4395	4573.838	1000.0	400.915	34.94579	437.38434	207.84598	1495000	0.0011453736	9378.577	-0.0099328365	-2370.4922	15.596269	-0.00028098832	3155.879702091217
299	4560.169	56.15544	4656.5337	4503.291	1000.0	415.62994	20.625761	439.49826	269.834	1500000	-0.058798138	8552.407	-0.011507425	-1074.5527	15.713478	0.0012990894	3165.954530954361
300	4563.7466	36.536854	4607.988	4499.7905	1000.0	411.86804	20.15606	439.2251	284.81296	1505000	0.045647927	8818.897	-0.0110120885	-1279.9341	15.635184	0.0008455978	3177.328506231308
301	4554.6377	53.034775	4598.6724	4461.8867	1000.0	408.2494	21.540283	440.62878	274.95724	1510000	0.019642664	7999.216	-0.012286091	-1355.519	15.596672	0.0018020569	3187.6519792079926
302	4531.6963	31.373243	4576.552	4497.6772	1000.0	409.7101	24.42556	441.90497	207.83112	1515000	-0.01775356	8391.418	-0.011396086	-1316.0732	15.592125	0.0013512642	3197.8502480983734
303	4554.294	28.48835	4588.0254	4507.882	1000.0	396.3272	37.776657	440.6239	164.80713	1520000	0.05728999	9422.136	-0.012470435	-2377.9805	15.6451235	0.00095310877	3208.0574564933777
304	4584.123	39.036503	4625.4062	4512.104	1000.0	415.824	18.2559	439.78802	264.60278	1525000	-0.015982715	8531.336	-0.008645605	-891.2119	15.590571	-0.00018086453	3218.196615219116
305	4576.3066	52.64191	4640.1377	4512.5684	1000.0	410.2266	18.949865	440.84186	243.62807	1530000	-0.083946824	8235.091	-0.009938933	-1090.0747	15.609092	0.0005580502	3228.538897752762
306	4566.5596	36.110264	4636.5796	4533.7715	1000.0	414.06638	20.328133	439.16528	218.44125	1535000	-0.003229422	8545.782	-0.009495135	-1182.8237	15.646111	0.00088872015	3239.0076138973236
307	4543.259	45.867477	4598.821	4469.182	1000.0	406.8999	24.878883	440.0339	205.33444	1540000	0.005290216	8468.569	-0.010746194	-1459.6348	15.623253	0.0008115931	3248.997551679611
308	4572.126	6.5075006	4580.9497	4561.167	1000.0	408.7942	24.379675	438.56287	258.5902	1545000	0.008403624	8335.356	-0.010934186	-1437.6445	15.695488	6.2965395e-05	3259.1312112808228
309	4552.4644	48.323925	4614.573	4484.9077	1000.0	407.05475	25.212688	440.47748	233.09924	1550000	-0.010157043	8836.682	-0.009654023	-1361.7417	15.627394	0.000142972	3269.7442815303802
310	4555.966	67.104225	4627.363	4446.311	1000.0	408.4172	21.433376	440.34735	241.13612	1555000	-0.002971759	7796.4673	-0.010229742	-1166.9468	15.626525	0.0005482397	3281.461503505707
311	4574.3984	34.56571	4626.0674	4526.223	1000.0	410.6877	22.462337	440.79602	224.94734	1560000	-0.029341595	8269.613	-0.011971882	-1350.2183	15.643875	0.0005092108	3291.591824054718
312	4564.05	58.843807	4668.8833	4492.512	1000.0	398.43774	43.70799	441.68604	142.37167	1565000	-0.063409396	9288.692	-0.010810964	-2300.8018	15.665858	-0.00018009453	3301.99041724205
313	4536.062	35.387875	4598.5034	4496.9688	1000.0	409.02356	31.160622	439.71817	165.90614	1570000	-0.026547253	7380.4688	-0.012492098	-1188.1221	15.652266	0.00077933195	3312.406950712204
314	4543.665	41.624504	4591.1685	4480.595	1000.0	407.36	34.217648	438.85007	113.94115	1575000	-0.06444502	7361.7505	-0.009842187	-1498.1216	15.668197	0.0002709625	3322.4361333847046
315	4572.93	34.484417	4640.437	4548.3467	1000.0	410.58096	30.491617	440.3049	167.88101	1580000	0.03531394	8506.554	-0.009993946	-1374.5063	15.644953	0.00046869201	3332.464171886444
316	4548.904	45.573536	4616.3296	4490.6914	1000.0	415.35574	22.972187	439.3603	191.0435	1585000	-0.06328213	8101.648	-0.012812458	-1983.999	15.679436	0.0015411177	3342.912867307663
317	4545.0044	63.411243	4634.6973	4453.5	1000.0	389.87204	59.702892	440.46954	42.05613	1590000	-0.030479182	9572.843	-0.01088896	-3612.0078	15.644693	-0.00014535694	3353.3390889167786
318	4558.9463	41.226055	4594.817	4488.215	1000.0	415.44922	23.002031	438.2625	166.26056	1595000	-0.011337144	8492.881	-0.012911806	-1016.40234	15.620511	0.0005223194	3363.7015058994293
319	4552.001	36.95665	4594.5654	4486.775	1000.0	406.34537	26.606047	437.14664	165.65714	1600000	0.018883692	8723.772	-0.011331888	-1208.4175	15.551969	0.0008902596	3373.7299406528473
320	4572.878	34.65057	4606.5576	4506.9897	1000.0	410.50046	19.43496	437.71643	210.45071	1605000	0.04643195	8189.421	-0.012490489	-1087.3955	15.563969	0.00063699856	3385.1179077625275
321	4561.6836	58.42895	4628.1294	4474.197	1000.0	412.1712	21.155432	439.16116	214.06007	1610000	-0.02565575	8111.7134	-0.0125283	-983.95654	15.657734	0.0010462091	3395.4425694942474
322	4546.505	65.97806	4646.1445	4444.9243	1000.0	407.61856	21.757673	440.1328	100.75921	1615000	0.0075881407	8466.724	-0.014089538	-989.18945	15.709055	0.0003534855	3405.778032064438
323	4535.328	93.76988	4619.748	4363.7183	1000.0	405.50647	26.370176	438.4768	178.59271	1620000	0.008161055	8181.287	-0.011178731	-1504.7334	15.687865	0.0008603842	3416.10884141922
324	4549.9844	36.99842	4599.1943	4504.0737	1000.0	412.73685	20.541399	438.03424	235.46567	1625000	-0.089044414	8444.312	-0.010182381	-1202.6953	15.643621	0.00045678692	3426.2883796691895
325	4543.0864	38.175316	4605.234	4490.912	1000.0	407.32974	21.90692	435.89352	245.74315	1630000	0.03403449	8411.413	-0.010080248	-1156.6836	15.627614	9.3857576e-05	3437.071653842926
326	4549.715	36.761974	4580.0967	4479.891	1000.0	407.4954	25.110262	435.70645	60.577568	1635000	-0.02786745	8198.523	-0.013590479	-1050.7539	15.658381	0.00043678857	3447.6373693943024
327	4557.181	32.497566	4606.2627	4508.9785	1000.0	409.7103	22.996986	436.49765	231.14273	1640000	-0.034106374	8340.923	-0.01094491	-1162.1357	15.638303	0.00049530296	3458.2543330192566
328	4583.5557	29.079449	4638.7217	4554.942	1000.0	408.48126	19.98022	434.77066	256.03223	1645000	-0.009147351	8685.802	-0.010931863	-1081.9473	15.557745	-9.3079565e-05	3468.56095290184
329	4550.773	66.76406	4658.1177	4463.7476	1000.0	412.2967	19.737347	434.63434	235.7681	1650000	0.03832182	8262.46	-0.01219729	-964.1846	15.583984	-0.00015424118	3478.9703226089478
330	4542.1143	59.71315	4615.6416	4449.259	1000.0	407.3517	22.14257	435.41177	193.3877	1655000	0.03821865	8669.842	-0.011214018	-1210.5107	15.630872	9.5620344e-05	3490.4870598316193
331	4544.5693	16.070387	4574.386	4525.665	1000.0	410.4654	17.047554	431.4604	270.91632	1660000	0.043659996	8352.599	-0.009417288	-810.6338	15.657537	0.00037886543	3500.6853194236755
332	4559.9336	9.475286	4570.8696	4544.5986	1000.0	408.3622	16.585886	430.96414	255.18974	1665000	-0.040827718	8119.3086	-0.012151506	-909.09033	15.639897	0.00020236321	3510.8631217479706
333	4543.9814	22.71199	4585.745	4521.6313	1000.0	409.22516	18.640934	433.66318	290.41522	1670000	-0.0025843873	8421.202	-0.012659112	-1054.7197	15.614481	-0.00086527824	3521.4681351184845
334	4559.295	42.240505	4619.959	4501.973	1000.0	406.89694	19.97235	432.61435	148.93436	1675000	-0.014599954	8419.424	-0.009311507	-1243.9727	15.67596	0.00018486519	3531.5835139751434
335	4550.744	57.41701	4611.8916	4455.1597	1000.0	408.5224	21.624561	432.60992	241.0488	1680000	-0.050601427	8346.311	-0.012122657	-1355.7603	15.700584	0.00031501523	3542.0005095005035
336	4600.142	38.270615	4646.0356	4534.157	1000.0	409.15384	25.367779	434.75897	233.5409	1685000	0.09137542	8860.659	-0.01129014	-1472.1406	15.5422325	-1.7402268e-05	3552.461905002594
337	4572.815	22.817873	4594.562	4531.9336	1000.0	409.66095	25.377144	435.75546	263.95352	1690000	0.05116698	9014.755	-0.014373366	-1648.2671	15.591505	0.0013033617	3562.834233045578
338	4561.2173	37.84618	4599.5947	4490.6	1000.0	409.6037	24.942522	437.56644	254.72787	1695000	-0.048525427	8541.335	-0.010000471	-1261.6279	15.6035595	0.0005643747	3573.12038731575
339	4542.8564	41.68541	4597.9546	4476.05	1000.0	408.1392	23.45558	434.13992	167.01073	1700000	0.079771765	7790.0586	-0.012648679	-1608.4204	15.66757	0.00092505245	3583.509994506836
340	4601.179	50.70025	4686.7876	4538.3945	1000.0	392.61554	46.87071	435.02856	48.680973	1705000	-0.069532715	10850.969	-0.01615087	-3581.501	15.62346	0.0013928703	3595.054610013962
341	4509.45	85.76798	4650.773	4408.366	1000.0	413.02924	22.821228	435.19635	194.89064	1710000	0.020547198	7928.136	-0.0127762575	-1802.3857	15.680567	0.00119906	3605.65944480896
342	4533.126	61.6143	4585.107	4413.9893	1000.0	410.6305	24.040087	434.61316	253.23732	1715000	0.007032617	8420.051	-0.010332935	-1233.4219	15.57192	0.00043140334	3615.9254393577576
343	4594.634	26.645452	4634.722	4556.6885	1000.0	409.83524	20.04803	433.1337	254.0175	1720000	-0.019916395	8568.135	-0.009847704	-1053.3955	15.643315	-0.00017517757	3626.140500307083
344	4549.5005	64.77576	4649.6367	4475.5845	1000.0	411.9822	19.986845	433.3985	254.48364	1725000	-0.01287457	8781.889	-0.01381682	-1078.6064	15.545259	0.00077856524	3636.3033854961395
345	4553.883	54.090668	4625.1724	4469.9873	1000.0	408.24966	17.624063	434.03256	277.36462	1730000	0.043464433	8277.275	-0.011251643	-973.9536	15.621882	0.00064073503	3646.5572125911713
346	4588.146	24.12832	4617.8604	4561.172	1000.0	405.07205	24.654243	433.7327	198.62401	1735000	0.009250318	8330.615	-0.012221253	-1444.8442	15.605481	0.0006250954	3657.1121504306793
347	4563.0127	46.666744	4613.278	4483.683	1000.0	407.8795	32.438755	437.9087	95.84248	1740000	0.0273816	8679.817	-0.011405377	-1546.0479	15.663365	0.0008194626	3667.3233325481415
348	4545.077	58.2489	4648.7295	4474.9517	1000.0	413.7868	17.906744	435.64178	266.00604	1745000	-0.012268518	8205.078	-0.012027624	-1071.9565	15.660222	0.0003345972	3677.6965301036835
349	4535.332	33.45242	4588.177	4489.334	1000.0	405.6606	29.099276	435.93036	168.55965	1750000	-0.013769013	7504.5537	-0.009834961	-1625.0967	15.649938	0.00021412697	3688.0128881931305
350	4578.932	23.123575	4604.0586	4547.8545	1000.0	403.34528	38.64204	439.10394	153.91495	1755000	-0.0104712825	9478.035	-0.011973865	-2155.8086	15.610087	0.001289325	3699.299216747284
351	4563.014	63.33013	4631.1	4452.6533	1000.0	412.9763	21.972815	436.9668	155.02591	1760000	0.024941083	7911.5586	-0.015215802	-1453.8057	15.694148	6.9739726e-05	3709.501033306122
352	4525.6577	35.77608	4566.234	4471.0103	1000.0	408.0806	28.127916	438.78677	198.81712	1765000	0.034546606	8331.55	-0.014114758	-1384.1416	15.63013	0.000901989	3719.8401577472687
353	4583.1387	44.363186	4637.635	4520.238	1000.0	411.07834	21.516447	439.59637	217.4511	1770000	0.017117212	8844.212	-0.010217644	-1089.0425	15.666931	0.00074611796	3730.170565843582
354	4568.7197	48.984005	4628.322	4515.607	1000.0	413.9765	15.3251705	437.26678	276.78143	1775000	0.048603546	8045.252	-0.011833902	-797.1089	15.6224375	0.0012055866	3740.6928436756134
355	4544.214	33.084652	4594.491	4504.019	1000.0	406.2257	22.402363	438.012	276.41595	1780000	-0.09942358	8395.887	-0.013260014	-1350.5044	15.60389	0.0009282261	3751.301535129547
356	4552.8604	36.849808	4601.47	4509.168	1000.0	406.39276	27.495928	437.48352	174.87314	1785000	-0.026741186	8950.212	-0.012051074	-1462.2881	15.62416	-0.00023919716	3761.7909955978394
357	4570.3086	58.903133	4668.8267	4496.9854	1000.0	405.8793	25.311329	437.27313	230.68733	1790000	-0.050610896	8777.882	-0.0125066005	-1318.9248	15.627381	-0.00043502465	3772.51163315773
358	4558.764	28.863579	4584.9585	4502.76	1000.0	414.3508	16.282995	437.08984	197.06985	1795000	-0.0066185854	8363.157	-0.013665197	-821.63574	15.640578	0.0007989344	3782.9175279140472
359	4565.159	39.860546	4601.745	4488.6885	1000.0	410.6401	16.792086	433.4709	249.09406	1800000	0.0028180543	8238.714	-0.012138696	-798.1138	15.622863	8.538494e-05	3792.9808201789856
360	4564.8477	35.16266	4600.765	4498.002	1000.0	410.76608	17.99698	433.35742	259.2583	1805000	0.0479254	7963.9087	-0.012423307	-799.3877	15.573191	0.0010875345	3804.2731001377106
361	4615.0176	69.29873	4741.43	4531.1094	1000.0	404.86914	22.456938	434.4746	251.39131	1810000	-0.011933033	9466.846	-0.0105648795	-1379.2427	15.689897	-0.00019614772	3814.5314667224884
362	4558.87	80.8311	4664.455	4425.967	1000.0	412.00824	18.584303	434.9401	272.22125	1815000	0.009998718	8154.1455	-0.010442859	-810.604	15.579119	8.1770704e-05	3824.729110479355
363	4557.762	34.867527	4593.1865	4490.955	1000.0	410.14124	14.196833	434.8327	325.9719	1820000	-0.050904926	8400.407	-0.010761999	-614.3799	15.6288	0.0008959993	3834.8535029888153
364	4562.906	25.001904	4596.902	4530.4966	1000.0	411.03995	14.484144	434.6584	311.77075	1825000	0.012223566	8282.816	-0.011576898	-769.15576	15.651681	0.00055973436	3845.2749996185303
365	4552.7393	30.422325	4603.7856	4521.295	1000.0	410.09204	19.51314	434.4927	248.76389	1830000	-0.049398143	8042.906	-0.009047799	-1009.2632	15.61286	0.0008032555	3855.64261841774
366	4547.4185	34.145218	4587.512	4494.0786	1000.0	408.43723	20.966995	435.16336	162.45813	1835000	-0.051096983	8422.736	-0.012604833	-960.1499	15.625656	0.000617753	3865.9625713825226
367	4578.1904	30.027575	4635.7773	4553.461	1000.0	413.93774	16.687572	437.13748	295.05692	1840000	-0.033858046	8416.639	-0.012329925	-1051.3105	15.62441	0.0019027272	3876.0919485092163
368	4532.001	26.971989	4574.3457	4495.659	1000.0	407.77606	24.058186	438.59045	238.601	1845000	0.025983868	8258.972	-0.010769854	-1363.2612	15.519707	0.00031706734	3886.340019226074
369	4547.017	43.77196	4618.986	4487.221	1000.0	404.82056	27.330639	438.5565	216.30807	1850000	0.070302896	8284.274	-0.013369963	-1742.418	15.607831	0.001175638	3896.7106070518494
370	4561.384	43.876682	4613.0103	4503.0366	1000.0	408.04025	30.269573	437.28738	175.26903	1855000	-0.041460298	8809.631	-0.013515282	-1556.7715	15.581855	0.0005283674	3908.3315596580505
371	4566.0947	16.495564	4589.9414	4540.5337	1000.0	415.34308	14.700534	435.37805	252.74411	1860000	-0.050630797	8535.876	-0.0107860565	-583.5762	15.663192	0.00051080325	3918.4544472694397
372	4542.2217	60.252434	4615.5566	4434.3706	1000.0	405.81488	25.529943	434.38824	156.51085	1865000	-0.059749663	8386.28	-0.013969228	-1122.1699	15.648297	0.0012228497	3928.985993862152
373	4554.421	66.0719	4643.0986	4450.509	1000.0	410.7942	21.963614	435.32095	192.00969	1870000	-0.009819836	8571.31	-0.010932147	-1009.0122	15.64422	0.00017536679	3939.793502807617
374	4571.0425	40.590965	4634.8066	4525.7856	1000.0	407.92795	28.370846	434.85718	84.5829	1875000	0.011777393	9211.171	-0.014008673	-1455.1558	15.591155	0.00052888755	3950.5430517196655
375	4538.534	50.382557	4606.7314	4466.0557	1000.0	410.52316	15.449027	435.47427	272.27985	1880000	0.10351544	8128.939	-0.010030769	-1189.8428	15.623653	0.0010818004	3960.7907779216766
376	4563.843	18.932798	4600.6772	4548.368	1000.0	408.6989	20.754936	432.32797	246.71321	1885000	0.029732201	8066.8545	-0.010697152	-1183.4512	15.653266	0.0009833344	3970.8694603443146
377	4560.2583	32.41525	4588.083	4503.5005	1000.0	407.57736	24.948917	435.71246	117.47081	1890000	0.009273658	8392.871	-0.013338203	-1254.3877	15.596249	0.00036422806	3981.320364713669
378	4536.3647	38.20094	4591.817	4481.1216	1000.0	409.04565	20.2059	436.43832	246.90549	1895000	0.019520557	7851.9087	-0.011202753	-1084.3213	15.667206	0.00094631116	3991.6148810386658
379	4559.675	40.91597	4636.107	4525.1914	1000.0	405.4789	23.845055	437.3235	179.96783	1900000	0.021671072	8877.874	-0.009178287	-1249.8618	15.607833	2.4821853e-05	4002.0844881534576
380	4551.4717	22.716967	4570.046	4508.1655	1000.0	410.9681	16.591078	437.41473	253.27663	1905000	-0.04203286	8034.7793	-0.01057262	-777.14746	15.554482	0.00060190965	4013.6384620666504
381	4544.3765	52.88076	4600.1816	4454.5146	1000.0	412.6562	18.752142	437.1	271.59796	1910000	0.000625592	8404.741	-0.012889334	-994.3125	15.603513	1.9622803e-05	4023.8659176826477
382	4569.0527	32.68669	4612.6035	4523.2876	1000.0	405.65753	25.109245	434.88696	230.51355	1915000	-0.008836908	8598.952	-0.009901196	-1084.2656	15.681978	0.0007541132	4034.223485469818
383	4555.778	28.742275	4601.937	4511.132	1000.0	411.38486	19.329554	436.3981	197.69125	1920000	0.019513693	8339.719	-0.010311682	-728.1675	15.6919	0.0006887886	4044.38236951828
384	4576.354	41.30072	4651.2715	4532.698	1000.0	411.97153	18.251112	436.57083	291.8488	1925000	0.014780181	8408.901	-0.0121372985	-779.8511	15.65961	0.00030568027	4055.371391057968
385	4557.595	39.312572	4623.758	4517.5874	1000.0	410.5555	17.105038	438.44916	284.9087	1930000	-0.053012732	8264.759	-0.0135048665	-609.16113	15.499369	0.00057303335	4066.0853595733643
386	4591.548	42.103344	4630.763	4515.5303	1000.0	410.0152	17.77851	439.02936	137.47574	1935000	0.03320825	8157.1465	-0.010845931	-844.63135	15.598843	3.8062666e-05	4076.879180908203
387	4582.0244	40.044914	4650.854	4539.8804	1000.0	406.42245	25.41399	440.8636	134.79877	1940000	0.025352545	8188.229	-0.015427575	-1814.4927	15.599603	0.00084118097	4087.5758118629456
388	4576.111	31.460606	4638.578	4555.55	1000.0	416.84494	14.807853	444.93436	167.24739	1945000	0.0059889494	8500.704	-0.01125606	-624.8882	15.610398	0.0017397649	4098.7777490615845
389	4533.669	17.108274	4561.017	4506.9526	1000.0	407.94345	20.959415	442.57117	160.24786	1950000	-0.06808095	7689.0786	-0.009987168	-1627.6396	15.571837	0.00023051757	4109.956874132156
390	4546.306	29.229286	4589.2695	4511.893	1000.0	410.96786	27.961742	447.29327	156.72833	1955000	0.0015306091	7572.788	-0.012104205	-1580.1143	15.700795	7.7666475e-05	4122.6931302547455
391	4587.7725	46.5436	4665.7056	4538.252	1000.0	412.7595	25.614641	453.0364	105.30264	1960000	-0.0029605315	9057.362	-0.010926709	-1698.7368	15.618786	0.00048630332	4133.984836816788
392	4581.896	31.683853	4619.9473	4544.7793	1000.0	405.4126	40.613884	449.1153	88.84561	1965000	-0.013220722	8132.856	-0.012648754	-1464.4878	15.628282	0.000121225356	4144.854718208313
393	4525.029	34.31808	4569.566	4480.056	1000.0	411.825	29.22508	444.23016	98.09504	1970000	0.022597937	7675.944	-0.011146259	-1340.8271	15.633574	-4.0387727e-05	4156.351518392563
394	4539.155	68.78246	4622.499	4432.3345	1000.0	411.27335	24.943556	451.54086	161.79248	1975000	-0.018035956	7871.52	-0.009415429	-983.4414	15.528442	0.00091144297	4167.674351215363
395	4553.7065	31.290382	4608.1255	4514.5337	1000.0	368.624	72.39417	447.6201	25.956696	1980000	-0.03203467	13182.591	-0.011069648	-6385.813	15.592105	-0.0005782755	4178.785534143448
396	4533.372	29.060478	4574.581	4493.114	1000.0	423.1816	13.146965	448.10565	195.22916	1985000	-0.008418305	8260.524	-0.009612516	-569.70215	15.536742	0.0009187639	4190.287702798843
397	4577.2705	31.87878	4608.443	4527.5356	1000.0	408.7422	16.129997	435.65402	193.38545	1990000	0.022290466	7786.693	-0.011325543	-612.70264	15.573628	0.00031210633	4202.645257234573
398	4523.827	16.549137	4553.7983	4505.244	1000.0	409.94794	22.533905	444.92822	75.656395	1995000	-0.05107526	7030.366	-0.01095451	-1100.7534	15.647767	0.001164782	4214.6427981853485
399	4560.9883	55.193653	4639.8047	4493.593	1000.0	415.54276	22.147963	439.0737	252.81352	2000000	0.051096648	8003.014	-0.011904143	-1022.8672	15.673578	0.001316795	4226.612038373947
400	4557.14	25.420475	4606.139	4536.308	1000.0	405.35156	30.944603	439.5421	106.86349	2005000	-0.00021942749	8363.944	-0.010819379	-1273.354	15.606365	0.000416259	4240.462599039078
401	4565.315	27.365679	4599.376	4529.502	1000.0	400.0809	31.060795	450.19214	159.8422	2010000	0.004896617	8106.5806	-0.01156463	-1687.4834	15.609913	0.0010813444	4253.1413452625275
402	4563.5444	34.50756	4614.5254	4529.3174	1000.0	420.893	20.718325	444.1058	236.69339	2015000	0.023312006	8303.625	-0.0116137	-876.86816	15.577892	0.0015474752	4265.908141851425
403	4571.894	40.968292	4631.3354	4506.607	1000.0	412.86963	18.894688	446.6848	167.32654	2020000	-0.019250654	8335.754	-0.012248442	-895.51074	15.5397625	0.0007531845	4279.090526342392
404	4550.3843	40.81302	4615.87	4504.345	1000.0	400.23682	32.19006	446.8599	116.89599	2025000	0.04219143	8079.5703	-0.014056403	-1724.6841	15.607845	0.0010057891	4291.479203701019
405	4518.841	53.641983	4584.5728	4437.0845	1000.0	411.0368	34.039494	455.5655	146.58238	2030000	0.05211144	8073.4688	-0.011167411	-1670.811	15.538611	0.0022475934	4303.712867498398
406	4551.42	19.539215	4577.713	4522.1074	1000.0	409.81027	28.512806	443.08047	180.97588	2035000	0.018831335	8606.463	-0.01193175	-1449.3364	15.589237	0.0005630852	4316.250052690506
407	4550.044	24.388718	4578.0776	4516.028	1000.0	405.76794	32.843987	441.1645	157.43857	2040000	0.022579199	8271.126	-0.012796258	-1536.6538	15.554727	0.0019392053	4328.894726276398
408	4560.4087	36.040924	4602.358	4503.952	1000.0	407.40338	30.968899	446.85052	68.10775	2045000	-0.00074874266	7901.563	-0.0111101195	-1184.5352	15.604066	0.00019752598	4341.681399345398
409	4585.634	44.774796	4641.8687	4527.5415	1000.0	408.40735	29.108967	451.88016	186.37863	2050000	-0.06003065	8835.566	-0.011947874	-1573.9346	15.620068	0.0010600715	4354.554558992386
410	4557.7476	25.98612	4584.234	4521.027	1000.0	418.6237	17.637096	452.70074	237.08885	2055000	0.05203111	8650.796	-0.012116648	-926.0005	15.515194	0.0008824587	4370.01490187645
411	4560.3857	28.6761	4612.09	4532.357	1000.0	409.17444	18.960552	448.4719	282.15414	2060000	0.033268694	7947.872	-0.011653261	-881.91846	15.690622	0.0002561018	4383.0036363601685
412	4564.0693	35.268368	4601.6255	4518.354	1000.0	407.649	26.580414	443.35083	83.53675	2065000	-0.01670196	9179.401	-0.0110865235	-1281.5366	15.599235	0.0013104588	4396.233599901199
413	4573.4	32.348858	4619.8057	4527.091	1000.0	411.99503	14.742869	452.91354	263.68823	2070000	0.01108964	8241.564	-0.011212531	-681.4507	15.633738	0.00042045326	4409.498202562332
414	4530.4365	66.57822	4634.5547	4468.3564	1000.0	409.08795	19.321262	450.83533	129.93857	2075000	0.06256514	7920.896	-0.0116474405	-1260.8174	15.624726	5.662651e-05	4422.378334283829
415	4554.1924	52.351494	4625.835	4491.468	1000.0	410.33786	25.740288	446.84366	128.2625	2080000	-0.036651965	7945.6206	-0.013230342	-1040.7222	15.642509	0.0003302437	4435.326653957367
416	4575.671	44.300655	4633.2837	4518.741	1000.0	406.21176	27.98214	439.3466	119.25308	2085000	-0.0037790588	8546.705	-0.012683788	-1357.5625	15.683388	0.0008646063	4448.902949094772
417	4550.88	32.19391	4596.395	4510.9644	1000.0	416.2929	17.221386	447.8271	245.37592	2090000	-0.021726202	8431.685	-0.015558153	-965.7783	15.668365	0.0012858177	4461.964000940323
418	4552.2373	38.414906	4598.712	4502.854	1000.0	402.50327	33.476143	445.00195	148.32797	2095000	0.024001645	8136.213	-0.0108349705	-1394.0874	15.584078	0.0010939776	4475.719908952713
419	4577.1553	50.896248	4658.5435	4501.933	1000.0	413.17075	22.578299	450.17767	244.56464	2100000	-0.047695916	8880.045	-0.011184979	-1127.7651	15.552898	-0.00018435974	4488.925699234009
420	4549.1377	44.385445	4633.0654	4511.082	1000.0	412.79355	15.909947	450.21756	232.19427	2105000	0.041252922	8306.657	-0.011814512	-1912.4907	15.597328	0.0015283632	4504.026104688644
421	4555.039	22.117256	4594.744	4534.0703	1000.0	401.2773	45.575714	447.19205	1.944478	2110000	0.024873318	7459.1426	-0.011774185	-1533.6538	15.55495	0.0012968824	4516.959045648575
422	4540.3154	25.770445	4576.9883	4505.52	1000.0	416.32486	30.654428	445.01447	113.741844	2115000	0.026811682	7452.203	-0.011914215	-1085.6895	15.694872	0.00066075404	4530.550453186035
423	4569.543	14.973353	4599.0923	4559.932	1000.0	407.4076	33.221203	442.0664	122.07038	2120000	-0.03063255	8565.19	-0.012238292	-1314.8887	15.652735	0.00029778975	4544.327350139618
424	4521.5015	49.86014	4561.7847	4423.2114	1000.0	405.96503	36.726093	443.76044	44.971912	2125000	-0.022443064	7781.2256	-0.01022625	-1102.3242	15.599194	-0.00047390023	4557.924749135971
425	4545.6045	45.413464	4599.09	4475.59	1000.0	402.0891	39.164085	444.1912	43.928757	2130000	-0.019133069	8388.356	-0.011636781	-1651.7422	15.574875	0.0003530363	4571.152105808258
426	4592.4775	36.435726	4641.4307	4540.3013	1000.0	413.66965	18.683132	448.87518	212.20215	2135000	0.07033182	8064.536	-0.010959744	-957.0337	15.608667	-0.0002942955	4584.482579469681
427	4578.9946	16.615828	4594.786	4546.8887	1000.0	416.1706	15.897016	450.8192	243.54066	2140000	-0.01465372	8429.471	-0.009721512	-741.4258	15.57305	0.00033448447	4597.687492609024
428	4544.0576	69.93051	4644.588	4436.3745	1000.0	410.921	19.056726	451.516	212.24677	2145000	0.010112284	8316.494	-0.012966901	-1092.7056	15.609341	0.00029547597	4610.993757247925
429	4598.19	24.924429	4641.3584	4565.947	1000.0	413.3685	18.254852	450.6634	242.05411	2150000	0.009395475	8547.692	-0.011472107	-720.22217	15.631697	6.545544e-05	4624.22843503952
430	4582.8	11.985618	4601.029	4571.4814	1000.0	410.57486	20.73435	450.08835	132.14499	2155000	0.019473694	8007.258	-0.017706726	-1170.3584	15.657209	0.00086296996	4638.885919809341
431	4537.698	45.560844	4613.5684	4470.9634	1000.0	411.77084	22.872066	451.32336	264.19385	2160000	-0.007913123	7773.906	-0.0107718995	-1361.9707	15.5481	5.423851e-05	4652.330130338669
432	4551.355	50.87152	4645.9487	4501.7793	1000.0	399.77646	39.13542	438.233	111.75833	2165000	-0.0025674195	8098.5366	-0.010487286	-1647.7671	15.660869	-0.00019788514	4666.010582923889
433	4542.089	44.014427	4597.395	4475.2954	1000.0	414.54248	21.776844	443.80676	156.61029	2170000	-0.055279236	8326.883	-0.010688718	-993.85645	15.624831	-0.00019766102	4679.897095441818
434	4620.5557	63.95666	4708.392	4518.102	1000.0	407.3011	19.04479	446.21735	279.58914	2175000	0.05080298	8511.9375	-0.012169469	-1126.1206	15.620475	0.0010512709	4693.289033651352
435	4577.8555	25.498962	4605.7456	4539.1123	1000.0	416.4129	19.01239	444.82336	232.99861	2180000	-0.010467844	8178.7954	-0.012326058	-810.7632	15.576505	0.0014034148	4707.967936515808
436	4557.2773	40.444687	4623.36	4517.3154	1000.0	401.69495	37.032234	448.1633	125.18975	2185000	0.05425321	8248.854	-0.010578904	-1624.3467	15.564294	0.0005670919	4721.448699474335
437	4567.1655	25.316061	4606.246	4534.9976	1000.0	417.41864	16.30959	450.1732	228.5775	2190000	-0.049643174	8428.38	-0.012406886	-612.7783	15.609569	0.00090128195	4734.182052612305
438	4549.3804	27.038721	4579.3774	4498.856	1000.0	411.4941	14.446744	447.25323	311.00952	2195000	-0.082603596	8357.719	-0.010171324	-746.125	15.569537	-0.00026520996	4746.855940580368
439	4536.7046	46.660885	4599.5493	4467.4087	1000.0	396.6016	36.52159	449.82208	99.35513	2200000	-0.025106732	7477.2544	-0.011508983	-1588.8774	15.573749	0.0010750503	4760.11284828186
440	4551.411	46.950066	4614.6274	4482.046	1000.0	416.54016	23.86815	451.41168	194.90967	2205000	0.0534174	8148.541	-0.010719482	-1064.0776	15.576962	4.566517e-05	4774.6132345199585
441	4576.396	19.486303	4598.999	4544.4253	1000.0	414.92365	18.285032	449.88876	201.44653	2210000	-0.079859726	8595.645	-0.010562427	-767.3965	15.631427	0.001047037	4787.617510795593
442	4546.2783	21.543814	4578.615	4511.156	1000.0	401.55914	35.216606	450.7506	96.0193	2215000	0.035666432	8658.848	-0.012517653	-1509.4326	15.650828	-2.4361801e-05	4800.725788354874
443	4576.773	21.847368	4610.95	4543.726	1000.0	414.3006	15.949004	449.4122	277.48862	2220000	-0.021999061	8169.3	-0.009224761	-771.66797	15.646764	-0.0012498188	4814.600754261017
444	4544.282	22.917488	4562.5225	4505.9756	1000.0	405.38995	27.433626	438.4996	191.62189	2225000	0.033941675	8188.7944	-0.01028318	-1042.9346	15.606634	-0.000888994	4828.028960466385
445	4543.429	78.643364	4638.3257	4403.1567	1000.0	412.34756	18.241074	448.91638	220.40758	2230000	0.06685036	8153.7944	-0.011379503	-941.8618	15.563699	8.109856e-05	4840.6700212955475
446	4547.5312	63.038013	4653.9033	4458.084	1000.0	404.4427	18.763626	442.75232	299.78198	2235000	-0.013044165	8113.2354	-0.012226574	-1067.9663	15.632443	0.0011116643	4853.58265376091
447	4567.21	29.767113	4598.3936	4511.907	1000.0	413.0414	19.790878	451.80435	260.37192	2240000	0.004431586	8059.3105	-0.01173494	-763.66895	15.609938	5.711937e-06	4866.46581029892
448	4566.0283	19.072536	4586.9688	4534.986	1000.0	413.0581	19.06336	451.589	298.83688	2245000	0.02841636	8537.068	-0.013782406	-819.23	15.622469	0.0013763544	4879.562318086624
449	4553.657	41.388687	4604.823	4492.363	1000.0	401.4347	30.90064	440.62738	174.19545	2250000	0.003979187	7780.2847	-0.0127367955	-1548.0693	15.620053	-9.739685e-06	4892.5699326992035
450	4545.427	35.691532	4582.017	4488.921	1000.0	415.04126	22.781433	451.81873	199.25748	2255000	0.022836758	7848.9136	-0.011590627	-1203.0415	15.627844	-0.00018815917	4906.852608203888
451	4551.577	39.703587	4599.3096	4482.375	1000.0	409.6985	20.954916	453.26654	183.2356	2260000	0.039817102	7999.957	-0.010072377	-881.6035	15.615175	0.0012527083	4919.8654544353485
452	4569.2666	20.443846	4596.939	4536.896	1000.0	412.0706	16.575579	449.44983	267.52325	2265000	0.034290493	8290.323	-0.011870904	-729.24805	15.536472	0.0017347414	4932.8083527088165
453	4507.8125	27.574797	4540.908	4464.3545	1000.0	383.625	66.54401	456.42746	33.252113	2270000	0.07224077	6755.6143	-0.011083435	-2712.1938	15.625347	-0.0011691822	4945.5122702121735
454	4594.0273	38.252716	4638.5757	4539.964	1000.0	415.3876	41.10723	454.7358	101.00012	2275000	-0.011941699	9175.544	-0.010953916	-1704.915	15.637627	0.0005582571	4958.334811449051
455	4562.28	33.05508	4599.252	4503.4463	1000.0	418.0883	13.099012	455.58136	264.139	2280000	-0.043429095	8308.808	-0.011235785	-635.8701	15.5890875	0.0011181906	4971.253554821014
456	4525.6724	20.650734	4558.936	4496.883	1000.0	412.0439	13.264072	442.76083	317.59564	2285000	0.02862021	8329.469	-0.012071937	-939.3672	15.635556	0.0010135126	4984.812362194061
457	4548.9463	31.994036	4589.4575	4494.772	1000.0	410.8739	18.215607	450.39835	287.99866	2290000	-0.06659018	8342.502	-0.009974711	-713.8882	15.60554	0.0005351372	4997.84584569931
458	4544.302	34.306244	4593.047	4500.8774	1000.0	404.17963	20.984346	440.18976	235.36148	2295000	-0.14027837	8510.922	-0.009969562	-983.9619	15.670644	0.00022799759	5011.037189483643
459	4537.5186	46.74464	4588.3955	4464.257	1000.0	409.18317	24.260733	448.7027	131.45784	2300000	0.0068859984	7745.4175	-0.010450378	-1545.3623	15.662293	0.0003800808	5023.9400243759155
460	4533.536	18.596256	4563.228	4512.488	1000.0	412.0074	25.674183	449.34634	231.75223	2305000	0.012978762	8223.736	-0.010385213	-1077.2466	15.60026	0.00047922516	5038.519855976105
461	4525.8057	52.467125	4599.929	4444.068	1000.0	411.1238	20.624249	439.64777	112.149284	2310000	-0.013341125	8363.5205	-0.009791279	-839.7886	15.625303	0.00035673237	5051.217276096344
462	4557.8486	82.95521	4692.7944	4485.3213	1000.0	401.41675	22.239887	435.22778	193.17735	2315000	0.008320398	8352.507	-0.013902105	-1390.8198	15.576231	0.00093610457	5064.5443823337555
463	4556.1416	40.207497	4601.7637	4497.1772	1000.0	416.3963	17.740864	446.41006	250.00581	2320000	-0.034063414	8676.075	-0.01006981	-862.3447	15.605361	0.0010259355	5077.95378112793
464	4534.4595	27.920713	4561.511	4488.179	1000.0	404.62576	20.564777	449.0299	231.47624	2325000	0.011277784	7981.5854	-0.011980154	-900.7637	15.544691	0.00025050563	5091.681503295898
465	4556.399	33.77098	4605.4873	4503.9536	1000.0	410.5659	23.046015	447.68924	250.76436	2330000	-0.028286435	8699.09	-0.012700643	-926.0156	15.648756	0.0010367773	5105.388832569122
466	4539.4688	25.233248	4568.1094	4498.105	1000.0	410.549	16.713627	440.6491	296.3645	2335000	-0.016427258	8278.023	-0.010503314	-692.0488	15.571772	0.00036939734	5118.065244436264
467	4547.8164	40.20671	4588.4487	4473.305	1000.0	392.98886	38.090843	442.494	51.79228	2340000	0.0063739778	9530.559	-0.01092302	-2442.6128	15.690973	0.000904673	5131.651084184647
468	4585.048	69.20084	4701.3564	4521.262	1000.0	411.3691	16.21917	445.24026	249.54779	2345000	-0.011329926	8210.504	-0.009434457	-673.4873	15.559888	0.00039106616	5145.023372173309
469	4589.136	33.554604	4654.8237	4563.07	1000.0	415.13336	13.162569	447.0364	62.407722	2350000	-0.047935277	8391.808	-0.012619045	-638.64746	15.634301	0.00218322	5157.8933074474335
470	4547.165	23.684643	4575.187	4517.7993	1000.0	413.8996	13.922574	444.811	264.18228	2355000	0.04864317	8228.977	-0.011931442	-514.60547	15.592257	0.0002095768	5172.35356259346
471	4574.9717	29.853895	4617.6157	4533.053	1000.0	409.75464	13.435526	445.20377	189.58621	2360000	0.089990444	8180.317	-0.010808773	-638.52637	15.678873	0.00083398115	5185.196131944656
472	4557.8945	33.478806	4606.4614	4514.4355	1000.0	409.37527	17.344498	447.45633	302.62128	2365000	0.0060773436	7870.9185	-0.01201449	-878.2881	15.627453	4.3977358e-05	5198.198322057724
473	4585.0303	25.855537	4624.7095	4555.793	1000.0	412.97333	18.624592	446.65155	266.00058	2370000	-0.047734443	8031.7344	-0.013684489	-735.1255	15.617609	0.00087617437	5211.258413076401
474	4563.1045	25.033175	4606.095	4533.18	1000.0	413.50046	18.95149	445.79407	302.03928	2375000	-0.005869446	8240.466	-0.009997252	-719.2427	15.626334	0.0014026867	5223.788539409637
475	4544.7837	29.539865	4588.75	4506.1143	1000.0	407.05786	24.007406	443.89273	199.816	2380000	-0.029502882	7827.4287	-0.012034247	-946.5967	15.573616	0.00094603194	5236.619783639908
476	4554.3115	42.69917	4604.378	4486.758	1000.0	410.4108	23.115124	445.84387	226.41179	2385000	-0.0010343781	8594.123	-0.010444525	-1030.1831	15.616417	0.0010639294	5249.2230706214905
477	4571.7593	14.417736	4589.7183	4549.3794	1000.0	410.2723	16.899117	445.8503	283.9753	2390000	0.120895505	8292.568	-0.012104757	-637.06494	15.652285	0.0010015024	5262.061621189117
478	4556.792	39.841362	4614.6216	4502.613	1000.0	407.6056	18.684715	446.52927	210.63658	2395000	-0.023927558	8022.0366	-0.010777149	-965.67725	15.636256	0.0007226149	5274.883741140366
479	4571.0107	48.438663	4616.491	4488.511	1000.0	416.5744	16.24564	447.59344	278.4641	2400000	-0.03914847	8070.3535	-0.0115024485	-583.46094	15.615044	0.0011680479	5288.102938175201
480	4568.587	26.185102	4601.0024	4522.4287	1000.0	411.0931	19.694225	447.87958	186.35391	2405000	-0.009583087	8794.84	-0.013486969	-802.7886	15.634763	0.00089903676	5302.991065502167
481	4561.7515	24.795624	4590.6284	4521.4185	1000.0	409.71054	19.585974	446.91602	210.96616	2410000	0.0461523	8013.6177	-0.012401942	-1038.3232	15.623957	0.00092348806	5315.738883256912
482	4488.2524	47.591354	4555.726	4425.0015	1000.0	412.2831	17.44006	447.10504	264.18262	2415000	0.033331174	7838.773	-0.011687687	-1039.8418	15.635606	0.00014617176	5328.500823020935
483	4518.884	27.714909	4557.5913	4481.5493	1000.0	403.2202	25.61327	445.26083	203.25967	2420000	-0.0411121	7951.0566	-0.009845886	-1153.5708	15.601543	-0.00011030807	5341.4294419288635
484	4532.0835	45.32984	4581.5776	4460.05	1000.0	404.8866	31.112259	447.93195	191.18463	2425000	-0.034779437	7345.5034	-0.011949737	-1797.5161	15.630945	0.0005022602	5354.72132229805
485	4604.6006	67.86273	4661.0767	4485.598	1000.0	404.32498	35.412903	449.49646	110.76387	2430000	0.051508885	8074.4287	-0.012468699	-1788.9297	15.56822	-0.0009836003	5367.2706208229065
486	4569.5527	60.58824	4655.5737	4501.4663	1000.0	402.32904	59.73165	454.14328	16.774452	2435000	0.04294989	8349.143	-0.011160355	-2122.669	15.684872	0.0002846384	5380.015160083771
487	4557.135	42.12006	4620.3647	4493.096	1000.0	419.9695	23.236076	453.62665	97.19631	2440000	0.005827681	7721.0063	-0.009706285	-1237.3535	15.566953	0.0009686218	5392.625113964081
488	4570.1064	22.112516	4600.075	4534.965	1000.0	420.1789	17.261833	452.0019	239.72188	2445000	-0.02165136	8473.36	-0.009631904	-816.36816	15.612489	0.0009943815	5405.378731012344
489	4530.9272	49.865284	4599.724	4476.7627	1000.0	407.0499	24.62506	451.32233	62.958958	2450000	0.03218132	8385.921	-0.0132538285	-1060.1411	15.5740185	0.00071864016	5418.328246116638
490	4535.1846	78.80346	4628.134	4399.3604	1000.0	403.47656	42.388264	448.9979	22.067144	2455000	-0.10286634	8172.093	-0.011827044	-1500.2261	15.6565	0.0010028931	5432.7342529296875
491	4532.839	72.24461	4587.334	4392.196	1000.0	417.3525	11.5520935	448.00116	268.09976	2460000	-0.007423694	8378.467	-0.011718901	-540.0205	15.579078	0.00039556675	5445.697960138321
492	4560.19	34.61586	4605.385	4521.605	1000.0	406.8961	18.742863	444.8738	151.67218	2465000	0.079846546	8197.11	-0.013170943	-966.99023	15.678562	0.0014578196	5458.563983201981
493	4559.122	46.296135	4622.8286	4485.6323	1000.0	391.93274	52.4229	447.71436	-2.4589005	2470000	-0.0027641845	10392.72	-0.011619519	-3105.7236	15.579456	0.00095439417	5471.563815355301
494	4571.872	25.373905	4592.1016	4522.652	1000.0	416.59494	14.69528	447.3331	91.82006	2475000	0.079933845	8166.971	-0.011559755	-505.31836	15.593775	0.0009673033	5483.765948295593
495	4600.763	49.275837	4684.808	4546.1294	1000.0	412.44412	13.070386	445.6242	271.32098	2480000	0.12036387	8481.245	-0.008605361	-465.55176	15.662819	0.00017410565	5495.973843336105
496	4574.7036	35.289745	4616.7075	4520.5825	1000.0	416.03995	13.113951	446.9979	158.85593	2485000	0.00730399	8289.958	-0.011495238	-553.5757	15.641856	0.0003609354	5508.385561704636
497	4539.9775	25.01814	4569.373	4503.679	1000.0	407.46234	17.705616	446.92877	326.24664	2490000	-0.04445059	8056.851	-0.012721855	-740.60645	15.690293	0.0005998949	5520.431404352188
498	4570.757	66.51215	4662.5845	4474.568	1000.0	407.7173	22.313528	444.5381	229.91273	2495000	-0.03797441	8576.36	-0.0129076205	-1330.5317	15.7098	0.00020350418	5532.98379778862
499	4546.5205	39.699	4585.1	4481.471	1000.0	411.26044	26.070385	445.4183	148.54149	2500000	-0.013028635	7817.8794	-0.010824135	-1111.3569	15.582163	0.0020067254	5547.679027795792
