Epoch	AverageEpRet	StdEpRet	MaxEpRet	MinEpRet	EpLen	AverageVVals	StdVVals	MaxVVals	MinVVals	TotalEnvInteracts	LossPi	LossV	DeltaLossPi	DeltaLossV	Entropy	KL	Time
0	-1806.0579	120.23469	-1587.5409	-1942.4635	1000.0	-0.034983568	0.8808526	1.9530013	-1.9224902	5000	0.29977033	28858.38	-0.0252437	-4547.1523	9.665371	2.2031732	17.490341424942017
1	-1672.4437	51.64477	-1604.2683	-1756.3109	1000.0	-14.465326	0.41677842	-11.344758	-14.993482	10000	0.31871855	20322.367	-0.01949495	-1889.3145	9.544572	2.1547253	25.85750961303711
2	-1613.4213	37.472973	-1548.5612	-1656.7274	1000.0	-21.541206	0.07891554	-20.572786	-21.613945	15000	0.27327165	16360.893	-0.019644469	-1342.4736	9.525666	2.174494	34.39913749694824
3	-1631.4392	20.483738	-1612.6256	-1670.7604	1000.0	-27.07305	0.054364298	-26.086842	-27.114008	20000	0.35204405	15174.064	-0.019411772	-1203.7158	9.443029	2.066955	42.771626710891724
4	-1551.3678	66.91906	-1421.9175	-1600.7538	1000.0	-32.27525	0.032873586	-31.641624	-32.298897	25000	0.2695206	12572.409	-0.0148769915	-1008.7549	9.288755	1.9228988	51.113455295562744
5	-1481.9974	18.339705	-1448.9989	-1498.197	1000.0	-37.07955	0.028053341	-36.295437	-37.096455	30000	0.23388721	10476.837	-0.013454258	-845.709	9.5266285	2.099481	59.39964413642883
6	-1447.4618	49.982403	-1399.2839	-1542.008	1000.0	-41.54046	0.01981979	-41.07788	-41.552456	35000	0.31318885	8963.6455	-0.011507511	-736.6133	9.316842	1.9168915	67.56742334365845
7	-1389.2151	93.60445	-1261.8503	-1511.877	1000.0	-45.767593	0.016029285	-45.418663	-45.77813	40000	0.20322229	7136.5854	-0.011022523	-594.8296	9.281374	1.9011652	75.69895529747009
8	-1101.713	540.7901	-27.752563	-1487.1245	804.2	-49.649563	0.01557465	-49.199078	-49.657978	45000	0.2507822	6120.848	-0.010528773	-519.33154	9.316439	1.8613367	83.50441193580627
9	-1289.0842	56.54292	-1191.7385	-1355.3922	1000.0	-53.34215	0.0134222815	-52.969093	-53.34942	50000	0.28038138	4440.652	-0.008141935	-379.95068	9.234117	1.8393016	91.2541356086731
10	-1231.5752	39.708652	-1180.8486	-1297.7422	1000.0	-56.590256	0.010842611	-56.357777	-56.59651	55000	0.21956716	3917.4675	-0.010965869	-333.3816	9.198266	1.7928818	99.99873781204224
11	-1003.27844	424.4554	-156.48344	-1248.5475	818.8	-59.68483	0.011325167	-59.424717	-59.69089	60000	0.2237656	3348.3594	-0.0054074973	-304.43018	9.183391	1.7932726	108.1553418636322
12	-1167.6719	23.591879	-1134.8629	-1195.039	1000.0	-62.70745	0.011334248	-62.352055	-62.71285	65000	0.27798682	2612.8157	-0.009599447	-230.5	9.141608	1.744475	115.99457120895386
13	-1155.3928	15.712944	-1144.423	-1186.104	1000.0	-65.41432	0.010119909	-65.12728	-65.419044	70000	-0.0037042573	2160.051	-0.0049836207	-188.67224	9.147336	1.7254918	124.18673372268677
14	-1139.7888	87.44917	-1016.2285	-1272.1632	1000.0	-67.91369	0.009240003	-67.643425	-67.91842	75000	0.09669425	1968.6504	-0.008330047	-166.06934	9.108537	1.6950039	132.24843382835388
15	-1144.9255	28.785192	-1098.8583	-1176.9526	1000.0	-70.30919	0.008223494	-70.11307	-70.313576	80000	0.17854542	1638.117	-0.0076812357	-134.36499	9.135549	1.7392193	139.97358560562134
16	-1095.882	30.64342	-1042.1881	-1136.9706	1000.0	-72.52034	0.009220886	-72.19818	-72.52445	85000	0.047434222	1369.7675	-0.0057997666	-96.10547	9.124571	1.745942	147.9990086555481
17	-1055.7878	67.34097	-965.4969	-1158.6107	1000.0	-74.44201	0.008621763	-74.2072	-74.44594	90000	0.10223879	1007.9203	-0.005060643	-69.22406	9.119055	1.6996856	156.031014919281
18	-1011.425	31.171873	-963.7533	-1057.4056	1000.0	-76.11147	0.008408432	-75.83571	-76.115295	95000	0.17097418	684.4638	-0.0047146976	-35.918884	9.105086	1.7344877	164.13557600975037
19	-1000.2529	59.88833	-910.24036	-1071.7778	1000.0	-77.35832	0.008044798	-77.07348	-77.361755	100000	0.05308828	671.5446	-0.0025894716	-27.137695	9.187135	1.7283611	172.48972129821777
20	-1040.4377	67.00839	-924.9965	-1134.2365	1000.0	-78.45312	0.0074420753	-78.25302	-78.45652	105000	-0.005085754	806.3294	-0.003030057	-36.93164	9.19477	1.7610074	181.22240090370178
21	-956.6839	118.79715	-827.578	-1164.2714	1000.0	-79.7409	0.006842364	-79.52437	-79.74439	110000	0.1360147	688.7628	-0.0053684562	-12.276428	9.097084	1.7005527	189.44544172286987
22	-980.4118	88.8622	-876.162	-1120.3024	1000.0	-80.54029	0.007241112	-80.323685	-80.54358	115000	0.18593752	815.6993	-0.0043062717	-9.935303	9.074227	1.6798621	197.67952704429626
23	-955.45056	16.832224	-935.1468	-978.98126	1000.0	-81.24892	0.006693016	-81.078514	-81.25213	120000	0.00076476746	564.7093	-0.0038629912	-3.3104858	9.077211	1.6628118	205.96217250823975
24	-947.075	79.441185	-810.0473	-1045.6792	1000.0	-81.68314	0.0064770924	-81.49922	-81.68642	125000	0.073772	608.64746	-0.0034926161	-2.9224854	9.028469	1.5940319	214.1108374595642
25	-945.01404	61.995945	-835.4082	-1020.9748	1000.0	-82.08462	0.008769827	-81.77675	-82.08807	130000	0.13589354	584.90436	-0.0034309179	-1.0967407	9.042426	1.5977526	222.2746467590332
26	-881.7708	60.426888	-771.4692	-936.1916	1000.0	-82.34504	0.007537241	-82.14035	-82.348305	135000	0.050791092	509.9186	-0.003900759	-4.3679504	9.143908	1.7585762	230.5804033279419
27	-908.03406	69.90794	-802.705	-1018.5742	1000.0	-81.87176	0.006598749	-81.70984	-81.87497	140000	0.06682021	667.27045	-0.0030326247	0.003479004	8.90683	1.518206	238.71500253677368
28	-881.02625	71.698364	-771.53815	-983.3667	1000.0	-81.8185	0.007094392	-81.57433	-81.82171	145000	0.04476953	466.4475	-0.003316909	-1.268219	8.942111	1.5380859	246.80328941345215
29	-895.9989	108.08207	-705.0739	-1010.1783	1000.0	-81.54434	0.014904619	-81.08827	-81.54937	150000	0.12754494	718.4642	-0.0039215013	-1.8150024	8.961057	1.5023228	255.0400288105011
30	-915.3436	54.84127	-826.3448	-997.6904	1000.0	-81.36854	0.57225585	-54.03385	-81.411964	155000	0.05877742	617.2487	-0.004619535	-20.4906	9.050619	1.6029252	263.67962861061096
31	-859.91016	21.200571	-821.5521	-885.2938	1000.0	-80.58385	4.3619685	7.5090227	-81.487816	160000	0.06432165	509.69965	-0.00401647	-53.5524	8.9787445	1.5167438	271.814341545105
32	-799.9474	60.395718	-725.32117	-894.92	1000.0	-78.59944	5.869286	3.6021342	-81.18499	165000	0.04552081	540.4307	-0.0028997771	-94.421234	8.960647	1.5695179	279.9570908546448
33	-800.3453	61.85892	-728.4411	-884.246	1000.0	-73.362656	4.1117473	1.80379	-79.86342	170000	0.07079922	450.44135	-0.003714338	-35.61151	8.953771	1.5300932	288.0904779434204
34	-789.74335	64.51398	-715.773	-910.5319	1000.0	-72.55235	5.8998203	33.16773	-79.651405	175000	0.121333264	398.40277	-0.00214044	-52.404022	8.847033	1.4437083	295.71038484573364
35	-812.02313	68.60417	-689.47437	-893.66455	1000.0	-71.934715	4.244375	-15.499666	-80.50545	180000	0.170248	439.18726	-0.0027896315	-43.686005	8.874728	1.5026782	303.7165253162384
36	-807.34485	92.31564	-663.4722	-917.41406	1000.0	-72.28914	4.0149474	22.213362	-80.35929	185000	0.08439391	574.6134	-0.002115637	-82.7659	8.961481	1.5554873	311.8020136356354
37	-821.16	40.104443	-764.64514	-855.78906	1000.0	-68.52305	8.460103	4.8446865	-80.97319	190000	0.085020505	447.3241	-0.0030114576	-99.81961	8.907033	1.4937162	320.20381259918213
38	-811.00995	64.684586	-755.6158	-931.94	1000.0	-73.196526	3.9188933	-20.322662	-81.04529	195000	0.11734934	439.287	-0.002519481	-44.159546	9.037669	1.6040928	328.92046189308167
39	-829.6553	26.30286	-794.2578	-874.53564	1000.0	-71.39427	4.828511	-11.520203	-81.13873	200000	0.14689039	387.0919	-0.0039492697	-45.509583	8.927155	1.4715698	337.1264386177063
40	-747.8319	77.365746	-628.4427	-868.06494	1000.0	-73.02223	5.3415446	-18.30013	-81.37344	205000	0.06561831	415.94934	-0.0034600683	-88.62323	8.946456	1.520582	345.78011298179626
41	-743.9583	52.270885	-659.4918	-793.1639	1000.0	-66.51727	6.1246862	7.405795	-81.31674	210000	0.114276245	376.37405	-0.0017989874	-105.12482	8.921389	1.4954156	353.9822430610657
42	-752.9353	45.59431	-678.06726	-812.43317	1000.0	-66.24689	10.037547	32.080727	-81.38075	215000	0.060624067	467.5357	-0.0038656443	-128.95944	8.875375	1.450207	362.2159333229065
43	-723.08997	52.273495	-644.62915	-802.5343	1000.0	-69.18935	5.1173873	-30.814144	-81.27545	220000	0.07947041	408.20703	-0.002997227	-75.03992	9.017671	1.6185203	370.36980867385864
44	-713.8115	26.19469	-687.0048	-759.45087	1000.0	-64.08464	7.011993	-18.07721	-81.12431	225000	-0.0031697936	302.98337	-0.003542142	-49.48282	8.8717	1.4485778	378.58601665496826
45	-711.00604	77.77246	-630.08307	-849.63477	1000.0	-64.70968	5.283556	-23.708254	-81.09824	230000	0.06853068	322.33276	-0.0020857826	-29.333984	9.053021	1.5932939	386.74805426597595
46	-730.2278	67.889046	-611.23267	-799.24896	1000.0	-64.57374	4.956639	-39.875866	-81.20912	235000	0.012642877	406.2133	-0.0025936589	-60.597565	9.016991	1.5755847	394.9173991680145
47	-725.5515	95.13746	-553.86975	-830.39417	1000.0	-67.06364	6.7837934	2.6822128	-81.15725	240000	0.06636187	435.4174	-0.0016945451	-74.50162	8.864247	1.4258963	402.93795108795166
48	-716.45593	44.403652	-652.70447	-787.26215	1000.0	-65.5635	5.2220545	-15.386966	-81.14168	245000	-0.043041628	391.0927	-0.0022326522	-54.33667	8.86114	1.4715241	411.13109397888184
49	-709.7829	38.674023	-675.86914	-783.3487	1000.0	-62.26515	4.7604938	-21.639418	-81.10859	250000	0.068664856	339.24646	-0.0025760904	-26.459106	8.84914	1.4586285	419.3923523426056
50	-715.3771	65.06418	-651.14465	-831.6217	1000.0	-64.53279	5.1918163	-33.10619	-81.29076	255000	0.10020209	310.032	-0.0022173524	-38.550873	8.81805	1.4295663	428.2967617511749
51	-689.2982	95.47096	-577.91614	-853.4356	1000.0	-63.384533	6.2420774	-11.888693	-81.46238	260000	-0.000894989	388.696	-0.0021503787	-80.52881	8.951498	1.5395439	436.4771318435669
52	-692.0427	53.588535	-623.4977	-786.1903	1000.0	-59.363125	9.100014	26.04742	-81.65728	265000	0.078398	489.9277	-0.0022244528	-140.02301	8.7709675	1.3943255	444.5347454547882
53	-802.88696	53.361275	-720.71893	-864.1418	1000.0	-62.102886	4.1072245	-17.81363	-81.64662	270000	0.021562355	487.43994	-0.0018605702	-129.788	8.912233	1.4293797	452.55427169799805
54	-601.6577	52.22401	-533.1059	-694.09564	1000.0	-68.793625	5.295346	-52.316048	-82.59808	275000	0.03432627	531.1462	-0.0014346577	-220.72879	8.916033	1.4952818	460.64685440063477
55	-670.0847	30.63655	-630.3868	-707.42847	1000.0	-58.754337	2.9517493	-26.066174	-80.40765	280000	0.00776098	369.51917	-0.0022072326	-45.24002	8.865437	1.425161	468.82740211486816
56	-710.3174	44.324574	-665.84467	-787.76447	1000.0	-60.072258	3.6931767	2.0002766	-81.36871	285000	0.067187086	317.5251	-0.0023600385	-45.525696	8.86925	1.4320436	476.9830379486084
57	-710.20844	47.187702	-642.46533	-765.02484	1000.0	-63.765274	5.0021367	-36.34107	-81.84597	290000	0.040131446	325.85754	-0.0031843148	-25.206299	8.912518	1.468541	485.11565470695496
58	-553.5566	247.76341	-59.28114	-698.6431	813.0	-62.46039	5.2245035	-44.304295	-81.59533	295000	0.10862869	292.6898	-0.0025812313	-39.599792	8.807236	1.406474	493.2682149410248
59	-614.9379	73.411644	-479.38852	-698.69366	1000.0	-60.828587	4.6050553	-17.091911	-81.37177	300000	0.10315888	367.48032	-0.0027231127	-78.43356	8.830545	1.4223107	501.48327445983887
60	-631.61145	100.80743	-491.56702	-797.5966	1000.0	-56.771313	7.6335773	22.112352	-80.786125	305000	0.08787032	406.52924	-0.0031211227	-73.053406	8.921553	1.484658	510.26245069503784
61	-598.58264	73.14662	-531.43774	-737.2033	1000.0	-56.935974	5.356436	18.642721	-80.52687	310000	0.06650954	338.21448	-0.0021817982	-69.440765	8.936772	1.5370787	518.7980947494507
62	-554.69696	261.9408	-44.66404	-796.4887	820.2	-55.44185	6.412588	6.693101	-80.25798	315000	-0.018583553	357.43356	-0.0026860088	-66.929016	8.896147	1.4677869	527.051816701889
63	-585.9246	57.473625	-476.27548	-646.2279	1000.0	-57.595764	5.284946	19.635674	-80.659134	320000	0.08815976	389.3308	-0.00242313	-78.0871	8.914956	1.4743981	535.2000367641449
64	-510.26923	243.207	-37.595943	-723.0164	812.2	-54.767162	6.4847417	56.023846	-80.02431	325000	0.07165543	351.908	-0.0033193678	-76.117615	8.927502	1.4530779	543.2811529636383
65	-658.2661	58.435425	-577.2879	-749.46765	1000.0	-58.759094	4.2531414	-13.989289	-80.83648	330000	0.08386221	279.0395	-0.0024745017	-29.384186	8.819158	1.3750564	551.1556613445282
66	-670.4462	63.241875	-591.4843	-767.1217	1000.0	-58.65534	5.207728	-3.9314907	-80.77516	335000	0.027777111	307.5993	-0.0019918382	-34.937866	8.816867	1.3489357	558.9225578308105
67	-674.44226	65.75846	-598.51514	-777.98956	1000.0	-61.471382	7.646096	13.830709	-81.059685	340000	0.04180298	381.4872	-0.002166327	-53.288208	8.84429	1.4211334	566.6410336494446
68	-647.7165	72.755356	-550.9342	-727.8446	1000.0	-58.674664	7.1192136	-38.684208	-80.455864	345000	-0.0066930056	312.7462	-0.002411862	-40.810913	8.879278	1.4371276	574.5326781272888
69	-631.3265	36.094154	-597.08606	-698.2615	1000.0	-58.018375	6.939605	-42.997574	-80.201096	350000	-0.0020641724	288.05084	-0.0013996856	-37.143723	8.834954	1.3593957	582.5623593330383
70	-672.4403	31.940067	-633.61536	-728.3058	1000.0	-57.620506	4.2745695	-24.487787	-80.35925	355000	-0.028080741	266.95264	-0.0015595146	-43.065735	8.878661	1.3917351	591.511626958847
71	-608.3937	60.099655	-503.24835	-671.98883	1000.0	-58.92985	5.6203566	-35.162186	-80.72127	360000	0.10760188	360.11935	-0.0028528422	-82.166565	8.823314	1.3901418	599.7180106639862
72	-624.1601	58.254253	-534.0888	-706.7146	1000.0	-55.240414	3.319826	22.17321	-75.20442	365000	0.056335688	306.5538	-0.0018625073	-20.457642	8.92167	1.4481809	608.0028495788574
73	-583.35175	44.56561	-544.85266	-665.43115	1000.0	-56.093037	3.154252	-3.6264226	-79.24837	370000	0.021413598	280.04425	-0.0024116486	-31.14325	8.813679	1.3878877	616.2241578102112
74	-561.6217	26.066366	-525.7452	-598.8876	1000.0	-53.827705	4.0482974	27.580954	-76.16928	375000	0.030106159	201.23622	-0.0017839	-24.251068	8.930233	1.4603004	624.3906230926514
75	-650.421	14.45652	-627.0794	-667.36383	1000.0	-51.419533	2.6066444	-30.316736	-75.618515	380000	0.11345681	286.25296	-0.0024481416	-63.22104	8.8100395	1.3141507	632.9902288913727
76	-638.87524	32.64195	-595.2696	-679.28937	1000.0	-58.29794	4.33573	-39.502007	-81.140495	385000	-0.014787958	256.55655	-0.0014484124	-27.68187	8.84345	1.3836294	641.5879807472229
77	-629.9308	36.42876	-581.36566	-681.4827	1000.0	-57.6199	5.6830616	-48.578674	-80.62612	390000	0.09429811	259.4204	-0.0020040795	-26.115906	8.8833475	1.4080954	649.7409222126007
78	-625.9398	64.259224	-552.8886	-743.5082	1000.0	-55.895924	4.60992	-13.325519	-79.99958	395000	0.032326844	317.98566	-0.0018994119	-40.08246	8.874735	1.4081765	657.9487447738647
79	-577.1938	68.242836	-505.045	-698.7811	1000.0	-56.8253	5.3472347	-22.274836	-80.43456	400000	0.022214387	324.9206	-0.0023367926	-84.13547	8.870103	1.4331963	666.0551867485046
80	-566.433	19.932816	-540.559	-597.2685	1000.0	-51.985355	4.9889364	23.71629	-77.52639	405000	0.10889636	225.7407	-0.0019023642	-39.69658	8.814185	1.3868307	674.712354183197
81	-627.3299	27.843231	-577.99243	-658.73785	1000.0	-53.32242	3.6745267	-2.1124628	-77.94021	410000	-0.008107596	229.95993	-0.0017542932	-41.429123	8.893417	1.4648435	682.3944001197815
82	-622.8622	72.18717	-492.19864	-687.50055	1000.0	-55.24396	3.173802	-30.880405	-80.22417	415000	-0.025090221	289.06262	-0.0015511569	-16.433167	8.719888	1.2434697	690.2637252807617
83	-634.69745	37.834534	-588.0659	-683.2684	1000.0	-57.096783	4.817202	-14.577505	-80.622986	420000	0.0066432953	259.3201	-0.0017630034	-44.635803	8.842879	1.3760833	698.3289258480072
84	-606.8057	88.30183	-495.71942	-747.37335	1000.0	-58.347733	7.610038	-12.646796	-80.94321	425000	0.08219099	315.62894	-0.0015503764	-60.782593	8.8534565	1.4172031	706.317328453064
85	-573.528	38.698032	-538.6279	-643.2799	1000.0	-52.970875	5.0368195	1.7011402	-80.07321	430000	0.11655851	207.74931	-0.0019067153	-33.24321	8.844712	1.4271071	714.4530267715454
86	-581.12756	31.790306	-538.3484	-636.7907	1000.0	-51.135944	3.7132316	-19.10803	-79.547455	435000	0.018614667	255.7532	-0.0019670222	-26.995956	8.842259	1.3688669	722.7161688804626
87	-592.85144	41.718517	-533.9118	-635.4236	1000.0	-55.09333	6.6976237	-1.689795	-80.19703	440000	0.055895146	307.7453	-0.002340939	-58.35788	8.784781	1.3519635	730.8115863800049
88	-591.8448	28.274984	-567.90137	-643.5557	1000.0	-52.519463	3.0330703	-32.809383	-79.84586	445000	-0.013608363	224.94267	-0.0018763132	-14.06102	8.89236	1.4086248	738.7356390953064
89	-568.3374	32.071888	-508.8379	-599.2879	1000.0	-53.460976	2.7396598	-37.458607	-76.482254	450000	0.020934543	219.30646	-0.0025118925	-15.130356	8.785271	1.3237556	746.6609721183777
90	-591.69257	41.285084	-545.77203	-660.4956	1000.0	-52.049824	2.5716567	-24.654444	-79.04475	455000	-0.037924867	247.7739	-0.0015942641	-28.27504	8.821088	1.3386344	755.3277266025543
91	-589.9557	82.8014	-497.83603	-714.82196	1000.0	-53.504612	4.769247	14.728266	-80.56276	460000	-0.049998958	322.93494	-0.0020938218	-51.307037	8.772786	1.3394123	763.3275187015533
92	-568.2787	41.187798	-505.3084	-620.5161	1000.0	-53.54161	6.6202483	-10.67714	-80.633644	465000	0.049313977	240.15042	-0.0019889101	-52.549393	8.8355465	1.4299252	771.322404384613
93	-598.71655	96.88254	-485.62967	-723.882	1000.0	-51.48117	6.917908	-19.958025	-79.9281	470000	0.04436007	313.9956	-0.0021518506	-69.38466	8.893929	1.3899534	779.246954202652
94	-573.0781	60.893665	-502.05087	-659.21826	1000.0	-52.154686	7.65864	-15.498977	-80.28529	475000	0.08068586	309.76837	-0.0020373315	-67.47287	8.868656	1.3619725	787.2167718410492
95	-628.1542	60.088066	-546.255	-715.93805	1000.0	-52.482063	6.740138	-10.0355625	-80.32257	480000	0.015906818	382.32416	-0.0019410439	-88.31799	8.799785	1.3607479	795.2115788459778
96	-566.88776	32.62135	-524.40045	-607.9983	1000.0	-54.879475	8.59385	-3.9929283	-80.680725	485000	-0.011411387	309.1135	-0.001564065	-68.3815	8.745416	1.3336227	803.1822872161865
97	-580.9664	46.702896	-515.1349	-658.4602	1000.0	-50.137108	6.0859222	-14.405753	-78.7274	490000	-0.02227003	314.90005	-0.0012643021	-62.703705	8.786403	1.3317939	811.3074243068695
98	-526.659	83.29161	-382.32092	-600.52423	1000.0	-52.37284	7.3542714	-21.991646	-79.932175	495000	0.04745588	308.7664	-0.0019280873	-70.894714	8.854658	1.3754443	819.4013774394989
99	-608.2339	76.308174	-521.509	-751.00073	1000.0	-48.503593	5.23928	0.9494687	-78.493355	500000	-0.007080946	365.61334	-0.0025302032	-101.431946	8.77812	1.3245262	827.4535665512085
100	-582.01355	69.444016	-484.39862	-674.25726	1000.0	-53.094467	7.329789	-20.983013	-81.57416	505000	-0.009420645	241.1066	-0.0016673608	-54.15175	8.800675	1.3310678	836.0486748218536
101	-544.0411	66.091415	-429.44635	-634.38605	1000.0	-52.290413	4.9492135	-34.091164	-81.18828	510000	0.1170729	228.39098	-0.0022583753	-45.96367	8.8624935	1.3976922	844.1410026550293
102	-571.7793	28.760406	-546.4292	-612.04456	1000.0	-49.51178	3.8293066	-19.057446	-77.289	515000	0.08165305	317.2879	-0.0018152595	-72.72705	8.78158	1.32217	851.8296537399292
103	-563.7376	54.232403	-483.3829	-637.94525	1000.0	-53.508213	7.2341943	-8.269886	-81.2054	520000	0.0473544	329.8307	-0.0013582222	-102.45303	8.824552	1.3144113	859.5117552280426
104	-556.98737	77.38885	-426.51648	-645.7798	1000.0	-49.89221	4.46453	-9.132986	-76.30073	525000	0.019719357	279.2549	-0.0016268268	-49.484512	8.856266	1.3716211	867.4666256904602
105	-540.30725	98.70847	-434.45956	-679.9576	1000.0	-50.265606	4.4532027	-7.0609922	-80.65993	530000	-0.0048700045	324.01776	-0.0014674268	-87.50531	8.793411	1.3013712	875.4442732334137
106	-587.5859	50.15357	-511.03366	-669.005	1000.0	-48.826405	5.7597685	-1.315024	-79.701004	535000	-0.003125244	226.06445	-0.0017583619	-67.63513	8.764359	1.2953612	883.5729973316193
107	-523.62286	46.35383	-484.6716	-613.96924	1000.0	-53.383526	5.8906913	-18.155136	-81.65394	540000	0.06522395	287.7777	-0.0019493252	-77.76909	8.842444	1.4079949	891.632247209549
108	-560.2181	12.98088	-545.2922	-578.3882	1000.0	-46.633125	4.085908	-21.091196	-76.73261	545000	0.045933448	202.49153	-0.0018543266	-36.163757	8.7678	1.2805508	899.7578780651093
109	-558.10205	37.769886	-489.16135	-594.44476	1000.0	-51.216476	4.5610986	-22.67704	-80.93202	550000	0.027877191	211.05475	-0.0012616646	-21.756302	8.89319	1.3867975	907.7836790084839
110	-578.4811	25.095707	-554.13837	-621.4305	1000.0	-50.607536	4.680037	-12.080101	-80.08215	555000	0.022035785	210.89375	-0.0017351769	-34.589874	8.828515	1.3607662	916.6280889511108
111	-590.0021	67.858284	-509.63037	-706.9819	1000.0	-51.010048	5.065158	-23.329197	-81.59992	560000	0.06498742	217.5388	-0.0015693903	-29.599731	8.84446	1.3537943	924.717179775238
112	-550.8031	28.066422	-519.3378	-600.5081	1000.0	-52.550293	6.81569	-26.752188	-81.777336	565000	0.09392646	231.30595	-0.0026594028	-44.823303	8.819329	1.3795178	932.8340291976929
113	-557.4428	32.624023	-522.6953	-601.5761	1000.0	-50.086243	5.133752	-24.0783	-79.09808	570000	0.062360045	215.9124	-0.0027227774	-25.27327	8.8413	1.3648252	941.1196200847626
114	-562.9906	17.888474	-530.5964	-579.2349	1000.0	-49.611458	3.8123946	-34.353317	-73.51334	575000	0.019174423	231.62888	-0.0012950916	-23.883652	8.755238	1.3026181	949.6126127243042
115	-518.1348	54.42443	-450.68283	-592.94714	1000.0	-50.69063	4.4563527	-8.643845	-77.321976	580000	0.02254748	250.2267	-0.002098808	-41.24588	8.797747	1.3151736	957.5322711467743
116	-522.6635	48.621456	-477.57626	-614.29663	1000.0	-48.57973	3.4329972	-15.38151	-73.9561	585000	0.013699412	217.61858	-0.002205777	-38.858902	8.779892	1.3786201	965.5465652942657
117	-567.52844	88.5026	-475.88174	-730.10004	1000.0	-47.620956	5.2151923	-18.44149	-77.84338	590000	0.030837195	339.72726	-0.0014643073	-76.40848	8.779328	1.2869533	973.4865245819092
118	-604.6842	48.92121	-557.50726	-688.5004	1000.0	-52.149723	6.3942018	-21.650572	-79.68974	595000	-0.041617353	227.68906	-0.0028364062	-48.566437	8.775695	1.2564248	981.5015449523926
119	-562.57544	57.8624	-511.51135	-669.87006	1000.0	-52.414185	6.1576505	-28.421078	-81.51279	600000	0.04771024	241.6307	-0.0010855086	-39.702347	8.7055	1.2250808	989.3670303821564
120	-518.72925	43.877167	-453.45377	-555.66376	1000.0	-51.110973	6.1174726	7.9217033	-82.171974	605000	-0.034969594	244.30263	-0.0016055815	-70.69194	8.780181	1.3206941	997.7306637763977
121	-579.9268	47.020065	-519.5062	-643.7722	1000.0	-47.45731	4.624372	-13.785186	-78.247086	610000	0.025588721	242.19577	-0.0026422665	-48.54915	8.811541	1.2923381	1005.6829600334167
122	-531.17535	70.88388	-430.27145	-648.2448	1000.0	-50.70449	4.412489	-22.968065	-77.73927	615000	0.023626538	267.83	-0.002200855	-53.739517	8.758743	1.3028	1013.5840668678284
123	-565.11316	32.286217	-515.6365	-615.8097	1000.0	-48.510098	4.366788	-10.959536	-79.99117	620000	-0.008080034	202.6208	-0.0016353382	-27.206528	8.773267	1.3269688	1021.5689105987549
124	-487.31512	59.460827	-426.3165	-587.5016	1000.0	-50.403183	4.78418	3.5649476	-80.078835	625000	0.016337287	258.79736	-0.0024059573	-88.03229	8.760788	1.3192846	1029.7375185489655
125	-524.56616	61.159176	-426.83014	-589.8328	1000.0	-44.601345	6.392273	12.146445	-75.110634	630000	0.03966685	302.46527	-0.0016953833	-83.7717	8.701893	1.2897974	1037.7878332138062
126	-514.3579	41.69441	-458.64996	-572.04	1000.0	-46.588013	5.4177995	-6.6616945	-79.336044	635000	-0.11763966	266.4036	-0.0015594512	-51.16574	8.908202	1.3883972	1045.8615543842316
127	-549.6119	61.909542	-484.5452	-662.6871	1000.0	-47.144703	3.5179226	-10.582919	-73.20265	640000	-0.022246905	320.9239	-0.001881903	-66.803696	8.71046	1.3095738	1053.7491040229797
128	-553.68823	58.1298	-481.6867	-633.77155	1000.0	-49.351017	5.5451097	-16.136997	-80.58826	645000	0.025257012	263.7463	-0.0019133408	-35.401154	8.790402	1.2899033	1061.8024055957794
129	-551.9832	48.922985	-464.6421	-613.4695	1000.0	-50.150867	3.464954	-16.515768	-78.31741	650000	0.041291423	260.58615	-0.0014702268	-28.55777	8.784066	1.2942513	1069.8155007362366
130	-545.0394	42.613735	-471.3848	-599.2425	1000.0	-49.031925	4.367577	-18.190914	-80.19612	655000	0.040667593	202.98787	-0.0012013279	-26.693604	8.819233	1.2915348	1078.5297362804413
131	-559.52673	41.812546	-495.00067	-598.96814	1000.0	-48.704285	4.304897	-13.876741	-81.042305	660000	-0.02699046	254.44182	-0.0017848946	-41.317474	8.817471	1.3066211	1086.6365518569946
132	-559.9043	63.619225	-506.21802	-681.27655	1000.0	-52.070175	4.7735972	-25.088144	-83.38294	665000	-0.005782559	295.9788	-0.0013553742	-52.56064	8.77755	1.2981132	1094.749808549881
133	-521.0797	49.912544	-467.05563	-612.8994	1000.0	-50.806263	7.103802	-15.999652	-83.58067	670000	0.05949465	223.70657	-0.0016318299	-58.187912	8.7853155	1.3799967	1102.7666306495667
134	-557.77765	40.196297	-524.5157	-633.88293	1000.0	-46.766853	5.5388494	-10.047712	-81.74164	675000	-0.009427565	305.12445	-0.0021906542	-69.41971	8.769247	1.2958372	1110.7659301757812
135	-511.70615	33.415947	-455.82352	-546.6067	1000.0	-50.92133	4.885228	-3.3801975	-78.26315	680000	-0.02631012	217.2138	-0.0015579276	-51.68689	8.764834	1.3041247	1118.7096078395844
136	-550.5939	29.709663	-512.9031	-586.9741	1000.0	-46.349464	4.192693	-2.6905742	-73.40468	685000	-0.042620324	230.18707	-0.001707077	-43.07277	8.851015	1.3094225	1126.7362480163574
137	-537.94385	50.671585	-466.0764	-609.53687	1000.0	-50.29814	4.216353	-25.88424	-77.22822	690000	0.05382401	205.3594	-0.00136194	-35.7594	8.817635	1.3251462	1134.756709098816
138	-538.4783	50.496983	-450.35498	-591.085	1000.0	-50.35634	5.830304	-0.07570064	-81.908104	695000	0.058960535	299.0308	-0.0013995618	-66.34427	8.8826	1.4008752	1142.5965287685394
139	-474.17807	24.456062	-437.75983	-504.84665	1000.0	-46.487293	5.362107	17.678812	-82.89887	700000	-0.020563532	215.03415	-0.0016513783	-61.268158	8.782325	1.3585777	1150.470768213272
140	-543.7897	37.32541	-498.94626	-591.36084	1000.0	-43.969345	4.1315665	-2.9799318	-73.94251	705000	-0.048901003	214.153	-0.0013476089	-53.622177	8.778233	1.3298948	1159.128176689148
141	-568.56335	27.719963	-538.907	-615.45526	1000.0	-49.05995	4.536655	-20.68851	-78.60333	710000	0.016076354	191.36705	-0.0016993219	-36.594757	8.798414	1.3057421	1167.130050420761
142	-500.6352	76.05264	-393.8027	-617.64435	1000.0	-50.383114	5.537009	-17.973928	-80.541374	715000	0.10027045	288.9629	-0.0015987456	-68.75044	8.837058	1.3419095	1175.3633954524994
143	-551.68	55.034874	-463.81873	-621.37915	1000.0	-45.59139	4.182989	-18.358295	-73.78599	720000	-0.039075237	241.3186	-0.0018595606	-61.30136	8.7656975	1.2864584	1183.355376958847
144	-558.69574	57.02565	-458.1395	-620.0542	1000.0	-49.8846	5.0427103	-27.728975	-80.64927	725000	-0.08086313	245.09222	-0.0019341782	-30.505249	8.866171	1.3778306	1191.2011785507202
145	-553.2816	40.14387	-496.62033	-613.52124	1000.0	-49.963814	5.6635394	-16.741156	-79.43355	730000	0.059147667	180.2166	-0.002328992	-27.641098	8.804636	1.3137004	1199.1765418052673
146	-544.1691	36.526825	-480.7333	-588.31903	1000.0	-48.58985	6.4350657	-27.052273	-82.49707	735000	-0.016324976	229.54285	-0.0014520716	-56.918854	8.720518	1.2336588	1207.1501059532166
147	-553.45575	95.34932	-415.41403	-700.5417	1000.0	-50.49418	4.48873	-24.817696	-78.08261	740000	-0.022691729	301.2754	-0.0015073996	-66.987015	8.846669	1.3508388	1215.137164592743
148	-548.948	30.1723	-499.55286	-578.04736	1000.0	-48.511246	6.479007	-18.962502	-81.578445	745000	0.09844961	249.54688	-0.001141578	-51.506546	8.777337	1.2927439	1223.0269465446472
149	-541.59064	48.46175	-491.0749	-632.0703	1000.0	-49.570244	5.961013	-18.617609	-79.04566	750000	0.11165099	194.67426	-0.0014968887	-40.71689	8.768392	1.2777355	1231.025601387024
150	-522.6224	33.416573	-473.6955	-564.2177	1000.0	-48.503063	6.4900055	-28.92468	-80.527664	755000	0.089922674	227.4541	-0.0016558245	-47.64818	8.809482	1.3657173	1239.8232011795044
151	-533.8988	98.899185	-408.64877	-712.88776	1000.0	-48.160694	6.436178	-10.098054	-80.85907	760000	0.096236855	414.3112	-0.0013518482	-122.31412	8.793239	1.3833491	1247.8940374851227
152	-542.0897	40.384163	-503.7113	-615.4424	1000.0	-46.58013	7.914052	19.250496	-85.8676	765000	0.030416045	221.56744	-0.002133062	-62.013245	8.791562	1.3148246	1256.531763792038
153	-590.0558	46.982845	-535.40204	-675.5046	1000.0	-49.33991	8.895106	-26.341211	-86.750114	770000	-0.023485169	263.448	-0.0011939146	-59.510254	8.842075	1.3355019	1264.6418452262878
154	-537.3444	36.328648	-484.29446	-572.62524	1000.0	-51.324986	8.92202	-34.932255	-87.87406	775000	-0.036918182	226.29	-0.0016244538	-57.941833	8.769996	1.264875	1272.645577430725
155	-549.25146	37.581974	-482.9124	-596.3433	1000.0	-49.98956	9.359332	-23.5602	-86.333885	780000	-0.06458453	318.0674	-0.0016353801	-103.37471	8.820389	1.3102324	1280.6795506477356
156	-516.0277	43.895424	-439.6482	-560.67487	1000.0	-48.813374	4.116071	-1.4503133	-77.904366	785000	-0.014806827	222.72787	-0.0012765909	-45.571426	8.805427	1.3121662	1288.674829006195
157	-481.15643	34.170105	-423.76877	-518.6642	1000.0	-46.80771	4.260884	2.0540042	-67.88225	790000	0.013903415	225.3448	-0.001739746	-36.91948	8.774174	1.2857047	1296.6360430717468
158	-524.31775	38.788616	-464.4228	-572.78326	1000.0	-44.777313	4.1291857	-6.4345994	-62.648346	795000	0.10718225	244.42097	-0.001709275	-44.480667	8.710103	1.2510922	1304.5341811180115
159	-514.7636	66.535255	-415.5503	-588.9908	1000.0	-47.823986	4.317946	4.772994	-70.51632	800000	0.0994201	241.1925	-0.0022548586	-47.601944	8.812115	1.2845824	1312.5652859210968
160	-515.9164	27.790356	-480.2637	-554.118	1000.0	-46.88329	3.8729115	-24.841019	-77.972664	805000	0.00468313	230.2554	-0.0008861816	-42.513702	8.778514	1.2641506	1321.4229233264923
161	-538.9791	38.362118	-491.1235	-607.7714	1000.0	-46.459763	4.6838317	-24.708422	-77.51131	810000	-0.004207254	219.02232	-0.0012701037	-49.668976	8.850305	1.3398995	1329.8254652023315
162	-538.60504	42.776997	-467.47696	-588.31287	1000.0	-46.707264	5.7052603	-4.539669	-77.91956	815000	-0.02984964	245.2595	-0.002206983	-55.9039	8.818124	1.3207023	1337.9564428329468
163	-531.17444	31.017939	-503.75366	-580.12665	1000.0	-48.022232	5.169927	-18.8011	-80.88847	820000	0.017154455	204.16336	-0.0011899676	-38.461716	8.8284855	1.3089079	1346.0749917030334
164	-527.6817	47.936844	-457.08655	-596.4286	1000.0	-48.195805	4.5789623	-18.441862	-73.56066	825000	0.04314519	212.2342	-0.0018525869	-39.78238	8.787573	1.2784959	1354.1162061691284
165	-550.70056	63.663292	-447.00262	-641.3134	1000.0	-49.601192	5.267957	-18.470587	-80.12233	830000	0.029318882	325.93585	-0.001589438	-93.048904	8.725559	1.2483582	1362.1032674312592
166	-492.3327	51.272404	-432.2727	-566.40564	1000.0	-46.82755	6.5767083	-11.268469	-83.69692	835000	0.065158606	193.02147	-0.0020655543	-49.855286	8.690526	1.2790579	1370.0314815044403
167	-525.21924	53.51315	-449.12326	-579.1057	1000.0	-43.92852	5.453113	-4.631648	-77.12616	840000	-0.046198323	215.7948	-0.0017092153	-45.66977	8.70235	1.2060918	1378.0479409694672
168	-517.17474	11.885234	-497.0879	-532.71	1000.0	-46.44367	4.736572	-21.43969	-78.93184	845000	0.12095139	160.49663	-0.0019629002	-36.547287	8.7883835	1.2970605	1385.9076001644135
169	-541.7895	45.446064	-487.1799	-607.5195	1000.0	-47.73245	4.4740176	-14.329055	-72.60819	850000	-0.0065318663	204.81027	-0.0016828068	-35.27742	8.854175	1.3134973	1394.0055689811707
170	-546.39923	44.49424	-494.0863	-595.0711	1000.0	-48.022297	4.176523	-14.907024	-77.69925	855000	-0.022207754	270.254	-0.002728233	-63.843872	8.795653	1.2697917	1402.901780128479
171	-519.88135	49.208626	-457.55844	-562.685	1000.0	-49.634205	5.511484	-10.292802	-84.58194	860000	-0.012374121	272.08405	-0.0011318251	-63.591568	8.720554	1.2225777	1411.0825321674347
172	-533.2943	46.735348	-455.76224	-583.93384	1000.0	-45.201767	5.7965474	-17.606348	-80.87119	865000	0.010904561	259.96393	-0.0017925054	-66.48695	8.75941	1.235567	1418.9887459278107
173	-533.40607	19.840366	-502.82275	-560.00464	1000.0	-47.605568	3.3364086	-18.281681	-74.36829	870000	-0.0013092621	227.83777	-0.0015666992	-47.414444	8.760693	1.2903742	1426.8102464675903
174	-578.5	87.50593	-447.837	-703.90894	1000.0	-48.499508	5.0808063	-25.710714	-82.61763	875000	0.053673558	365.03738	-0.0017620102	-124.93239	8.87123	1.338679	1434.8769874572754
175	-491.7514	52.45546	-425.17056	-555.8523	1000.0	-48.190193	7.419209	-16.877468	-89.03091	880000	0.021425199	217.27597	-0.0020853523	-71.269455	8.815218	1.3094506	1442.92782664299
176	-537.8752	58.546467	-432.97302	-597.72614	1000.0	-45.269745	5.1046815	-1.3169768	-77.44951	885000	0.05061019	238.96436	-0.0014950521	-58.342377	8.737242	1.2699071	1450.9077742099762
177	-525.03204	90.59308	-426.92792	-678.8615	1000.0	-49.034916	6.116227	2.7401361	-80.68877	890000	0.038921416	333.89215	-0.0017336719	-110.27925	8.732047	1.2279236	1458.8525598049164
178	-515.64197	16.218073	-492.7725	-536.5933	1000.0	-46.40588	6.9998493	11.964519	-84.40764	895000	-0.02872501	269.8915	-0.0015808493	-76.589554	8.778149	1.2693307	1466.7974655628204
179	-499.58466	36.857147	-448.0632	-561.02264	1000.0	-46.31461	4.722268	-22.930458	-81.333466	900000	0.019396963	161.06859	-0.0016550887	-33.939186	8.750762	1.2933236	1474.7730131149292
180	-515.9354	65.10006	-407.9383	-583.67725	1000.0	-45.504215	6.312444	-7.524253	-81.91665	905000	-0.045960914	357.12396	-0.0010013729	-116.86661	8.763627	1.2971345	1483.4881467819214
181	-581.65546	86.83953	-459.12622	-713.7241	1000.0	-46.091496	8.144722	-2.6758428	-86.5793	910000	-0.0588073	433.046	-0.0017824247	-123.7775	8.788327	1.281517	1491.5285680294037
182	-506.49203	69.40457	-422.2944	-601.1892	1000.0	-51.2313	10.031887	-11.818656	-94.11047	915000	-0.0105958525	408.46384	-0.0021320358	-145.6253	8.781013	1.2868031	1499.726152420044
183	-548.8752	64.80256	-471.2191	-654.68024	1000.0	-48.387226	5.752931	11.903269	-93.76511	920000	-0.0022058242	276.62384	-0.0009985017	-62.637985	8.844573	1.3549631	1507.3902587890625
184	-492.3897	29.217686	-445.4487	-534.7425	1000.0	-47.285507	5.600597	-8.298447	-93.41611	925000	-0.06883623	221.17204	-0.0017280951	-54.464325	8.738773	1.2691846	1515.3161339759827
185	-479.74283	52.663887	-422.82187	-549.2453	1000.0	-45.173817	3.8705964	-6.739417	-73.96531	930000	0.021998828	197.87057	-0.0016527846	-34.50502	8.746347	1.2808214	1523.4884986877441
186	-551.80115	46.8509	-475.51138	-616.36884	1000.0	-43.05403	4.70273	15.05067	-81.121124	935000	0.031123905	293.73654	-0.0013066381	-73.45415	8.749454	1.2272711	1531.5296382904053
187	-510.74683	86.622826	-412.54303	-635.1252	1000.0	-48.32219	3.9265792	-17.726921	-88.797714	940000	0.019155068	245.66208	-0.0013339538	-44.636597	8.717575	1.2454463	1538.882496356964
188	-482.84482	65.49193	-381.2011	-546.41174	1000.0	-46.303318	4.5399427	-4.538236	-84.80437	945000	-0.05429914	207.89612	-0.0013259836	-37.850967	8.822603	1.3187702	1546.6935591697693
189	-499.33344	26.190096	-454.62796	-528.2486	1000.0	-45.03162	3.8884718	-20.006868	-86.29939	950000	-0.03575892	226.1169	-0.0014995448	-30.842377	8.717184	1.2771674	1554.7633159160614
190	-573.39307	35.04095	-523.50525	-630.19214	1000.0	-45.5327	4.6932507	-5.310239	-79.44919	955000	-0.0707613	333.38406	-0.001681745	-125.56906	8.727401	1.2393423	1564.0603840351105
191	-484.93866	42.638916	-410.27463	-543.4118	1000.0	-51.268074	8.715232	-23.602829	-92.30255	960000	0.011421045	281.79874	-0.0013357792	-121.840836	8.830925	1.3272654	1572.5001425743103
192	-513.77905	40.25387	-469.13916	-581.9261	1000.0	-43.911114	3.2473242	-24.24446	-66.131905	965000	-0.091657355	243.87234	-0.001508899	-41.80899	8.727751	1.2027485	1580.4658348560333
193	-472.30267	46.03597	-400.3932	-512.64075	1000.0	-46.84321	3.036221	-19.065264	-79.28818	970000	0.08510018	233.24225	-0.0019556284	-48.254868	8.763736	1.2916553	1588.3292906284332
194	-512.44714	40.226017	-465.9974	-570.34955	1000.0	-43.89356	4.5326395	4.3504033	-69.07873	975000	-0.037024353	269.9648	-0.001913067	-57.41617	8.841786	1.327139	1596.1564931869507
195	-493.32123	58.204857	-384.43164	-536.7635	1000.0	-46.371716	3.4780216	-15.481522	-76.04821	980000	0.021488642	289.8487	-0.0017207544	-79.49727	8.787673	1.269185	1604.1245357990265
196	-535.8714	34.804386	-488.44058	-578.1789	1000.0	-46.123096	5.7083936	-0.026010633	-73.05934	985000	-0.021161163	190.85187	-0.0010601133	-39.81044	8.75751	1.2636461	1612.1310484409332
197	-513.0936	65.37278	-414.36588	-592.829	1000.0	-47.38114	4.4729333	-4.1299157	-77.38852	990000	-0.04433403	273.0325	-0.0018987507	-51.432922	8.711618	1.2091105	1620.0266814231873
198	-527.9713	56.105103	-419.07816	-580.59406	1000.0	-48.078037	5.2214637	-7.97546	-82.05107	995000	0.048495695	268.29388	-0.0016025677	-50.735428	8.805064	1.290053	1627.9339847564697
199	-518.1535	44.908	-470.25964	-595.2127	1000.0	-46.171024	4.451508	-12.44216	-75.701515	1000000	0.020241138	206.32605	-0.0021911506	-34.185303	8.75793	1.2164857	1635.9821841716766
200	-382.87335	203.89342	12.237088	-550.12964	817.6	-47.391766	4.639335	-3.5292482	-88.55992	1005000	0.08559945	404.84558	-0.0015544668	-127.60202	8.764027	1.3170469	1645.089143037796
201	-494.4222	61.14472	-397.0635	-560.2861	1000.0	-43.5016	7.8573756	22.993235	-87.80921	1010000	0.043916743	270.71304	-0.0017001368	-83.039764	8.78212	1.3410654	1653.4256105422974
202	-522.006	77.31233	-413.56906	-652.5355	1000.0	-45.023533	7.297555	-3.521978	-86.52095	1015000	0.0010912658	281.01065	-0.0014342528	-65.35541	8.827623	1.3709083	1661.53639626503
203	-528.86664	21.852598	-503.94806	-569.6057	1000.0	-45.141476	5.431935	-24.826376	-85.59259	1020000	0.0016104614	188.39708	-0.0012978698	-26.39589	8.716334	1.2677746	1669.6649322509766
204	-505.0585	56.76794	-445.7682	-597.9265	1000.0	-45.88341	5.3256783	-14.553795	-85.60716	1025000	-0.025622718	184.89114	-0.0021090452	-29.900665	8.70186	1.2122176	1677.5886449813843
205	-539.07025	41.6638	-457.7765	-567.549	1000.0	-47.42602	4.3250313	-18.716837	-80.57418	1030000	-0.07679277	239.03108	-0.0015176907	-38.49408	8.766359	1.2525297	1685.5934534072876
206	-496.50937	23.891695	-464.8682	-532.6955	1000.0	-49.096954	6.4158964	-12.562452	-88.26592	1035000	-0.08499287	295.59714	-0.0014814809	-74.69739	8.649109	1.200109	1693.4019153118134
207	-460.10785	37.82207	-420.7845	-510.96887	1000.0	-44.679676	5.036136	-12.215088	-82.48391	1040000	0.045934416	269.45334	-0.0017027408	-68.82074	8.834583	1.3345615	1701.3390984535217
208	-510.9042	39.47356	-443.16245	-552.4507	1000.0	-43.727882	5.532992	22.30107	-81.16963	1045000	-0.025975617	251.63354	-0.0015478246	-50.019745	8.748855	1.2829447	1709.420231103897
209	-506.37216	70.30461	-381.74228	-599.53	1000.0	-46.961025	5.2401133	-10.052032	-84.737755	1050000	0.023845201	284.27304	-0.0012771729	-62.128387	8.698715	1.2119285	1717.3329000473022
210	-482.7605	29.604437	-429.15005	-513.28284	1000.0	-44.46848	5.618613	7.9080544	-81.847855	1055000	-0.025911603	192.1279	-0.0019986257	-40.12967	8.7227545	1.2480596	1726.2715921401978
211	-553.7874	146.00806	-420.6747	-836.39575	1000.0	-44.60276	6.089319	17.500011	-82.99506	1060000	0.07394308	540.7104	-0.001729235	-177.1818	8.766148	1.2864963	1734.3336746692657
212	-521.9564	27.987915	-477.83673	-560.4	1000.0	-46.397633	9.26078	0.70733523	-91.84928	1065000	-0.007972772	242.13158	-0.0018707737	-56.649002	8.73823	1.2357789	1742.3615093231201
213	-474.24823	71.530495	-364.84518	-579.3624	1000.0	-46.881664	5.135459	-1.6217064	-87.94871	1070000	-0.06173425	269.00195	-0.0019242913	-84.693985	8.811919	1.2770118	1750.3836436271667
214	-509.83417	31.37852	-459.22852	-548.7866	1000.0	-45.047073	5.239431	12.133137	-74.554886	1075000	-0.021851351	246.9904	-0.0018637814	-62.66031	8.800492	1.2912304	1758.4973409175873
215	-517.66974	80.25303	-385.96783	-636.1056	1000.0	-45.236843	5.582077	-16.968998	-81.2862	1080000	0.040170465	250.5615	-0.0024582222	-46.630737	8.7402525	1.2485349	1766.3908619880676
216	-506.83197	56.409855	-444.09055	-605.5158	1000.0	-46.408573	7.0959544	-13.055345	-85.19597	1085000	-0.016480038	279.9013	-0.0019563083	-69.64201	8.736208	1.2716284	1774.165741443634
217	-538.2051	100.4985	-395.1852	-701.14496	1000.0	-45.666653	4.6916146	-18.218987	-87.2455	1090000	-0.046023194	311.6508	-0.0013523921	-63.172516	8.74649	1.248478	1781.9682183265686
218	-404.8335	162.76309	-87.372604	-548.73804	817.8	-48.23854	6.2887855	4.377445	-88.03981	1095000	0.039673716	242.98425	-0.0014325976	-68.79785	8.769689	1.2608709	1789.6614093780518
219	-526.68427	70.55286	-395.78107	-598.54474	1000.0	-45.402237	3.9097342	-11.386754	-89.32315	1100000	-0.015051105	211.21864	-0.0015714774	-36.001755	8.714706	1.250945	1797.5136232376099
220	-485.95792	30.34573	-458.04932	-527.81757	1000.0	-46.628487	4.420945	-9.248036	-82.21425	1105000	0.01733557	206.68683	-0.0018365262	-36.71579	8.788784	1.2912955	1807.5346512794495
221	-486.3811	59.869835	-423.22083	-595.05035	1000.0	-43.408264	3.708896	-0.77354443	-76.17912	1110000	0.040588997	237.76883	-0.001913935	-32.5419	8.746619	1.2863351	1815.397628068924
222	-474.91278	37.288692	-429.58447	-521.3883	1000.0	-44.254055	3.4985235	10.541561	-65.2565	1115000	0.065863974	150.28073	-0.0019824207	-18.3768	8.74076	1.2580533	1823.2493832111359
223	-531.3036	47.160763	-479.15924	-596.2814	1000.0	-44.917168	4.2903104	-7.295597	-74.28409	1120000	-0.022683294	267.2201	-0.0009582639	-49.486862	8.69663	1.2033545	1830.9848141670227
224	-526.5865	28.01041	-481.03125	-566.5709	1000.0	-47.22615	3.5991645	-24.033672	-81.4223	1125000	0.023577051	220.58408	-0.0010654368	-35.134094	8.838754	1.2956935	1838.7979996204376
225	-522.86957	39.15733	-483.12933	-582.47015	1000.0	-47.05416	6.1000857	-25.449982	-81.86506	1130000	0.066193186	242.49245	-0.002119705	-53.256165	8.772989	1.2801926	1846.7041113376617
226	-515.4528	45.15005	-432.57135	-555.3595	1000.0	-45.504524	3.874151	-29.597383	-82.66582	1135000	-0.037545122	169.67747	-0.0012106895	-22.001068	8.795463	1.330975	1854.4653611183167
227	-494.2168	55.670464	-414.5348	-578.03815	1000.0	-46.13872	7.0086446	-29.480389	-88.84736	1140000	0.06202632	267.47586	-0.0016387589	-51.031204	8.746558	1.2575889	1862.3245482444763
228	-486.7569	63.72335	-363.7185	-542.55804	1000.0	-45.186844	4.867899	-17.727877	-82.16647	1145000	-0.018155904	198.90942	-0.0015657321	-30.972473	8.795867	1.3257908	1870.305827140808
229	-533.32587	30.225752	-493.47772	-571.0528	1000.0	-44.264732	5.2095327	-23.783031	-86.52716	1150000	0.0031662842	226.8716	-0.0020413576	-53.817062	8.732927	1.2563803	1878.6620697975159
230	-501.777	56.04619	-446.91605	-584.6545	1000.0	-46.51252	6.9755526	-13.880847	-88.00365	1155000	0.012338381	219.23657	-0.0027995007	-47.66948	8.810352	1.3262229	1887.6512286663055
231	-441.91837	54.44799	-391.1652	-544.20386	1000.0	-44.506836	6.3809853	-17.11718	-79.360214	1160000	-0.0266127	287.33466	-0.0021443274	-98.18021	8.671067	1.2097676	1895.4925832748413
232	-514.5374	49.725895	-430.0928	-570.6786	1000.0	-40.594208	4.0388002	7.6918564	-67.13027	1165000	0.027356684	225.59586	-0.001954304	-65.498276	8.804503	1.2663773	1903.246689081192
233	-489.11133	43.627636	-431.2097	-557.3337	1000.0	-45.745617	4.449071	-25.91639	-81.77513	1170000	-0.02453349	185.17998	-0.0016478095	-32.731308	8.797145	1.317206	1911.0147223472595
234	-511.0569	45.817238	-439.16028	-584.0375	1000.0	-43.783215	4.8565903	-1.3087838	-76.72672	1175000	-0.08117333	216.99628	-0.0013496205	-44.275146	8.763462	1.3312855	1918.3834636211395
235	-463.45175	12.338901	-449.71155	-483.1472	1000.0	-44.57734	4.1606145	-21.784637	-74.84276	1180000	-0.04083009	183.7075	-0.0012195148	-40.65175	8.750309	1.2988538	1925.9176552295685
236	-477.42212	48.12639	-393.9805	-535.8889	1000.0	-41.13998	3.8920302	-1.743293	-69.167	1185000	0.041565366	228.03737	-0.001757592	-41.503754	8.733682	1.2696874	1933.0064733028412
237	-509.33023	64.29339	-429.05905	-581.45734	1000.0	-43.276127	4.0451374	-7.0616703	-70.51011	1190000	-0.044474684	249.72325	-0.0010916851	-65.9823	8.7760515	1.323266	1940.6364583969116
238	-511.60464	38.24413	-461.16257	-554.4787	1000.0	-45.644863	7.1240487	-13.995393	-85.65277	1195000	0.04351232	301.51746	-0.0017528646	-78.06714	8.771425	1.3045504	1948.2334251403809
239	-504.7968	17.728567	-479.86102	-533.21136	1000.0	-47.248463	6.1556473	-6.1459975	-85.021645	1200000	0.015081668	218.17043	-0.0013034269	-49.71251	8.676033	1.2148261	1955.6854150295258
240	-523.2103	42.081947	-451.92923	-578.28656	1000.0	-44.961086	5.03734	-16.432655	-82.55287	1205000	0.018321691	183.44493	-0.0013482161	-33.750504	8.734094	1.2250255	1964.0453536510468
241	-515.2369	45.39418	-443.03076	-569.9181	1000.0	-45.6207	5.4587355	-8.501214	-81.66526	1210000	0.044375397	257.7527	-0.0016491413	-56.707535	8.816932	1.3176303	1971.6788275241852
242	-524.6915	29.686806	-489.48962	-565.7055	1000.0	-46.275284	4.048197	-4.7601953	-71.076416	1215000	0.02141868	170.86295	-0.002383981	-31.458328	8.803116	1.2925154	1979.2666885852814
243	-496.7486	72.88074	-407.4621	-586.2408	1000.0	-47.77964	5.3501754	1.3588272	-79.38504	1220000	0.0015478759	338.36182	-0.0014861679	-89.054535	8.784108	1.302417	1986.5970721244812
244	-525.6875	63.97201	-417.15356	-602.86835	1000.0	-44.24068	6.247079	2.301456	-84.14575	1225000	-0.023140125	274.13116	-0.0014292896	-71.481445	8.740526	1.2479377	1994.1149396896362
245	-501.3714	18.126062	-472.25128	-518.0517	1000.0	-47.314175	6.3855147	-11.971113	-91.01485	1230000	-0.018359369	185.0999	-0.0022051	-47.064957	8.726119	1.2802076	2001.4247369766235
246	-564.9713	59.105778	-496.63953	-634.30365	1000.0	-46.049088	7.3013916	-22.485012	-86.6622	1235000	-0.04952587	344.45163	-0.0018266588	-115.88066	8.714431	1.1828237	2008.8354065418243
247	-511.95898	55.333176	-465.62823	-620.4958	1000.0	-49.661545	10.422034	-27.207783	-94.01503	1240000	0.0019446716	238.82465	-0.0014275329	-55.559998	8.777704	1.2871512	2016.22376704216
248	-521.7351	59.49894	-448.98373	-616.03064	1000.0	-46.46305	9.934138	2.6596587	-89.317154	1245000	-0.0036064116	336.4832	-0.001839397	-107.18059	8.821907	1.2795881	2023.5034708976746
249	-503.90143	18.598778	-479.91656	-535.6614	1000.0	-44.488968	6.178509	-15.807976	-87.91654	1250000	-0.0033164062	198.52603	-0.0009916564	-56.020386	8.728186	1.2006704	2031.7998094558716
